   0.0000000000000000        0.0000000000000000        0.0000000000000000        0.0000000000000000        0.0000000000000000        0.0000000000000000        0.0000000000000000        0.0000000000000000        0.0000000000000000        0.0000000000000000        0.0000000000000000        0.0000000000000000        0.0000000000000000     
   6.6343150194222406E-002  0.23224652354356445        1.3070123150304655E-002   1.3104827897571400E-002   2.7096187373283585E-002   1.7127438896296282E-002   6.6106392974952868E-002   1.2786115634648938E-002  0.56786892555947310       0.17392267938666450        6.0368623322887838E-002   4.3212233233646688E-002   1.4643143078563271E-002
  0.36902700611777045       0.33170028358439513       0.42692057261437755       0.40467260929364252       0.45701838029627317       0.44984252265882552       0.36655012119931973       0.43368237909523277       0.34986620668416202       0.33170028358439513       0.39222964401794469       0.35170902653177788       0.42169352350181416     
   9.5193020850743340E-002  0.33550161406574441        2.6608339907183708E-002   2.6315077041360359E-002   5.2757556477317613E-002   3.4164613461282411E-002  0.13016434087290649        2.5611967963136965E-002  0.70261879678833694       0.25167889156379486       0.10262292366386673        7.8589997682528764E-002   2.9465228303289789E-002
  0.38914396825011976       0.33488673154116272       0.50141691038657021       0.41637493532300240       0.54872468060000734       0.46160000176976557       0.36343424800590973       0.40730189793010574       0.34885260882227648       0.40251008176203446       0.39600232561878035       0.42781331214892254       0.44686396414050145     
  0.11804433789254386       0.39502471735549410        3.9956290231455589E-002   3.9348622686281011E-002   7.4146616707041743E-002   5.0308187382728797E-002  0.18920754371104007        3.8011222852071411E-002  0.73192233425849718       0.29725958918716594       0.13629899409503149       0.10575850705540707        4.5368346225965826E-002
  0.37856335334025965       0.40411546492005729       0.44365532041312533       0.39410713075058301       0.44436634034180800       0.41245853679413358       0.35965794256718819       0.44997350285220655       0.37001936530193741       0.48921356008167627       0.35097530758229689       0.40407076918410573       0.42065030859686126     
  0.13869127376785548       0.43867158189460781        5.3704917526631195E-002   5.1772066158245728E-002   9.6361101720489784E-002   6.6484147797212553E-002  0.23851797001088523        5.0554413072324444E-002  0.75939021088812231       0.33722547415156440       0.16831335778659823       0.13265474029793270        6.1509015991216436E-002
  0.39161904420626908       0.36362051965535930       0.44708754636570258       0.44813389883085064       0.43088253292097833       0.42068375457375284       0.39069843880585692       0.40992687929009619       0.35836279629479606       0.50361802127689148       0.37988707684865114       0.48677298489268389       0.41829314859581790     
  0.15719337906823552       0.46885367552450047        6.6458560858635468E-002   6.3713054297727889E-002  0.11695656820823409        8.2697335264239571E-002  0.28401343460035755        6.4043761911243946E-002  0.78350960153168303       0.35051594281809173       0.19685307710015132       0.16060804574488857        7.8038305399185978E-002
  0.55836496883605113       0.37765929673628584       0.41550225608416330       0.38479226177897585       0.37513731951015522       0.48463047501863166       0.41625718818743990       0.44447787104484732       0.42558540779816240       0.37665246020145882       0.44441541623356978       0.46077642237071648       0.46890203286513038     
  0.17333177802428670       0.49451754935195469        7.9628827970413166E-002   7.6294664367575205E-002  0.13633451276083650        9.8727087631602914E-002  0.31858637521953892        7.6927215541704508E-002  0.80581287338416663       0.36439922100909528       0.21900024522901412       0.18631837638609922        9.4090075903178097E-002
  0.45430173588235223       0.34986620668416202       0.39032086073498434       0.38226137822618550       0.37046242530880114       0.40095536653729813       0.33457554829863217       0.43422698205583221       0.39990100493368375       0.37920518789820135       0.39718510040408400       0.39239672166179917       0.42450507413023986     
  0.18543354947285265       0.51862021370002975        9.3030947440238279E-002   8.9100854471258831E-002  0.15354506460862297       0.11640125238336303       0.35071813841101124        8.8932695700351921E-002  0.81735691759626039       0.37771417964059567       0.24017412582082595       0.20988812756427117       0.10977797281249049     
  0.49333200984078529       0.38354444873443433       0.40756161297424048       0.47729485725707982       0.46668283675944128       0.41092424799089655       0.42540509067576554       0.37070033629597038       0.34370284555690167       0.36862231865801592       0.40296429481494256       0.40145838886586238       0.42533520383278323     
  0.19662204829564242       0.54315567889171323       0.10712568802483829       0.10195864501451106       0.16991169328731620       0.13336958197247922       0.38106282909452455       0.10144312096708352       0.82880681028704151       0.39089997281267569       0.25670142331054263       0.23007162857501784       0.12490256135705195     
  0.39503452118792681       0.39556247323234695       0.44053051051133008       0.35300466401598996       0.39701842023120149       0.43062837533903142       0.39194296527280192       0.41041371555442419       0.41902211782626464       0.37565705700411467       0.44071954998091806       0.37251931628610596       0.50012586243487178     
  0.20780474393360657       0.56572396654976342       0.12123857503843495       0.11510753328618800       0.18606773696962109       0.14773843361142733       0.40414044480807737       0.11456646590294377       0.83930626950905352       0.40297733302719696       0.27246865829746908       0.24895621413604474       0.13808978464416466     
  0.43331258639728193       0.36902700611777045       0.37338355950466395       0.40757354352819991       0.38218765246127429       0.42206176388627442       0.36924550905953835       0.55179115625971453       0.34620292528472396       0.42521838116349492       0.38923716735860936       0.37092610218471334       0.35886664502251481     
  0.21867914992374096       0.58328430909413242       0.13525440083281937       0.12881546079072914       0.20397888282880594       0.16190226397103116       0.42846446658812115       0.12883735741157626       0.84948279651320635       0.41386991079899843       0.28707317701890661       0.26648472694938918       0.15090152968882817     
  0.40462020633541379       0.39831195447793100       0.46523175940214428       0.46797787221868747       0.44618003118713906       0.47899252220696631       0.35361798698533076       0.40511094545232534       0.36393517404850129       0.42030035020738032       0.36923227755141813       0.42830149569140014       0.40350430691078398     
  0.23028704448518908       0.60074768596826233       0.14988736943697523       0.14254060431381113       0.22278361406111891       0.17414817954431902       0.45396760772429567       0.14389060461265102       0.85940822641454917       0.42430776305815815       0.30191973757801854       0.28390181759220384       0.16216831679500468     
  0.42904738541918064       0.42172258415599273       0.41349378458692743       0.39238263947625135       0.41756587621617891       0.41698444831294679       0.39758810972118441       0.43824132502541191       0.42298127425578269       0.38063812623842841       0.46481958843393151       0.43173964370860940       0.43052348265150825     
  0.24152763307499506       0.61807250595971241       0.16409095377098143       0.15570418386695603       0.24012821717595173       0.18664491328146529       0.47471426808207096       0.15729209411644743       0.86800187681964436       0.43372189789663163       0.31873442422894938       0.30195348825410107       0.17205775832444509     
  0.42617343470982649       0.36118880270178166       0.42408746436169414       0.40437449433751921       0.44825832707750196       0.43042306988466561       0.38898287944403459       0.39172097993934518       0.37545189644856442       0.35076328820327757       0.40452532136031966       0.54026926754263715       0.44190856895320646     
  0.25410397092522186       0.63399078063860437       0.17616721156866874       0.16903753539935992       0.25714913499702396       0.19954486589753087       0.49506193731181075       0.17012232459856938       0.87640238380776436       0.44244995490815436       0.33536265568341272       0.32105316106261017       0.18128549444568468     
  0.55146504311772448       0.41663542999601250       0.41615565206365840       0.44015374208154978       0.39628464669770158       0.37225781563188320       0.40663051242141990       0.41806475229606627       0.50406719554840818       0.36136389328116159       0.45956424145589819       0.38674750921374079       0.36456403615840344     
  0.26591689842766292       0.64957905917059922       0.18742788707141517       0.17974447961631321       0.27230174188054118       0.21213761888072347       0.51576426439674017       0.18315948000818183       0.88087666129497100       0.45019390478891447       0.35233634444294926       0.33728003450501104       0.18998416216044040     
  0.44426996084368198       0.42904213982211115       0.41260420864543257       0.35305514576931690       0.38199569088037139       0.36977776932964906       0.37174370584917005       0.34986620668416202       0.35975597610714066       0.40266856265278778       0.42514105568692551       0.42180003336520694       0.40694422513770240     
  0.27797836507940743       0.66378014176516886       0.19816282482639117       0.19109591007723692       0.28772267422729669       0.22427519928143050       0.53365508587404598       0.19631646332282743       0.88498336901467489       0.45792277794516556       0.36880822037603167       0.35286857240526548       0.19965186313895789     
  0.49774909752092295       0.41766519484317272       0.40583065300828336       0.41845904403764189       0.38300871714494339       0.36936544082920075       0.35491495165789688       0.39495480490693385       0.37481249122388266       0.37177137203734734       0.46279345117383985       0.38674191561150917       0.36204761734281082     
  0.28975229814772174       0.67766719278272902       0.20860075757887619       0.20434371838004739       0.30161480926824819       0.23766495424372802       0.55020064384988288       0.20974344920167709       0.88777184587963553       0.46535067860424867       0.38511647237770946       0.36715373422302761       0.20981044739792695     
  0.46498009061565865       0.38118418528584591       0.42628307395353754       0.42019435266715971       0.35478187493694202       0.41944174944635104       0.42459697004036306       0.39656592231684934       0.36168082768543053       0.33992419400876223       0.50962350700040271       0.44025219882997535       0.39396572360108989     
  0.30095224160807144       0.68861373726277852       0.22185226622361812       0.21739897364225746       0.31436830642202307       0.25095566572879974       0.56769401400043251       0.22278318344946549       0.89071091131847102       0.47361635624985721       0.40020953216448590       0.38016203258315129       0.22172221960844696     
  0.38923716735860936       0.44029468902163399       0.45646264668490472       0.37374306764390042       0.48434484940611433       0.36969427331167409       0.38913273589365971       0.39290547469120718       0.36194020671040228       0.38459804688554228       0.40970140228398355       0.41071312580602243       0.37972930562710716     
  0.31267061558975728       0.69928010762405624       0.23635820357597939       0.23019558182172162       0.32620572673511627       0.26622147700247228       0.58446947638481761       0.23529564796757763       0.89363412309834145       0.48307243014889745       0.41438913864808630       0.39227265631686864       0.23414092973839737     
  0.40631512456731028       0.43511809427874792       0.37007286609974843       0.42346479120815100       0.45305295566801934       0.41643913968076701       0.43041043223650804       0.41520713256696579       0.38898931498631317       0.43814718804891933       0.41087463837972305       0.41822649490160485       0.45084265305678500     
  0.32406621454837176       0.70851853717303992       0.25028854740611411       0.24306665464104124       0.33968957023251506       0.28087380426969433       0.60093932292499586       0.24724212283652208       0.89636591075996452       0.49140551392404053       0.42734829418565234       0.40394942614760665       0.24707037964457970     
  0.41802909968899288       0.40602756201674739       0.40646700160239252       0.40720960337320056       0.42238700687348002       0.38669381934088165       0.41596732158857785       0.36902700611777045       0.36902700611777045       0.41055415983567045       0.36575459153885687       0.37474352217834261       0.38540065371827459     
  0.33502197053508692       0.71721527942168417       0.26407033644809996       0.25647457592000250       0.35244882330932537       0.29548956994276449       0.61611347849248788       0.25867823954968788       0.89899636883710976       0.49934231998870610       0.43999944683560505       0.41447178289344994       0.25990115134541913     
  0.44761337336599183       0.35361798698533076       0.40403341289634614       0.35472523233097542       0.34967063308107255       0.49528998383485251       0.40676406206425358       0.35051237591633899       0.34500991193150843       0.44819250285091583       0.42966286146093624       0.39828696493466492       0.48220490127114896     
  0.34552235443703322       0.72548628003376570       0.27766047586728804       0.27057347512442936       0.36404068505133758       0.31012352340701410       0.63017020125312939       0.27360622398524598       0.90163781820572053       0.50730690155075009       0.45303104049310311       0.42670382346688102       0.27344591642744404     
  0.40461281255578030       0.40397119499421436       0.45427179783972210       0.48249532614438018       0.41895152360060200       0.37698917496641970       0.37825291254797255       0.35945160548634281       0.35506022481023991       0.39824545914557935       0.44168225172391790       0.38156730964015911       0.41006741545963077     
  0.35586118950892570       0.73330791616506552       0.29145091235410914       0.28449608525553499       0.37652989767132938       0.32367745937269005       0.64295908853830064       0.28901061692416757       0.90440045683032444       0.51493158715468301       0.46603044960830359       0.43869841396094933       0.28702743799041613     
  0.45848021875746259       0.35330105569655668       0.39667570659220375       0.36505110875991897       0.33170028358439513       0.37677153622449994       0.37021473727817816       0.43947791729093522       0.36902700611777045       0.39196093792128384       0.40196488417262388       0.42457928490847108       0.46086101477391006     
  0.36621287437005767       0.74081430187275588       0.30481469695034924       0.29794689247647682       0.38927047894616895       0.33818603454131207       0.65558483209985852       0.30236884366788924       0.90787664562970527       0.52246807417676966       0.48033120812211916       0.45103225294311444       0.29988882627631025     
  0.44025373394627426       0.36664220949770043       0.41995263449535403       0.43782004390834733       0.39147854550282030       0.43512635144472317       0.39104180173556768       0.45142941581905288       0.34986620668416202       0.42470953700756731       0.42466342107890581       0.39277134669273817       0.43354467369641353     
  0.37638119142413506       0.74871210294910528       0.31747551816763114       0.31094216729175989       0.40376608822615795       0.35463408122853834       0.66633424051717793       0.31637217496153436       0.91205215321379163       0.52993756083453969       0.49408269912559383       0.46293165061090730       0.31309944774028187     
  0.43776313615046591       0.35936649411639376       0.37871555338862584       0.38007795756439511       0.41120958940978014       0.45675442545953143       0.38923716735860936       0.37677153622449994       0.45886696447099151       0.37455459575054556       0.44177914276036367       0.36447391937968637       0.35481024058353905     
  0.38584026687628037       0.75664653542517202       0.32894384591501535       0.32527914396287455       0.41810602433233313       0.37032108690093274       0.67716814556006100       0.33227315329778556       0.91584858373476141       0.53787671780577584       0.51019071665913962       0.47408113823036352       0.32655279493262163     
  0.46519543237745775       0.42168244515649561       0.40639250903415358       0.39740887620158966       0.47998103617939908       0.44316398476709223       0.41055415983567045       0.50964947480583966       0.36902700611777045       0.39497726846961695       0.48223673534809980       0.41738966840758379       0.44129650824061778     
  0.39356965363861968       0.76508159881994253       0.34060509906649827       0.33920866975912778       0.43229444218969726       0.38549683250773720       0.68911228358622312       0.34667345670818683       0.91940703030519111       0.54530038519267587       0.52593021086830583       0.48443425340638741       0.34033797880378758     
  0.43553666119421014       0.40302482156572556       0.44555574788397001       0.41732901777004894       0.40007469303295717       0.43384359703072650       0.39931730809088506       0.38369541798786372       0.39679796278458357       0.44418169971272703       0.44085212210408115       0.36684763483951238       0.37458244400794038     
  0.40144944056635312       0.77309744378590539       0.35396015738717507       0.35591462998796214       0.44667033935741712       0.40032999968710453       0.70090646866722461       0.35921459619330548       0.92279008003494789       0.55256909543226806       0.54293300036740633       0.49407551017331247       0.35419240309587524     
  0.38670727512360797       0.42592809139515037       0.47257631287319202       0.40482304830220844       0.42504128307087669       0.41361127114453605       0.41055415983567045       0.47197267379435964       0.41221372024147657       0.44658761760803689       0.45123350961145736       0.41176334541123161       0.46339592369253352     
  0.40928785666681744       0.78088595976331499       0.36696790682871111       0.37213469122119985       0.46198958598580842       0.41458302521877616       0.71336649122266871       0.37221413599625741       0.92600781455051928       0.55921331163548937       0.56041959317779177       0.50621495602822786       0.36795279794081714     
  0.40271294065448854       0.40037139318666243       0.40596998374223514       0.43559160952751314       0.46227433788097116       0.47354381201182139       0.41247035512275554       0.43189989609647211       0.40474247014061748       0.43111234090647826       0.42549274518373875       0.42609375529584670       0.35187536301763778     
  0.41723339488232769       0.78876133183662167       0.37907445619393865       0.38821114410918212       0.47807605610368442       0.42808323966013895       0.72486860746492043       0.38542075805447468       0.92935750242512016       0.56701309210946571       0.57633950177425197       0.51886524634491138       0.38240696367731802     
  0.38802331805454049       0.46138526477849745       0.37993167044332549       0.47742361520739285       0.48550060673734291       0.41582951835851467       0.49841833229419397       0.35727389688516858       0.37352172258721372       0.39054675100802722       0.50128071772693672       0.37708760711520822       0.41177366343726796     
  0.42561875389198417       0.79651678854026620       0.39200842493008109       0.40396130581654721       0.49479220967522547       0.44120297293172583       0.73791760525638872       0.39919840401233336       0.93261307824031814       0.57550387419128801       0.59165592233252162       0.53066777925526110       0.39700923741347854     
  0.44819642475865001       0.40506325547262884       0.44510338284292750       0.46016898253271571       0.47388111728057641       0.45755412001390522       0.50210494020175711       0.44674267182765048       0.41081265032855485       0.43549119070343834       0.53554311544892119       0.37896686020066556       0.45211094691806003     
  0.43433749125305299       0.80367306201617017       0.40474897515864200       0.41989367263536947       0.51124242858844560       0.45352772013164827       0.75050268708508705       0.41304555238189994       0.93588623378556501       0.58407692170465120       0.60618101172745975       0.54211402267345010       0.41054772519805310     
  0.44686356778496816       0.51960872360963528       0.36221025110322413       0.47109520149441841       0.44713364346408618       0.41633456436896077       0.49159478376195598       0.43341493438253414       0.47004215982496056       0.51956107164603571       0.45523026805818378       0.38686764227712145       0.37828364351913479     
  0.44306428231899764       0.81038964540639646       0.41870510763033980       0.43591961930647161       0.52799321451683912       0.46572465559664988       0.76324958857502623       0.42912425954730576       0.93865838986609063       0.59382592304777726       0.62008872556846550       0.55580914718590435       0.42435661178621070     
  0.43669294544416498       0.42679432270990780       0.43221590683750283       0.41837187229717893       0.46730951945649962       0.39854013437387653       0.45091113679921013       0.47110772962182090       0.45040297926976436       0.48970080284826506       0.42616188187336945       0.42811794624422178       0.49710952522585894     
  0.45265800290396724       0.81681694723842935       0.43297869992334842       0.45069125153578621       0.54462966127789958       0.47744879258512629       0.77609975281580790       0.44511061564671489       0.94133296582714876       0.60353192113187926       0.63399040445605159       0.56934049662481445       0.43784849595213488     
  0.41764976188512160       0.39735646600923713       0.43272980918775900       0.42110148495212474       0.39849269651781216       0.40231775542483594       0.51435021730882513       0.44333758320979605       0.44847200674674970       0.51826109707717227       0.43922898055827514       0.42727219733322608       0.44716277044814240     
  0.46376139954406193       0.82288808413943604       0.44735361116453981       0.46591468314852158       0.56264290131231898       0.48966326819550599       0.78817823159754108       0.46374769436162855       0.94391562974360033       0.61234939982921432       0.64748742309357110       0.58631742319521962       0.45233952991993309     
  0.48274098750748584       0.39603849387855478       0.36548095817806703       0.39189760179996308       0.45293542450623864       0.45281298202613085       0.45363374052163469       0.42172772710517570       0.36218780714903781       0.47277588225223199       0.41669251590641082       0.54074245923185393       0.40268697716898816     
  0.47468931760941785       0.82935259134508443       0.46363810899520436       0.48415090461799765       0.58216255828752139       0.50956776839218965       0.79875023659460331       0.48234884559789853       0.94648557299332481       0.62129843884386826       0.66101304294558527       0.60313008385403832       0.46824517649248532     
  0.43742657144697489       0.37455632149695006       0.38533934023088046       0.46955727650696560       0.58376959252741045       0.44301565782769670       0.48057067187575098       0.41431944194181758       0.41893456479604985       0.49129691259388247       0.45764685786190912       0.44944790063765871       0.37787289893836978     
  0.48569938551420938       0.83612991136976622       0.47961941338649167       0.50107467083979162       0.60056990447878877       0.52768431645086133       0.80978191866515614       0.50033828078008946       0.94904876131731941       0.63008693047821496       0.67434979430728714       0.61455962523802177       0.48355276944028097     
  0.47850897662037001       0.43902968215251886       0.40336073534591116       0.44895624022286357       0.51503075382144625       0.49075430995865671       0.51415554625415205       0.43765833432948831       0.48081835670763745       0.48801806274802395       0.44707591388483586       0.39360474782276561       0.36012182817922977     
  0.49607871748297622       0.84268959139760158       0.49468721781900621       0.51972370293706338       0.61640964745167037       0.54375129598562455       0.81971221764617119       0.51789595618274331       0.95134752433217440       0.63828714155624244       0.68805199212763735       0.62598867871951513       0.49817899768047025     
  0.42801257796867209       0.39223431245391444       0.44073088703715979       0.43948867336962694       0.41588121070684864       0.42607068350140603       0.48644691947856661       0.46649597626543532       0.43113227006093502       0.42658903013422544       0.40783040224562456       0.39599068138759291       0.40915107015173990     
  0.50539153965678019       0.84898301283673361       0.51072641169977606       0.53865375945033589       0.63274107740484975       0.55954357121716392       0.82973965002470462       0.53482224016302482       0.95364771829833961       0.64614499117889002       0.70251113460921855       0.63952724430714358       0.51434898739759183     
  0.44464413371265188       0.45754249934137314       0.40923577573759501       0.49002185515422164       0.40442259760140437       0.43665593808160702       0.58058405544393243       0.44329022656567191       0.41451814268219450       0.49249629436733344       0.45995355094853296       0.46800647696808451       0.42366143186857425     
  0.51488242701201725       0.85525423461882366       0.52605562835496322       0.55729560117301935       0.64833228448880476       0.57839930904540637       0.83887361868310539       0.55074802505587861       0.95578266030925030       0.65398593109978065       0.71685657412447024       0.65252534497672310       0.53193878808843631     
  0.38516378885329233       0.37336696680651338       0.47029432904385193       0.55400728806208244       0.47263255059322784       0.42940958106069160       0.47058060384843076       0.42461514245398108       0.42814177424357741       0.44792190326510722       0.42579102787356737       0.45752421877177840       0.46126642012690094     
  0.52512674249239266       0.86177592717991602       0.54058013544432160       0.57591026595510553       0.66383341932328455       0.59908085629652830       0.84783228013376699       0.56615332738830193       0.95788121903605761       0.66183420619508138       0.73094979848361907       0.66767421702125174       0.55020750013497544     
  0.41354551492675440       0.46552248700857107       0.53877140720674299       0.44780227775133047       0.43181603392243834       0.46824843214735418       0.44157348516417200       0.42324629228795868       0.38886058810290758       0.42473902837781546       0.47501315901085883       0.42241426706184387       0.48778851488922575     
  0.53506976596401734       0.86824103562629795       0.55458959496050297       0.59536489159557249       0.67897644201851837       0.61894994629078559       0.85670167864958457       0.58288890652854397       0.95992135954281799       0.66985977598709312       0.74525908010566377       0.68385499959318108       0.56987706236633540     
  0.37890187256194757       0.41523115680862882       0.43536621652188062       0.46225222234413199       0.48582073616135873       0.50571242269939831       0.46866420731001418       0.40419101064660445       0.40614761787148618       0.46051183682168034       0.45244999589430973       0.52274749696398515       0.43446011302042131     
  0.54455046113543726       0.87490995592989884       0.56854630883097701       0.61372356826080743       0.69422739837902769       0.63764522226932141       0.86425479938051730       0.59920743701588586       0.96182884613819986       0.67783519688601890       0.75530810504415924       0.69874508517179013       0.58958423695808793     
  0.43265787729440691       0.46573701862213845       0.40494141832990288       0.46578331638905246       0.40964434938150068       0.47911828182266020       0.41099269351540141       0.46478753638408388       0.47106866260675578       0.42802163838421159       0.41250867485603082       0.43309967946831934       0.49819543027431512     
  0.55407469877782256       0.88145226664095555       0.58587555827792481       0.63127961501309282       0.70858446034999067       0.65497901356572930       0.87281454551319004       0.61741948360132093       0.96374889790971208       0.68573915203996916       0.76593618170469435       0.71231290963567162       0.60871066166627186     
  0.35498876957269221       0.43313956205922044       0.41952392219437862       0.42560775191520306       0.44850990389752005       0.44397113170641445       0.50063100354853929       0.45018452206915982       0.44475065929630142       0.47929438639508465       0.38725383832210336       0.56768190062955171       0.39006294725668844     
  0.56480829629759355       0.88764520137241754       0.60258568469654505       0.65146825533762642       0.72243682977135326       0.66973503543512747       0.88035022073776781       0.63658561439064409       0.96583541536787976       0.69359504016608864       0.77463994613449150       0.72695512176302379       0.62779589562820770     
  0.41162380462121767       0.42672650754114988       0.51112308444799059       0.46285964587325601       0.38249768216501617       0.37440833854425032       0.50133120059927860       0.47258439783387302       0.48602046354193923       0.52969099984310553       0.46814121014218124       0.41861827047024064       0.44490335536670567     
  0.57588300901014911       0.89357859213817925       0.61957898032868486       0.67142431280874448       0.73597123867533787       0.68479749596631734       0.88743666995809201       0.65691612448269843       0.96796703563095421       0.70152335153337120       0.78303445036134545       0.74276153827407609       0.64480868681741743     
  0.40704437305293029       0.47508097807966077       0.42345149556303008       0.50965488801250991       0.42691539579235804       0.40307050160654184       0.47522890968284681       0.51070196064554274       0.55703908293990989       0.50888846814678190       0.37997085653154222       0.43817203422975659       0.47746371345211858     
  0.58791998152031866       0.89961951887642866       0.63652894114370140       0.69069616713255766       0.74922923368976957       0.69915735332820739       0.89412606914926585       0.67839506399690042       0.96996843547353562       0.70936495379289422       0.79415222629691529       0.75817932248004771       0.66184153607449869     
  0.46577557060481245       0.43353099234256004       0.43608418814198890       0.51201141352117063       0.41238542125016131       0.43810196084074737       0.43216239134029694       0.40872048969906322       0.57080795283981722       0.42679383962226086       0.43407177729535829       0.47169605059150671       0.41882194845018289     
  0.60014731604077931       0.90488786282863543       0.65497627794012803       0.70977447407161443       0.76335055106862226       0.71336232202187988       0.89997953169763689       0.69851137825793796       0.97169058465724545       0.71696613392376085       0.80434316347354140       0.77381201898247276       0.68352418260547665     
  0.46925425020819761       0.43518166700691124       0.49207363535618370       0.53949387268635118       0.44708686261136432       0.45223285299679267       0.40883758120018077       0.50455440206802438       0.52303905481551105       0.44470782205263343       0.49126612734817265       0.42280767855537443       0.43580805530912387     
  0.61341917639632404       0.91014224187786530       0.67333294125239618       0.72944503995905186       0.77848906867827039       0.72652278474764043       0.90613702140796915       0.71593058715747693       0.97336274543991685       0.72549822701440980       0.81599686511208647       0.78972548962974876       0.70447177359181568     
  0.49560736534798816       0.50167208178323808       0.44765928396850385       0.47893842180671437       0.49262932932963416       0.38594554985595286       0.42530366583666368       0.45571162883416200       0.51714851342487933       0.46723824591676888       0.45051090004998179       0.47164502711289408       0.46717185358929203     
  0.62703349719600121       0.91495479444914352       0.69095425296463275       0.75053141628107223       0.79298906405732894       0.73923351728492481       0.91251076469348946       0.73186016579169311       0.97490237832472937       0.73366501978556931       0.82645738821073611       0.80394672195861427       0.72291614935303905     
  0.41704226346024276       0.41175175137356157       0.47211592139612746       0.49788910109838386       0.40690831022186202       0.42593194714368610       0.48245939564949714       0.41763187818175362       0.38833715051049000       0.42691891528388071       0.40314090527887397       0.50119549813793485       0.53029663855088927     
  0.64153926082843182       0.91942073976862360       0.70818206485379387       0.77255895084863913       0.80656228499262150       0.75177179468874167       0.91861901225546017       0.74430011333535229       0.97637387742829906       0.74294635786821517       0.83737146409121255       0.81766044742473176       0.73939668435655603     
  0.42576406018657337       0.47745539994445391       0.41796470449721052       0.52352019802141858       0.39014702584783045       0.42565074803979380       0.41823222003427823       0.46590078408734414       0.51353939558736017       0.45722327426200476       0.54398993808805418       0.57928958792991581       0.45417249341541399     
  0.65708085570431130       0.92395316549704465       0.72580481685468612       0.79106350480229426       0.82022426515191305       0.76495357285693599       0.92437172924386635       0.75864264427518868       0.97782803189207690       0.75247708329101970       0.84811566515985037       0.83205158149851310       0.75627693032687893     
  0.43290781074018919       0.49562974471589716       0.39468756818992740       0.46577486817160002       0.44261543114994278       0.43350866490657258       0.44800362209730071       0.38210964716539991       0.52844996215210960       0.43483059736767998       0.45187723559670001       0.44977060659299212       0.39952874126653948     
  0.67288879897606102       0.92898796679973383       0.74467363604250081       0.80976686148071486       0.83316310834553009       0.77763278697646154       0.93023560960451279       0.77658352597954083       0.97927470795523519       0.76147812049846886       0.85886977898759331       0.84682526810339942       0.77278216097578234     
  0.50737367457004912       0.58151039353016987       0.48632872346178352       0.48341956794596364       0.50941206856227605       0.42714364950250927       0.42957528933938427       0.43275958160848438       0.46856279492533554       0.50270788407339662       0.42652261707384193       0.46159288519387109       0.47053568517598282     
  0.69046374559504309       0.93403388335312332       0.76458479084522835       0.82435813770355593       0.84518217762982017       0.79299990894551775       0.93644416720450296       0.79457723342514641       0.98075986414332816       0.76897179047030340       0.86975921863759487       0.86138328636098060       0.78900381420981891     
  0.47831177983466711       0.54485318930726434       0.40434989653586445       0.43669823738602809       0.44211322385208052       0.44959515379652648       0.54318468745766113       0.54833519375311368       0.48774454098845327       0.48399016784966686       0.48203359625961750       0.51987193673123855       0.51992651774836052     
  0.70788554450952634       0.93935461866958037       0.78475808609933384       0.83896206709184429       0.85738486890356391       0.80885818211859051       0.94302681653968778       0.81218986932187609       0.98232569654905788       0.77730689794860430       0.88197143728656946       0.87573524963835225       0.80737440546871941     
  0.47384060070942585       0.53859801558416065       0.50335285900539239       0.43633213361616185       0.40564385083903010       0.45121159786600712       0.49555318198120968       0.41965008155870021       0.54005284157515088       0.47165879467868477       0.44584700172389691       0.41453905263151114       0.50635530166686360     
  0.72527052136665660       0.94483500161687362       0.80673462446373956       0.85405604847904038       0.86915874498369750       0.82623514697943656       0.94951015813363560       0.82937599346742985       0.98385047318233354       0.78574719086399725       0.89438373587120024       0.88971239018905546       0.82574668325748346     
  0.41380746518854938       0.63164064553497357       0.49677430403598893       0.41963239602691427       0.40255560222946490       0.38837368492186169       0.57095822362673132       0.47914827388662751       0.43815028817475254       0.45469287302640782       0.41456123692592600       0.44482638169449301       0.48297862003369441     
  0.74221992953656934       0.95030922496469794       0.82491651912670383       0.86979268960841782       0.88142677316686013       0.84394365779424896       0.95528838123117343       0.84805653578812579       0.98536352354304957       0.79418962756012312       0.90721731080110468       0.90126859016356087       0.84797507933683891     
  0.39235754605182166       0.56453423342534292       0.47230901289706695       0.43010541236069993       0.38435180277555464       0.44588015616016474       0.45522326549315906       0.44361155850200212       0.60974906213010893       0.38065643031191293       0.47190400103567048       0.42009017373425772       0.48438288506708804     
  0.76216507847295578       0.95620090090768506       0.84354332662567411       0.88585428435864788       0.89381199373823339       0.86105941198615821       0.96124129071739239       0.86621956649965803       0.98686953860172621       0.80377598836085695       0.92089403761573208       0.91323282050297216       0.87001869175961588     
  0.44448222362704959       0.46909378295975257       0.52049813710686677       0.44162286149881230       0.42411173856604634       0.49720034334473490       0.46788715997750380       0.47257009594156596       0.55002695627960951       0.49687964726163891       0.45182874602603162       0.47422587696715951       0.46983526035816647     
  0.78386117086126994       0.96209081572113320       0.86244024411519216       0.90162487133562896       0.90692436965499112       0.87877145077136443       0.96636372836693540       0.88615069295258897       0.98834821877715007       0.81317280740264086       0.93359863228293982       0.92478856813422150       0.89069859742568380     
  0.43220783832791981       0.56982652101668496       0.42795965980573214       0.38791069336194856       0.44191650825920908       0.45042901242998667       0.41428399137545086       0.49400835325114739       0.55449288046927248       0.46898928192125683       0.40848920317483289       0.42647127902388166       0.49064384261993643     
  0.80705656528075143       0.96773042938548903       0.88198933230731058       0.91787730812646107       0.92096647138765686       0.89724413177635576       0.97136672613098340       0.90540407669920397       0.98977313918270804       0.82553470947880858       0.94471814815000688       0.93612464253601102       0.91107143695473869     
  0.44881427809811641       0.53703135752833331       0.43136667062671458       0.39582275040728659       0.46337682361345517       0.44467718962011127       0.50962688059829864       0.51090116969771493       0.45437543556410631       0.42382166588799480       0.45511852480606391       0.48354583319073569       0.49578149368915747     
  0.83325378618337120       0.97281161359913759       0.90272445335057916       0.93440839634355499       0.93559771886331056       0.91669608924857071       0.97735877254117942       0.92433668191223473       0.99132167617892486       0.83963231902743696       0.95558427677327251       0.94783504292363507       0.93044525589727578     
  0.47797223260407601       0.57676932474794174       0.46019281567089210       0.46745776462919109       0.50564298280368036       0.45016227478697279       0.42137034163156556       0.40028792259409551       0.67173741127021680       0.45533734871393122       0.41822297925546731       0.40701190955737726       0.40248435643673880     
  0.86190124850208383       0.97802241745086238       0.92402955893612648       0.95186240422030477       0.95041015877899493       0.93693316645901603       0.98332822214276583       0.94343522859305196       0.99293732470237417       0.85735284276893808       0.96375551997607201       0.95994026080497374       0.94847848937788282     
  0.47294517224584942       0.53811269096382397       0.45098818229608001       0.42473812146928186       0.43223940552940360       0.47610747666516029       0.44390167618410892       0.52869060375102839       0.60239570176731916       0.48947169295870674       0.39350667824616065       0.50756872616978710       0.47904704986750424     
  0.89590077463157436       0.98462974499244282       0.94632595442035472       0.96954872628179090       0.96657325690966389       0.95770972760639939       0.98904644736995151       0.96255382351607222       0.99483217701602245       0.88029583986674309       0.97298006145441551       0.97236355515230144       0.96608230049100285     
  0.40787143285164701       0.60149660789819837       0.42484779158446601       0.41104644488794595       0.52974805115259849       0.52492433468877375       0.45851408870341664       0.44997510400317381       0.52753049540834485       0.51755571190363625       0.44952082664127069       0.44693695239071218       0.52678084737080833     
  0.93984880747988353       0.99230432268345814       0.97200551139841873       0.98504401126789809       0.98357005450831203       0.97882087959569963       0.99454005560012881       0.98069835897112512       0.99733183369697997       0.92826326535352011       0.98677008913791042       0.98618085169635006       0.98325400812389563     
  0.47512131113788292       0.53158000620712709       0.54496566583484740       0.37165930102199141       0.46711833465098584       0.56671152723972273       0.40057318108029782       0.46116923526604198       0.59802164875822073       0.47495390527219644       0.45719626867570368       0.53157026814547081       0.43227068850639594     
   1.0000000000000000        1.0000000000000000        1.0000000000000000        1.0000000000000000        1.0000000000000000        1.0000000000000000        1.0000000000000000        1.0000000000000000        1.0000000000000000        1.0000000000000000        1.0000000000000000        1.0000000000000000        1.0000000000000000     
  0.34986620668416202       0.39127665945999812       0.47062072291925477       0.48636774343080130       0.45224204648613731       0.42511793883299259       0.55445630378902155       0.45001972802360757       0.44686396414050145       0.35740114677206319       0.41398441745100201       0.47156917617892724       0.38021270517939160     
   5.4029300547792039        4.0795736877510516        5.6391473303269697        8.4465429652485753        9.9551234091443668        6.5450944431154534        8.9787692413442670        8.3262348327894955        0.0000000000000000        7.1050665465692608        7.9468903461418812        9.3052814357876326        8.6013838302021099     
   8.6831961030879494        10.082910530949301        6.7603705035817105        8.1035164003932003        11.327032645601230        9.6114752626772724        8.1916358044881505        6.4029894276397084        0.0000000000000000        9.0130031562542712        9.0656993591024371        7.8784973786624635        10.480056690637577     
   9.3703279357145846        8.7602585097487484        8.7014798411600598        10.037107452785968        10.859177158864245        7.9544729847116145        6.8969325275076656        11.582508813755405        11.711063738358675        9.1829893653206369        6.9039152427929942        8.4328593588509069        9.2888062720585935     
   7.3287999804425263        12.055082489231536        8.5624738638329969        8.7496766311853804        9.3046559323280871        9.4197555544141416        9.3310434537702314        7.0763284428211346        10.123089951184626        9.1560706992511083        9.2718925597451278        10.537243638472548        8.1888715983089870     
   9.1972320619887213        10.123201707956207        9.5521309308793896        9.2977939822505249        9.4712686140320521        8.6256632491671770        8.3382709271713367        8.6017941394219246        10.176406963910212        7.5412453443828209        9.4011178318580715        7.3012756043646894        7.1275153747269666     
   9.7860050456618541        9.5364320432169176        8.1781902512607072        8.8426723686399900        8.8169116135815049        7.5585208043550312        6.9464328735652350        9.7793013346507625        11.864963512146680        9.1800668453871186        9.7404663241866043        8.4445064502743694        9.8700766853988231     
   9.2499979933690906        8.9380632876902713        11.230228633851286        7.2326245628589829        7.2132287736340599        10.242396669408732        8.4594472374068950        8.6251423602724557        11.410396362327033        8.2022592379404653        7.2199270732377121        8.3050726770027765        8.1758573283963951     
   5.3593111036533836        6.3319625676920168        10.201943062202442        8.8338151372022971        5.5184020524074269        8.6605566556603364        8.8379823629763816        9.4258125340949181        7.9376814866888692        8.0319218337550922        8.8518949421045168        8.2596401674332700        8.9775684393963679     
   5.3821435857057789E-007
           1           1           1           1           1           1           1           1           1           1           1           1           1
   5.6713132251575280E-007   4.7975380334751186E-007  -1.7215426964765608E-009   7.9443577917068788        5.7077334186913577E-009   1.7259299435446618E-011
   1.1442151420005910E-008   1.1265192155846893E-008   7.1370580549332921E-010  0.23292548364565163        7.1334371787004329E-010   2.1571983963500381E-012
   5.0000000000000001E-003   8.5573173400405107     
