     
 Soft #          21
 ME*wgt:
   1.0051591281635424        1.0159480842158161E-012   1.0107335801366950E-012
  0.99999475492494261        1.0107282787632042E-012   1.0107335801366950E-012
  0.99999467537042130        1.0107281983547780E-012   1.0107335801366950E-012
  0.99999941940434245        1.0107329933091674E-012   1.0107335801366950E-012
  0.99999993876841498        1.0107335182478758E-012   1.0107335801366950E-012
   1.0000000613065301        1.0107336421012636E-012   1.0107335801366950E-012
   1.0000015891048311        1.0107351862983102E-012   1.0107335801366950E-012
   1.0000074393074487        1.0107410992945464E-012   1.0107335801366950E-012
   1.0000000005030043        1.0107335806450983E-012   1.0107335801366950E-012
   1.0000000000503007        1.0107335801875355E-012   1.0107335801366950E-012
 wgt:
   1.1111111111111112        2.7035400433486222E-004   2.4331860390137597E-004
   1.0101010101010102        2.4577636757714744E-004   2.4331860390137597E-004
   1.0010010010010011        2.4356216606744344E-004   2.4331860390137597E-004
   1.0001000100010002        2.4334293819519551E-004   2.4331860390137597E-004
   1.0000100001000010        2.4332103711174709E-004   2.4331860390137597E-004
   1.0000010000009998        2.4331884722022317E-004   2.4331860390137597E-004
   1.0000001000000098        2.4331862823323878E-004   2.4331860390137597E-004
   1.0000000100000004        2.4331860633456208E-004   2.4331860390137597E-004
   1.0000000009999999        2.4331860414469455E-004   2.4331860390137597E-004
   1.0000000001000000        2.4331860392570785E-004   2.4331860390137597E-004
     
 Soft #          49
 ME*wgt:
   1.0054129328065642        3.3334361103461681E-012   3.3154895879855395E-012
   1.0000436512379680        3.3156343132105249E-012   3.3154895879855395E-012
  0.99999983008818238        3.3154890246446773E-012   3.3154895879855395E-012
  0.99999993806272303        3.3154893826331424E-012   3.3154895879855395E-012
  0.99999999305439791        3.3154895649574682E-012   3.3154895879855395E-012
   1.0000000001944911        3.3154895886303728E-012   3.3154895879855395E-012
   1.0000000580756394        3.3154897805347171E-012   3.3154895879855395E-012
  0.99999952710217821        3.3154880200977352E-012   3.3154895879855395E-012
   1.0000000005063403        3.3154895896643054E-012   3.3154895879855395E-012
   1.0000000000506344        3.3154895881534172E-012   3.3154895879855395E-012
 wgt:
   1.1111111111111114        5.6027913284473554E-004   5.0425121956026184E-004
   1.0101010101010102        5.0934466622248669E-004   5.0425121956026184E-004
   1.0010010010010013        5.0475597553579783E-004   5.0425121956026184E-004
   1.0001000100010005        5.0430164972523452E-004   5.0425121956026184E-004
   1.0000100001000012        5.0425626212288320E-004   5.0425121956026184E-004
   1.0000010000010000        5.0425172381198566E-004   5.0425121956026184E-004
   1.0000001000000101        5.0425126998538891E-004   5.0425121956026184E-004
   1.0000000100000004        5.0425122460277425E-004   5.0425121956026184E-004
   1.0000000010000001        5.0425122006451310E-004   5.0425121956026184E-004
   1.0000000001000000        5.0425121961068700E-004   5.0425121956026184E-004
     
 Soft #          68
 ME*wgt:
   1.0169911106394152        3.3773893395291011E-011   3.3209624982912857E-011
   1.0002182362261303        3.3216872526140333E-011   3.3209624982912857E-011
  0.99999908301129081        3.3209594530061711E-011   3.3209624982912857E-011
  0.99999966022245723        3.3209613699028083E-011   3.3209624982912857E-011
  0.99999996365295596        3.3209623775841153E-011   3.3209624982912857E-011
  0.99999999435433629        3.3209624795422483E-011   3.3209624982912857E-011
  0.99999999287064378        3.3209624746149609E-011   3.3209624982912857E-011
   1.0000000933354225        3.3209628082547235E-011   3.3209624982912857E-011
   1.0000000005209568        3.3209625000213636E-011   3.3209624982912857E-011
   1.0000000000520957        3.3209624984642931E-011   3.3209624982912857E-011
 wgt:
   1.1111111111111109        1.1092617265860196E-004   9.9833555392741784E-005
   1.0101010101010099        1.0084197514418360E-004   9.9833555392741784E-005
   1.0010010010010009        9.9933488881623396E-005   9.9833555392741784E-005
   1.0001000100010000        9.9843539746716451E-005   9.9833555392741784E-005
   1.0000100001000005        9.9834553738279127E-005   9.9833555392741784E-005
   1.0000010000010000        9.9833655226397002E-005   9.9833555392741784E-005
   1.0000001000000098        9.9833565376098305E-005   9.9833555392741784E-005
   1.0000000100000002        9.9833556391077353E-005   9.9833555392741784E-005
   1.0000000010000001        9.9833555492575337E-005   9.9833555392741784E-005
   1.0000000001000000        9.9833555402725145E-005   9.9833555392741784E-005
     
 Soft #          20
 ME*wgt:
   1.0228338181202727        1.3713903409261087E-012   1.3407753211038725E-012
   1.0001827657488460        1.3410203689094682E-012   1.3407753211038725E-012
  0.99999952411902282        1.3407746830544024E-012   1.3407753211038725E-012
  0.99999977026159148        1.3407750130762840E-012   1.3407753211038725E-012
  0.99999993885096838        1.3407752391167600E-012   1.3407753211038725E-012
   1.0000001544932533        1.3407755282446136E-012   1.3407753211038725E-012
   1.0000025902753693        1.3407787940811624E-012   1.3407753211038725E-012
   1.0000148426811708        1.3407952218044853E-012   1.3407753211038725E-012
   1.0000000004997822        1.3407753217739681E-012   1.3407753211038725E-012
   1.0000000000499782        1.3407753211708822E-012   1.3407753211038725E-012
 wgt:
   1.1111111111111109        4.2428900082440765E-003   3.8186010074196695E-003
   1.0101010101010099        3.8571727347673427E-003   3.8186010074196695E-003
   1.0010010010010011        3.8224234308505208E-003   3.8186010074196695E-003
   1.0001000100010000        3.8189829057102406E-003   3.8186010074196695E-003
   1.0000100001000010        3.8186391938116074E-003   3.8186010074196695E-003
   1.0000010000010000        3.8186048260244955E-003   3.8186010074196695E-003
   1.0000001000000101        3.8186013892798085E-003   3.8186010074196695E-003
   1.0000000100000004        3.8186010456056807E-003   3.8186010074196695E-003
   1.0000000009999999        3.8186010112382703E-003   3.8186010074196695E-003
   1.0000000001000000        3.8186010078015298E-003   3.8186010074196695E-003
     
 Soft #          25
 ME*wgt:
   1.1404287649594294        1.3915885103823314E-010   1.2202327345117755E-010
   1.0018099860218919        1.2224413387046967E-010   1.2202327345117755E-010
   1.0000174096307579        1.2202539783131221E-010   1.2202327345117755E-010
   1.0000000247496379        1.2202327647120939E-010   1.2202327345117755E-010
  0.99999998520877675        1.2202327164630407E-010   1.2202327345117755E-010
  0.99999999857966093        1.2202327327786313E-010   1.2202327345117755E-010
  0.99999999882517765        1.2202327330782188E-010   1.2202327345117755E-010
  0.99999998263182566        1.2202327133185606E-010   1.2202327345117755E-010
   1.0000000004183438        1.2202327350222522E-010   1.2202327345117755E-010
   1.0000000000418350        1.2202327345628239E-010   1.2202327345117755E-010
 wgt:
   1.1111111111111112        4.6305950053425124E-002   4.1675355048082612E-002
   1.0101010101010102        4.2096318230386474E-002   4.1675355048082612E-002
   1.0010010010010011        4.1717072120202814E-002   4.1675355048082612E-002
   1.0001000100010000        4.1679523000382648E-002   4.1675355048082612E-002
   1.0000100001000010        4.1675771805800670E-002   4.1675355048082612E-002
   1.0000010000010000        4.1675396723479335E-002   4.1675355048082612E-002
   1.0000001000000101        4.1675359215618539E-002   4.1675355048082612E-002
   1.0000000100000004        4.1675355464836181E-002   4.1675355048082612E-002
   1.0000000010000001        4.1675355089757969E-002   4.1675355048082612E-002
   1.0000000001000002        4.1675355052250160E-002   4.1675355048082612E-002
     
 Collinear #          55
 ME*wgt:
   1.1026285523486232        6.8643012724254417E-015   6.2253977169413293E-015
   1.0099962558432785        6.2876283852460357E-015   6.2253977169413293E-015
   1.0006263453188875        6.2292969656595487E-015   6.2253977169413293E-015
  0.99991963942142881        6.2248974403789604E-015   6.2253977169413293E-015
  0.99994545401837398        6.2250581465118462E-015   6.2253977169413293E-015
  0.99997670343878176        6.2252526865823085E-015   6.2253977169413293E-015
   1.0000279842042663        6.2255719297426794E-015   6.2253977169413293E-015
   1.0004406847775791        6.2281411549495603E-015   6.2253977169413293E-015
   1.0000000004627421        6.2253977198220828E-015   6.2253977169413293E-015
   1.0000000000465483        6.2253977172311110E-015   6.2253977169413293E-015
 wgt:
   1.0000039320036209        1.2774471907731194E-004   1.2774421678658898E-004
   1.0000003768810486        1.2774426493096335E-004   1.2774421678658898E-004
   1.0000000375322724        1.2774422158111972E-004   1.2774421678658898E-004
   1.0000000037516759        1.2774421726584388E-004   1.2774421678658898E-004
   1.0000000003751521        1.2774421683451251E-004   1.2774421678658898E-004
   1.0000000000375149        1.2774421679138129E-004   1.2774421678658898E-004
   1.0000000000037514        1.2774421678706820E-004   1.2774421678658898E-004
   1.0000000000003750        1.2774421678663690E-004   1.2774421678658898E-004
   1.0000000000000375        1.2774421678659378E-004   1.2774421678658898E-004
   1.0000000000000038        1.2774421678658947E-004   1.2774421678658898E-004
     
 Collinear #          85
 ME*wgt:
   767.84158354330418        2.3069589537344548E-010   3.0044725411831626E-013
   755.57944469695349        2.2701176942744187E-010   3.0044725411831626E-013
   975.90809266348219        2.9320890671258657E-010   3.0044725411831626E-013
   189.41396625827284        5.6908906053957478E-011   3.0044725411831626E-013
   9.5170490598282527        2.8593712573347019E-012   3.0044725411831626E-013
   1.1989850450967632        3.6023176452824810E-013   3.0044725411831626E-013
  0.86391534785590451        2.5956099405397653E-013   3.0044725411831626E-013
  0.93842080665981964        2.8194595456843816E-013   3.0044725411831626E-013
   1.0000000004766714        3.0044725426153089E-013   3.0044725411831626E-013
   1.0000000000476694        3.0044725413263844E-013   3.0044725411831626E-013
 wgt:
   1.0007332131461912        6.8179637145213324E-005   6.8129683565577200E-005
   1.0000702318913774        6.8134468442112962E-005   6.8129683565577200E-005
   1.0000069937098235        6.8130160044814424E-005   6.8129683565577200E-005
   1.0000006990775396        6.8129731193508760E-005   6.8129683565577200E-005
   1.0000000699048210        6.8129688328170542E-005   6.8129683565577200E-005
   1.0000000069904529        6.8129684041834539E-005   6.8129683565577200E-005
   1.0000000006990450        6.8129683613202922E-005   6.8129683565577200E-005
   1.0000000000699047        6.8129683570339789E-005   6.8129683565577200E-005
   1.0000000000069906        6.8129683566053477E-005   6.8129683565577200E-005
   1.0000000000006992        6.8129683565624837E-005   6.8129683565577200E-005
     
 Collinear #           3
 ME*wgt:
   51.345773746257265        6.8245040099676934E-016   1.3291267249556544E-017
   127.66108829926324        1.6967776419547436E-015   1.3291267249556544E-017
   2.7291937792247078        3.6274443895502809E-017   1.3291267249556544E-017
   1.1243412452851496        1.4943919970784129E-017   1.3291267249556544E-017
   1.0129365902533860        1.3463210927912305E-017   1.3291267249556544E-017
   1.0017954053196874        1.3315130461481782E-017   1.3291267249556544E-017
   1.0003285439344731        1.3295634014792845E-017   1.3291267249556544E-017
   1.0001705913574184        1.3293534624878455E-017   1.3291267249556544E-017
   1.0000000004625433        1.3291267255704331E-017   1.3291267249556544E-017
   1.0000000000471110        1.3291267250182710E-017   1.3291267249556544E-017
 wgt:
   1.0000025135933210        3.1463218091224762E-003   3.1463139005688699E-003
   1.0000002409272715        3.1463146586016930E-003   3.1463139005688699E-003
   1.0000000239931119        3.1463139760587316E-003   3.1463139005688699E-003
   1.0000000023983195        3.1463139081147362E-003   3.1463139005688699E-003
   1.0000000002398222        3.1463139013234260E-003   3.1463139005688699E-003
   1.0000000000239821        3.1463139006443252E-003   3.1463139005688699E-003
   1.0000000000023985        3.1463139005764164E-003   3.1463139005688699E-003
   1.0000000000002400        3.1463139005696254E-003   3.1463139005688699E-003
   1.0000000000000242        3.1463139005689458E-003   3.1463139005688699E-003
   1.0000000000000027        3.1463139005688786E-003   3.1463139005688699E-003
