   0.0000000000000000        0.0000000000000000        0.0000000000000000        0.0000000000000000        0.0000000000000000        0.0000000000000000        0.0000000000000000        0.0000000000000000        0.0000000000000000        0.0000000000000000        0.0000000000000000        0.0000000000000000        0.0000000000000000     
   8.4899609396580339E-002  0.21010034401734606        2.5826352237322221E-002   1.3137934106726167E-002   1.0646430258828759E-002   1.9349219063038860E-002   3.7743038778227753E-002   1.4289424619144406E-002  0.34059289856490416       0.11356613520624156        7.9207918510066450E-002   5.7507530301159460E-002   1.2998579183023776E-002
  0.68206114954228625       0.57687905426907604       0.82014069927580036       0.80126824345353054       0.74052517557774988       0.84892609027514554       0.83753870516359308       0.68385286232404452       0.57687905426907604       0.64498156236909354       0.62201676460115041       0.80631472034360441       0.75464836118971057     
  0.13516039916149356       0.30781672119640535        4.8226139814938722E-002   2.6954852222688709E-002   2.1329937442280560E-002   3.3013930334561618E-002   7.4029287709651712E-002   2.8986013430821536E-002  0.48759380406767133       0.17288142098627846       0.14023582676946469       0.10346172620065618        2.6631045197282016E-002
   1.0569270064490870       0.72390539216854077       0.85107837653602980       0.66672891738530837       0.78688100384516368       0.80308311769778018       0.81407176465261977       0.72216677181815081        1.2543742717210427        1.1583951827743781       0.91987605287507745       0.93112344886023624       0.63582506966271435     
  0.16672524906181707       0.32695774437532998        6.8484606312816818E-002   4.1996074183206215E-002   3.0293343152538274E-002   4.6047187207345165E-002  0.10416475769589664        4.3935418981106367E-002  0.52989352737029227       0.19125224966570656       0.18118024790973364       0.14250846346428667        3.8656348707169400E-002
   1.0145189824251302       0.98102550451918080       0.88671990558425751       0.76608080558471892       0.90310664650727301       0.66885605367895296       0.69043688948172155       0.69152542221936997       0.98398467493337094       0.93221702573452125       0.89714298164943085       0.77258004432234850       0.65314836206643445     
  0.19349069769695454       0.34208557802115386        8.7489877686729264E-002   5.8201016518679538E-002   3.9133196552107848E-002   5.8785169963978839E-002  0.13533193023009796        5.9378051015027120E-002  0.56035217626802669       0.20658517916033431       0.21596338607950666       0.17852130047670473        5.2714549706734504E-002
  0.96708739700209456       0.78135562607096254       0.81901104811289560       0.73957043492044428       0.72726617792402193       0.75151282301480637       0.75294816841750778       0.81267753505220386       0.79164957737643282       0.81642902182885146       0.75096512491296485       0.88256147960557807       0.78222337495648719     
  0.21712101132124423       0.35445546998752692       0.10513684531602899        7.3854306917666881E-002   4.8757600898245587E-002   7.1673086472284056E-002  0.16494517987982119        7.5007726631946284E-002  0.58258587755061408       0.21816298180077712       0.24865452782029918       0.20993176811313763        6.9082399837973305E-002
  0.86632211634754985       0.89561941210285634       0.72458966421454551       0.91514824175217424       0.88789819360625533       0.61556390908407799       0.80896006473933590       0.80138851352782658       0.76636802684767968       0.90958024503550539        1.0183242412093869       0.84865934917851638       0.85138070503430696     
  0.23949744319572386       0.36560797509661269       0.12195187208261661        8.9404321359170633E-002   5.8834008028943709E-002   8.7045036985007124E-002  0.19207025992611274        9.0571499533174532E-002  0.59985962356452138       0.22928573923154696       0.26806573699689668       0.23673254188610290        8.5361532745053884E-002
  0.87814386852541215       0.75149023445410235       0.77315622207529433       0.71670069266815584       0.74725923402336603       0.81310112341744833       0.76897946659091798       0.73348854875731795       0.86274378339775792       0.80848464714629953       0.85379101041639693       0.88411354787244623       0.76738792101848230     
  0.26027224302372026       0.37805234700014739       0.14043228700379271       0.10486504525661328        6.9865924651907899E-002  0.10502695245515099       0.21642605324517400       0.10626786774558583       0.61545574339581810       0.23800374629178281       0.28520934851928492       0.25946348422268806       0.10266137983896298     
  0.97161067238945209       0.75304369320392806       0.68432706992070558       0.79150225961290510       0.73654650059182070       0.72450033321338403       0.62933598170131810       0.73787253551765608       0.65699837761496549       0.76905505697447896       0.65807762612499254       0.76495480356860468       0.76163691520593380     
  0.27931228849870765       0.39115190007907663       0.16116040196757581       0.12174270796691229        8.1590046765372598E-002  0.12229253577114582       0.23907994758273693       0.12193850302366478       0.63166043216062795       0.24573549303732337       0.30213189174657762       0.27867488230152432       0.11923538984051135     
  0.77244384945557709       0.88468864989510043       0.82201924156376627       0.75699459036439731       0.78131402845592623       0.77798030720165745       0.73902117529610312       0.82379067477171553       0.74630016568022284       0.99490751662011800       0.74286685847616241       0.72776671236510793       0.88265918665073562     
  0.29778160092870032       0.40429188603946287       0.18123087015564932       0.13917594746872189        9.3555984611311691E-002  0.13875143434275877       0.26175129676681436       0.13902973657653706       0.64681875695363855       0.25319232563036148       0.31969148914648443       0.29714025881869394       0.13538329431050114     
  0.82815360256493742       0.95062181931361511       0.89737242764906455       0.78983528018251747       0.75274868714275722       0.83605330446252979       0.77958850367294841       0.75611610160142606       0.73131063983896494       0.80420538446770851       0.68159451924477343       0.80251604580096680       0.80068197425255450     
  0.31642949490453770       0.41772158142733040       0.20224438046690268       0.15626682809230044       0.10536794751853401       0.15453254805648992       0.28479416610195935       0.15526533291878686       0.66019405376591456       0.26000902542545190       0.34149711295877511       0.31519060006913013       0.15070526765629816     
  0.74843668726961476       0.84267017582435488       0.90700157632737344       0.79115165944599997       0.96449579478921232       0.70012917175670297       0.81862063935051821       0.78968843776076214       0.65849224469605960       0.72922746452010889       0.80000627878188602       0.64278143667159593       0.75097623273600200     
  0.33632880612644100       0.42892751424527881       0.22152962112411287       0.17352955621972022       0.11706904114020890       0.16976437486585605       0.30780861439670892       0.16958204941179475       0.67274711712191981       0.26766793193201838       0.36105971433226902       0.33431260172756505       0.16522009451201539     
  0.77965159401690365       0.75844316853710869       0.72939211662754777       0.69664002817062876       0.71928542054219258       0.77354054872201450       0.89948331245065627       0.69279702801390020       0.75425391926132024       0.96813734987855116       0.84749999711579216       0.97623870409189428       0.91466235741979984     
  0.35362847580575635       0.43775406566978481       0.24042127731598811       0.18927329161297635       0.12922582080135220       0.18466230423328370       0.32948419802117784       0.18414977326363882       0.68477064733785864       0.27490616370578946       0.37830849001255101       0.35440579032437830       0.18096550298948855     
  0.73515977826450873       0.81945575419609307       0.87290453556645375       0.70023101846601832       0.85985019175286892       0.86180548781618571       0.81617382256549020       0.75273266555385898       0.71706858073118096       0.75266042980286363       0.81766199161326392       0.68314098808858370       0.67498271812375454     
  0.36983995994288482       0.44675032546120902       0.25937098632011946       0.20091405790218286       0.14103611701118335       0.19973893227573014       0.35115677130140294       0.19905673628037807       0.69511350809744266       0.28206093924664638       0.39235204057574458       0.37386318578113542       0.19699591931161187     
  0.64010632371953635       0.76475570317863417       0.86714743361983659       0.76178527232456095       0.72059000041323595       0.80686712280507233       0.84747247777496215       0.74686810435618556       0.79964442373569133       0.92467913698713866       0.64596866536693598       0.82401902494283208       0.65546457531680458     
  0.38553420731245241       0.45509679797243918       0.27729668667419366       0.21146039703643940       0.15267305529545147       0.21556656981126349       0.37273004734693371       0.21436786792841173       0.70547690305692212       0.28883968831430207       0.40842991088168368       0.39284264547084635       0.21266911566273192     
  0.77266793477263684       0.81871563113312573       0.77308735003054785       0.74645997153361510       0.81074560201865919       0.68427853061418453       0.90958742068987830       0.87778406380929541       0.79214449891897487       0.70618367594918352       0.75695942415138462       0.92333530411399456       0.79032367406595638     
  0.40184592376594341       0.46383219580981194       0.29563173178131441       0.22238209837430797       0.16488982695079746       0.23221528596287444       0.39263548805671500       0.23013973906702812       0.71357201998932640       0.29561307031212808       0.42503975903877239       0.41176966905499512       0.22322097745576458     
  0.72355790285955857       0.63032766956900999       0.79572496183236152       0.65272023699046533       0.70732153638975126       0.78019730622354555       0.82841137217749838       0.77085957101269975       0.72134083299695417       0.89691058078281916       0.86994161533683279       0.82057508817019187       0.71401836891097192     
  0.41725844936399353       0.47572418650333342       0.31474951410702151       0.23259504262938913       0.17766448385729108       0.24758470425342441       0.41190778765015434       0.24418530931658525       0.72364819346662534       0.30220087917035038       0.44157884219189381       0.42927004763208038       0.23357429620551409     
  0.80601760814551071       0.86672548233375635       0.76753804143522408       0.78978389978121577       0.90994532960322827       0.75142788420140416       0.70106766195637349       0.85283736144749012       0.87796189496401522       0.76482408946359393       0.72534000301718404       0.68565258601990720       0.69901461744394822     
  0.43072639057294415       0.48843393961756637       0.33176820338652480       0.24402287649204230       0.18968934310356336       0.26230041824626438       0.43084963814075233       0.25584622432323201       0.73477200731741565       0.30887300670138590       0.45834270398321775       0.44530671101211605       0.24413776444158511     
  0.75985223658821610       0.78738526514421847       0.83460283909257682       0.62772500482357141       0.79678283986152765       0.72068724552045305       0.76420200097473834       0.74511104764762470       0.82873603112309036       0.89051168421689653       0.64424701113138927       0.80185094063802864       0.77935762985690304     
  0.44393480867223079       0.50075346931109710       0.34841870010206494       0.25873277900079650       0.20001078591305263       0.27675890072172743       0.44897476826268062       0.26622163730245468       0.74397095589462003       0.31514276859117435       0.47444257801039907       0.46094243106641003       0.25552915091837963     
  0.79160235671796508       0.81563519879807811       0.72521792217185232       0.77728370322016938       0.82752402428566119       0.84474985469717923       0.69593583970276984       0.72517057530059081       0.88530727747407101       0.82400560197082262       0.87293451426704582       0.76476309338237747       0.70159214469761066     
  0.45718050344990269       0.51246090243864173       0.35904872551449429       0.27404653829644121       0.21149197061709651       0.29055522076910256       0.46728776508282743       0.27613938286062067       0.75158945501254781       0.32154052054406407       0.48996288585075382       0.47699632289844723       0.26903156829683161     
  0.68477824759071859       0.84513704100316123       0.62918539065911538       0.69028749770591202       0.67271173439821896       0.73998584199299100       0.85776144308292346       0.80030502190612418       0.70234695059842500       0.80370040077770744       0.81329877731789524       0.73403085017705194       0.73787122217258116     
  0.47089747514901975       0.52425887503896196       0.37070318296038246       0.28928888041383477       0.22363427901840049       0.30612594666240250       0.48571027178491122       0.28583535426338197       0.75978541677975486       0.32767473300528072       0.50483372980715691       0.49262606800899900       0.28323719576290302     
  0.71613141127133062       0.90915276805954948       0.68353428929961157       0.81166119363590072       0.72870476091341974       0.80348578458776532       0.87790906058964235       0.58596882359128144       0.81913725026500339       0.87767548433502152       0.81141234072652146       0.75890299255058091       0.67805168929924975     
  0.48463162283602790       0.53564175704879602       0.38248460617384100       0.30495824511672709       0.23668853944423041       0.32142636645787026       0.50283140833333739       0.30189972426147893       0.76799480067442338       0.33417652471088471       0.51892788341343776       0.50736019911872532       0.29731011023752268     
  0.68183214642046841       0.74129526569274085       0.76344943328275616       0.88179199169588118       0.82240991896129079       0.71289271305879376       0.80501163832828881       0.81443140500764000       0.86054601034956812       0.79550075242170570       0.85179371736095166       0.95469433517715174       0.78722132452828952     
  0.49646806897221774       0.54703900840421793       0.39519005295766829       0.32101480004933569       0.24959506707441365       0.33617409976933949       0.51960176271270464       0.31939788416338061       0.77639463608370951       0.34053936951267427       0.53140362135504471       0.52126929013529100       0.31228955413030429     
  0.69770752546425363       0.79966450826042412       0.78852681945493108       0.92152839800740416       0.84981836068084360       0.80439715967647940       0.71125162143610754       0.92168147725267868       0.78844543543326262       0.71695806867176792       0.74205386746476010       0.85241773009534483       0.83260212926266930     
  0.50880470953691470       0.55760030695515939       0.41039490968157721       0.33805399429248650       0.26213239115038156       0.35125539260612504       0.53580761089798523       0.33508585452341627       0.78477217578227743       0.34624290544217601       0.54395817470973795       0.53485566042642119       0.32984558399392228     
  0.84301749446608509       0.77496499992265100       0.85241731587609448       0.68864056084243097       0.74947601975329736       0.79712682898076848       0.67819055969289688       0.88154368027869368       0.76839700999210403       0.83307508407501096       0.85219828397385688       0.95278843866660068       0.98971035179219291     
  0.52172114958903570       0.56854576839305138       0.42676641726392717       0.35567240146934842       0.27444458880911510       0.36623948318681493       0.55221794013279102       0.35083669200079154       0.79243991967492089       0.35041731377344054       0.55503722574475567       0.54916221946895583       0.34707563536603486     
  0.75549012513694791       0.76250650366576622       0.84303701066812109       0.85298628288789469       0.69434270721964175       0.94312933640315111       0.74496003049479920       0.80986363305365316       0.67900842945504047       0.76537989177557275       0.72804047364943214       0.73172808526502076       0.74572878771802931     
  0.53460100221973705       0.58028744826265144       0.44291669117567162       0.37358856411548652       0.28747483997408030       0.38067308435943215       0.56810077955797933       0.36881384888968832       0.79998782300000959       0.35454171814351465       0.56731761079436605       0.56317886115742755       0.36451160518162040     
  0.78529644406243848       0.64466967864793800       0.80380388916602974       0.80445821349846902       0.83440268558302200       0.70364307406180937       0.77165674857072775       0.86321329582975370       0.80897045492798336       0.66477462932912756       0.74011807678332631       0.76778711080119744       0.89531447682940579     
  0.54841529167838032       0.59172748462100011       0.45865922115822455       0.39064053595549036       0.30137071165325918       0.39678843900118127       0.58354034620031292       0.38679620018849026       0.80737044030952976       0.35859025612916867       0.58109935476985985       0.57617524612898674       0.38149614156986361     
  0.81474491811740068       0.85764622328364426       0.80455853047361658       0.85414641778087175       0.97722875263256637       0.85701221313492604       0.76389232391879525       0.74544466751567129       0.81564365012164020       0.68393546989003751       0.63292808399661149       0.97699429598227872       0.77887703652096252     
  0.56113587022353484       0.60286511492230677       0.47303883963152538       0.40506440890472650       0.31676927733189930       0.41202727907050329       0.59844603436466925       0.40339355425066720       0.81446695173576256       0.36291129114549020       0.59399853992434970       0.58882509089441271       0.39781714656648448     
  0.67694476038962381       0.84036237549854498       0.73112934861096990       0.77848981202543710       0.81344299329185044       0.85637294789923024       0.81595485033119597       0.77301801574117901       0.72994854605785553       0.63647158923490199       0.82599208791520906       0.74087299212917879       0.80932979953539397     
  0.57392296181055769       0.61424690539780635       0.48591001054423533       0.41936233357350733       0.33007069251234911       0.42764361659435446       0.61314516584303957       0.42018846088219863       0.82086518191675995       0.36805810272720818       0.60631878218659019       0.60149925387397074       0.41473946197944278     
  0.92758958739295438       0.87388387763553588       0.70737474585958227       0.74018937390947925       0.73127724208136968       0.88927518922825521       0.83831619988375106       0.70927086439028020       0.75873162560223373       0.72919299707212215       0.78222977419863837       0.78805939343465148       0.85278987729016387     
  0.58632815814316230       0.62584651642553657       0.49794502209594022       0.43600120969350192       0.33975697112095238       0.44424745890918815       0.62413972479527247       0.43817871513378875       0.82718449354773094       0.37405280630964660       0.61848716145674909       0.61388337145407945       0.43253583551138519     
  0.70744435061374855       0.70897186954939173       0.75455898044418790       0.71721467490927526       0.65743878340196693       0.95589243307757465       0.69164468074218410       0.82124476637150201       0.67022390605759152       0.79921069510985665       0.69790986267789856       0.79037687571305670       0.80688003685081922     
  0.59907804662894526       0.63798300998709101       0.50970320701480942       0.45305374042982755       0.34915549357570846       0.45846723905582476       0.63463826935964307       0.45657930160507482       0.83329222547176673       0.38050720793299758       0.62843472840010894       0.62602244154461473       0.45041370041373396     
  0.77246481741246498       0.70704684190747824       0.74434247196949610       0.70376069119326645       0.65337409777439592       0.72493402252272054       0.72675656482588624       0.78834705342732825       0.91946042508768722       0.76841669213982999       0.70885347870812798       0.67525295443406164       0.91373348282723366     
  0.61202123938892006       0.64966860840659491       0.52433680505205871       0.46998231762171933       0.35926407707631625       0.47410789253291064       0.64553699718624824       0.47541516244263266       0.83929733687653585       0.38688013729769216       0.63814150982617612       0.63777457860758036       0.46699860433309126     
  0.93134252856571720       0.71420269182066853       0.85392146687437187       0.75746288209580426       0.72897886619751062       0.79308065013749618       0.75688183296206935       0.73194036707009147       0.70440570956305038       0.83977353270953170       0.88180750211456127        1.0571394885026444       0.83116220239343130     
  0.62568245041536652       0.66149403633576376       0.53937143471877458       0.48687225121856026       0.37064704235531654       0.49018225369858831       0.65317888264240098       0.49335325200590535       0.84537131846175140       0.39352959494704648       0.64858732323534452       0.64924929942601228       0.48296828990575569     
  0.86772101272681079       0.78541921115141322       0.68312257119322128       0.68369702217031691       0.82691872766065722       0.71299379444297251       0.64179610577512058       0.86667585608277564       0.88336590733259668       0.86403631321687513       0.77309055589122455       0.76086644885450949       0.71658110325969337     
  0.63925681234216014       0.67304107378196176       0.55334521668876357       0.50359753909978155       0.38557123347777827       0.50429997641468705       0.66352955877690423       0.50971651173772525       0.85164889807957511       0.40017255078192093       0.65974537446799719       0.65905847720465383       0.49922015926678381     
  0.78811129857807993       0.84041547031318153       0.77766408483143867       0.83604979543135627       0.88330130759164904       0.77155787210232907       0.74056876650903791       0.88996670714812054       0.86187445890437386       0.85603780597589607       0.69119776674425693       0.64012075142916425       0.81136777914523206     
  0.65281488869373994       0.68481074329748970       0.56887072311977860       0.52016255654589194       0.40015939710481607       0.51806678660812433       0.67689335454950372       0.52609183414690963       0.85762172324666031       0.40701781101443196       0.67150692428758130       0.66985051231392689       0.51608935873846207     
  0.77407727907474155       0.73592286728264311       0.81201564225768685       0.74110230979064839       0.79620759157456000       0.65990850888482566       0.73851793306933766       0.75449843927098481       0.81203709887941655       0.82849757550522352       0.82562493496254297       0.75032731958013987       0.76586157842132729     
  0.66590425734851688       0.69648362211345682       0.58450257979583187       0.53696259556991499       0.41496896608891726       0.53251649942093582       0.69060837994307700       0.54246896910297993       0.86257374840110279       0.41424608732635493       0.68308519954667224       0.67997727817105713       0.53366269443555014     
  0.72740991509003550       0.70454023370058005       0.73176987385296077       0.84748081189529889       0.78346597615976399       0.73686287851285248       0.75769729074172354       0.86700074662433857       0.72376114677354020       0.70570610043713611       0.76990280614843287       0.71740060182277066       0.85872625552786241     
  0.67798433765075217       0.70799636744000582       0.60004833133996371       0.55486122444187369       0.43018921718113579       0.54912600532243128       0.70375650917718946       0.55874542476424305       0.86734007471405716       0.41977138604595887       0.69481086459898322       0.69076378829921814       0.55035827186607222     
  0.65061441416804733       0.76951076654518313       0.79762926499372167        1.0473594182496078       0.95572479566331936       0.93670761994076235       0.85124944906395450       0.78216633922348544       0.70391958968649793       0.62202518396286155        1.0411170489326114       0.73662761060538540       0.76436859801377133     
  0.68933237532791192       0.71908291727957896       0.61524854923046268       0.57283305491671399       0.44550186463935554       0.56570909518801626       0.71716133353523692       0.57501331108106568       0.87210157898324603       0.42584498762786921       0.70618181453086859       0.70176618219618958       0.56654892609872842     
  0.74486829234181651       0.69410513730171863       0.78568468959489801       0.80218094823723174       0.78664390477617596       0.78159702530534869       0.81618318645247923       0.80071746098747099       0.69205822573337417       0.66421890198052047       0.87695146642221611       0.89206603682188113       0.78057560033067630     
  0.69994570367333719       0.73076712800458754       0.63002057975426839       0.58904932742645111       0.46108681179192923       0.58339972030798526       0.73167264509489538       0.59167810201497240       0.87692865195996117       0.43179820199981495       0.71733090072781247       0.71047945870362483       0.58253206166759264     
  0.79258702973755757       0.74870198195995030       0.87123323170176292        1.0113365667110850       0.72640503712380777       0.84885644769488866       0.86523829665405927       0.84412579022832679       0.75385011213005848       0.59352598536458701       0.82402976761177005       0.72444346127046000       0.80232585824639557     
  0.71116516050930145       0.74295693468412893       0.64424911303659815       0.60541795090204142       0.47652257957657501       0.60101010231515395       0.74669055498626202       0.60693315261735092       0.88187379675418565       0.43830008247852320       0.72849215648699728       0.71915201004656659       0.59943931626868807     
  0.65198936119304651       0.82524294392232744       0.71602981676738819       0.77434105884038673       0.77054700230537354       0.88683835220482043       0.94000961228654156       0.82590448273203920       0.75859419802239836       0.70532983142806516       0.98109549348332048       0.74027403706951989       0.83988552697314467     
  0.72334640874849987       0.75383505774398163       0.65939833455011687       0.62067331735921116       0.49151628059748276       0.61849241818942513       0.76072367982964162       0.62275221617559617       0.88675638737463047       0.44455753828438394       0.73934346493560699       0.72790530726295288       0.61628633519446685     
  0.67266639235505632       0.78510317493802118       0.74558505930365560       0.87188857654523444       0.88152447843314174       0.88143191730978310       0.66016008078529220       0.82121180191723098       0.77580910799923786       0.70876703866601443       0.75534523575602852       0.69013766664256559       0.76577097521896698     
  0.73498209314587781       0.76440124028829215       0.67546135001028418       0.63668453688211257       0.50661311493620487       0.63550082150876586       0.77356409181793639       0.63858319934714447       0.89147558185978659       0.45089697746277263       0.74981629578158526       0.73630561998670374       0.63282865315256720     
  0.88563815153203873       0.85327170969867749       0.80466216551195446       0.79375448162360751       0.70581464765285595       0.73538594752220454       0.90048645219653423       0.84232902781222607       0.65469508481715011       0.70313892217968776       0.66487633757411757       0.71174806422785142       0.92665402271649688     
  0.74570701100634085       0.77472906092653571       0.69053039815933881       0.65261350987114930       0.52118971696083527       0.65243884917993389       0.78559845613900126       0.65526680112496449       0.89631236686494720       0.45734524864856885       0.75999755215402764       0.74690712279599292       0.64923220195775078     
  0.60918332496434435       0.80052657398158888       0.81823452642358285       0.76473903629842066       0.83988465876896812       0.83838215332927168       0.81031781733864749       0.75306676507668657       0.81883299322996295       0.82484152695755064       0.81021435110174189       0.78504716502266692       0.70488048792585811     
  0.75706690512992891       0.78560383333239503       0.70562234478842756       0.66803549103688875       0.53668817785150369       0.66970753500478142       0.79686042097260801       0.67187308672078505       0.90120676890248208       0.46412883101680769       0.76962729762309789       0.75943850091754805       0.66613343897613919     
  0.73842175649146802       0.79639746943694045       0.78512855162235107       0.75713568150633692       0.70662366364231177       0.73023333781536959       0.92715313849211356       0.78423892444943233       0.62337172877489089       0.69369662744022986       0.78537673484511050       0.80909718226086202       0.80614021463300756     
  0.76812204638317272       0.79651607696259419       0.71910500384261666       0.68244297272203525       0.55434543242820511       0.68577205377403183       0.80750202557557260       0.68823395018375366       0.90595801281307886       0.47129287381032031       0.77884227784177340       0.77209698547900896       0.68309749969751643     
  0.80918236574711699       0.76873818472787070       0.75139752729403786       0.81315510483930054       0.75823509179819315       0.75211981861857302       0.70927565975698470       0.67855309709249978       0.66477281884454265       0.81163415051257293       0.81962399230714278       0.73493770145621840       0.73811545059631389     
  0.77964647716058177       0.80746833400062490       0.73253134069151860       0.69656944834867496       0.57282658693139421       0.70184081375202012       0.81828582282834805       0.70392590198440230       0.91080684992908900       0.47868945667061857       0.78793470158818246       0.78439277529749019       0.69985571127254953     
  0.76233547285601511       0.68851678816238815       0.80075775797786219       0.90168709807350944       0.68244991824980972       0.81954716540112460       0.71216384449224135       0.86022166450726056       0.86603931544049884       0.70606202705789900       0.83056471271616550       0.67320980679776776       0.99036895003559333     
  0.79148937630984162       0.81745990927399592       0.74628976186185669       0.71198121273733384       0.59140550717462492       0.71586995694595545       0.82905199172745625       0.71904665637808873       0.91537796565489227       0.48667139884000266       0.79725960209056779       0.79626393736744872       0.71583497269849505     
  0.96555746333563930       0.74117151785220781       0.77876204809431260       0.84222144114670783       0.89865962561824275       0.67563075319014498       0.78056862820487605       0.70991126844401464       0.78861657943506480       0.76639279141764982       0.81878421923438316       0.66974214377332675       0.83861033036882271     
  0.80201375771605454       0.82785937185630520       0.76079204798065669       0.72819081042061640       0.61021891963031349       0.72992471313660245       0.84077184279665185       0.73551780174931347       0.91979575103181177       0.49489821863848515       0.80731053098017080       0.80787027849782955       0.73011221391278247     
  0.68859472985487624       0.76074459127823024       0.95881518803367405       0.79810396621248358       0.81181406116696808       0.69197725962397461       0.75911981128280648       0.81067639282443871       0.81968892627122625       0.72416947549666211       0.85216254607834951       0.78480592455774489       0.65366914197564552     
  0.81216667316742575       0.83827833824979414       0.77569868165409928       0.74497522524849802       0.63000325019554848       0.74469667960356001       0.85276530724564292       0.75231082798276638       0.92416269404180373       0.50256658839422508       0.81757091807872073       0.81925643459657627       0.74347670844756908     
  0.65851087098000238       0.64424018577043984       0.76232434824448303       0.89453210648819581       0.88998914548990093       0.77994331336171030       0.97367198205043215       0.78700829164299835        1.0955226231382720       0.73054731578915111       0.67637363387098315       0.85344687313430712       0.78140612629505990     
  0.82243784242803830       0.84917185327531075       0.79047347878063567       0.76146518133931473       0.64945316916486706       0.76029265804776758       0.86397269617922079       0.76760442123771577       0.92809218271805871       0.50986193721685447       0.82776380806333694       0.83053047896734311       0.76015935052490791     
  0.66023310040562366       0.70659493031156861       0.80575856896469755       0.75604116009947708       0.74180693380345819       0.81009218007710548       0.67868420468995139       0.76090204160822950       0.78788133564477514       0.71081195600271696       0.75871210859842109       0.67634891607458569       0.78900391861470676     
  0.83340305616745991       0.85951117716367553       0.80554193841781752       0.77780272524825256       0.66835771522003462       0.77555875068391100       0.87368380795731382       0.78038264516585976       0.93203705714818030       0.51843010863911831       0.83822393251127447       0.84186612604522271       0.77694524541381860     
  0.84514782058994808       0.72315751364334124       0.70833645927646560       0.82104551313256757       0.67574155323603424       0.68173520917308972       0.75834347002235014       0.73921843583149238       0.77531297735496163       0.75119960462585234       0.74158229295348899       0.76754452119584593       0.74318490908917700     
  0.84540111492603542       0.87032899242841810       0.82020683597624411       0.79462466820861088       0.68576244134486763       0.79117420180576925       0.88353522833025755       0.79229713556741577       0.93611208903093279       0.52832457918610265       0.84888645625248704       0.85390281319610239       0.79300235486467185     
  0.87490624634236847       0.71511746568005841       0.64080599853143960       0.81380131515912735       0.75546430327602188       0.77715183521456033       0.67759868868262441       0.77997843053861171       0.78099408628422717       0.83591698617929000       0.78971288361600156       0.81388857562558947       0.76906769726894764     
  0.85711887878707083       0.88193946847512805       0.83466090673761750       0.81142953188627542       0.70030477157765914       0.80661139452557662       0.89427552164819002       0.80518952161839175       0.94052053166988037       0.53873260625548414       0.85941402512740817       0.86632445260052515       0.80801627427683742     
  0.85447218967910399       0.68425729907960964       0.88057855661857110       0.77898701476041388       0.69111970410476575       0.86127266672431391       0.71791933294809918       0.75666571631828883       0.93632533360687953       0.72777109663397443       0.84550491431710029       0.82389492105974260       0.78839697098795236     
  0.86729549869218681       0.89280131237734306       0.84957589572021297       0.82802099958310227       0.71915793116987148       0.82413654539380155       0.90417476791233342       0.81962974706222580       0.94514444150491095       0.54948447679299661       0.86935772830980862       0.87790883924395235       0.82280745121552878     
  0.64890597059521160       0.82286250666268090       0.73754940307222461       0.86627435804154884       0.75892133108338877       0.85182745999983089       0.71937872500499922       0.72088840833722967       0.82085801862074681       0.82166464466638978       0.71417652624238348       0.81304866449007673       0.64819657789595830     
  0.87670311576474336       0.90279922621781339       0.86512783896217094       0.84447894865340767       0.73806059747272235       0.84141784891727855       0.91359575727179776       0.83464891879312231       0.94882888170188573       0.56055353471086444       0.87937922172033967       0.88904510913451162       0.83798708064387739     
  0.64228467475757722       0.83610016471821769       0.81703259362524228       0.67263827357029871       0.72117073732708736       0.91791139524138310       0.75052155976654411       0.65824533381557448       0.80871462224514135       0.74825180394342294       0.69196234607086804       0.70905069708391666       0.97020971064722661     
  0.88852275371816325       0.91271278305901860       0.87911840965110766       0.86109018406373883       0.75847965196347689       0.85809926118031765       0.92288412804392950       0.85067352805665941       0.95216742571419111       0.57289327122342704       0.88949282811990271       0.90012809021517215       0.85418297443277091     
  0.72541955339202313       0.65811149129429980       0.68982477892351002       0.77423166553485590       0.77022207432492185       0.86378335951994456       0.73642087742430162       0.76469869451060823       0.78333393323474898       0.81896654882324282       0.79206166475608686       0.71746730075811604       0.84016316406307745     
  0.90132232323905415       0.92276341567679487       0.89278041436378197       0.87707338995465689       0.77878886905955758       0.87367604928372067       0.93215486779583068       0.86704412102452544       0.95561004124184179       0.58692168006644485       0.89976594760062156       0.91194749535945163       0.87050488859968966     
  0.87665305131086402       0.79436790992452955       0.96492138657310711       0.72284859694633641       0.72181865923570399       0.77174727674874510       0.73488465851006213       0.83746682900859670       0.79394129372546729       0.82212550035785248       0.86136677046757404       0.75575152269646306       0.69531394050980244     
  0.91443250676888954       0.93323856751270295       0.90535350710459594       0.89331892114671407       0.80472148283440414       0.88937326027654739       0.94119591296067451       0.88378527276405572       0.95911647280474022       0.60172642470935722       0.91002990280662810       0.92311810521337501       0.88689086766656944     
  0.78161744775655984       0.87328601895390046       0.72042480408753529       0.70782849103828815       0.78440998457281219       0.63511178517955513       0.80122998155697822       0.72864334664317476       0.68019507295707282       0.91532525774816087       0.75759620685944973       0.83033720480214812       0.76887963391517056     
  0.92818829450463081       0.94357391008668634       0.91760052642257783       0.90978830605556982       0.83173475598024682       0.90465793329061372       0.94991149610827086       0.90028273737606523       0.96271700309140718       0.61693777647812575       0.92069769742338625       0.93417217565066413       0.90327553657860249     
  0.75320388511672320       0.78656707345872201       0.72649112866695076       0.76763735399747524       0.81172485799613037       0.74323818970358169       0.70210521981637053        1.0139754422894831       0.69550355169075984       0.78587834506823551       0.75551998957187605       0.78953043209172968       0.76793364882140125     
  0.94207440515660512       0.95294473910649136       0.93241069758784056       0.92683173831507515       0.86008462201988389       0.91963516024385694       0.95854041301171755       0.91660391841890798       0.96735898920633889       0.63295923119273501       0.93194230691760716       0.94427095720900556       0.91978614722842744     
  0.97333603567629179       0.81892912189618827       0.89904630338028657       0.76501148219188653       0.81178307870158994       0.89957800267936983       0.79680202325367322       0.81149005463635848       0.79682231749758625       0.81707092316964858       0.73972699919741269       0.70488670363222639       0.73766762274684960     
  0.95408096700365941       0.96238452254724194       0.94659993768056905       0.94198536562175716       0.88652973836659010       0.93445245153158885       0.96735404603276931       0.93348441853634878       0.97227018641928320       0.65082440483087900       0.94331203319585299       0.95407173689479596       0.93719161462532596     
  0.89174894033734031       0.83523702946904954       0.79251325978523290       0.72857157671819728       0.77991405640184008       0.70936486019581702       0.76616614845764697       0.64789211115585021       0.83002342901015880       0.94532786649447231       0.90291605935797292       0.81584848121150888       0.79479493106469090     
  0.96406276921208900       0.97296238740448127       0.95994364874295657       0.95649731289585371       0.91335088207693382       0.95099123290346299       0.97644720809358565       0.95042648353116044       0.97749052858643470       0.67349001461574765       0.95685508762097793       0.96626027336285614       0.95269064955672222     
  0.70129602525315948       0.84043408584224977       0.65764357278465368       0.85037155226865535       0.81947321183846056       0.77037829478061848       0.85296028293309401       0.84776159733714773       0.68392967251687564       0.62388194995991209       0.70747662729095440       0.80217767232901138       0.80291778888498544     
  0.97563506675862266       0.98282394263196460       0.97298787831170275       0.97013971667975829       0.94153458810624457       0.96744106082475889       0.98511225425788129       0.96677933533046700       0.98280747794275214       0.70319825337982589       0.96998303279232878       0.97807440280039892       0.96779604822870657     
  0.84020355856057893       0.78268189231147278       0.84576034598613403       0.71438120424382401       0.78645101095968062       0.83738147296658394       0.98282616106211373       0.91213153800332769       0.93504523663268124       0.74374612778609239       0.72485724527888451       0.69956004498611302       0.71564534901824939     
  0.98780513507420054       0.99173277068516152       0.98635604064529481       0.98504098466834289       0.97094000790238844       0.98403217745795002       0.99284682588084383       0.98351102359889797       0.99006730033249912       0.80141589477012964       0.98517601220523454       0.98907690708656004       0.98356704921235261     
  0.88231724277972834       0.85212909155006733       0.69041338451748280       0.71451348386932523       0.72101577168442421       0.65732049494631739       0.96565977799974922       0.74782588338699585       0.83577114835297150        1.0200256604390252       0.78089758064798909       0.71449578224306687       0.74450183320608654     
   1.0000000000000000        1.0000000000000000        1.0000000000000000        1.0000000000000000        1.0000000000000000        1.0000000000000000        1.0000000000000000        1.0000000000000000        1.0000000000000000        1.0000000000000000        1.0000000000000000        1.0000000000000000        1.0000000000000000     
  0.86031349272336022       0.98862884109010429       0.72284075042292695       0.90246631891409179       0.85316354234178726       0.85691959757838210       0.87699334561988196       0.81871773193228337       0.72519143784750983       0.60663127345205115       0.72789422713602969       0.84039483112061264       0.88062882242516449     
   3.0799592060661496        9.3264380650170331        10.548891688284909        8.8778657742672760        7.8463934370984596        6.3752332296964394        8.4653718457925020        8.4463394607281135        8.8518001256248873        6.7158496242498380        7.3583096035915254        8.7622445720407782        8.3782518258804171     
   7.1218142648669733        7.3139956522124230        9.6369092681718787        7.7549108578274470        8.4210744557802553        7.6258617884772102        8.2571718555113698        7.9657514479164622        9.5226526226303285        7.1073554612871845        8.5427695827857502        7.0900916454594221        9.0500701219285951     
   8.5052881771381621        8.5376186607794100        6.8020580986685504        7.9619422918722211        7.4192355220255903        7.4036248363477215        7.9790226049596873        9.7939155335195647        11.143293782185385        8.4027199276311784        8.3773582950770447        8.1919825807118585        8.7213180206812559     
   8.2434339339096461        7.9899741222058980        7.3383506130407765        8.1425185856810227        7.4544161020839219        7.5544293249932002        8.2368823970086353        6.4770101078389244        11.365849739576159        8.6469830023944763        8.8587707324739355        8.9963592241600434        7.0788551538613929     
   8.5417584637769224        8.1340847632925737        8.5991973798506542        7.4238144447985093        9.0312430102157339        9.5805847125032351        7.3688911277105413        9.2578803880001317        11.784251835140719        8.6021099291877032        8.0573859569718138        7.0277587966148589        8.2286135732139538     
   8.6434880360222603        8.4398425599611677        7.1620973337370142        8.0292003982327316        8.6996903691682075        7.6448515746808487        5.9288500405841136        8.1244482303983361        10.696264775583877        8.2101716363368880        8.1476323700794211        9.6521902211700894        7.4197944860630143     
   9.0576752962049483        8.7019816390616054        10.400549406076390        8.3705175517592583        9.5842342989476652        8.7180786964902968        6.9357358376265923        8.0666193123260523        7.5961257138204701        7.4521854775457079        8.4014288350731796        7.5780910502306131        8.6139776632327401     
   8.2849438872037879        7.7446472712110088        6.2218512959252781        9.7055319728914622        10.743229325761030        10.029825947253126        12.355820166600926        7.8382853134521202        5.8389412125293889        3.8385633117402489        7.9648598766283634        8.3778472681775078        8.9022693964983759     
   3.0467596221933721E-004
           1           1           1           1           1           1           1           1           1           1           1           1           1
   7.8210647600507246E-004   7.1980343622132716E-004   5.0034154368075310E-007   7.9226910251860572        1.0835187900533153E-005   1.9766995685590555E-008
   1.2573838847402405E-005   1.2530982439794434E-005   9.6505587192706612E-007  0.19619039372467045        9.6462358840685625E-007   1.5506116307235139E-009
   5.0000000000000001E-003   8.3208058598694663     
