   0.0000000000000000        0.0000000000000000        0.0000000000000000        0.0000000000000000        0.0000000000000000        0.0000000000000000        0.0000000000000000        0.0000000000000000        0.0000000000000000        0.0000000000000000     
   1.0541941094420523E-003   9.3677305202263406E-003   1.4510055219146350E-002   1.7180944323891806E-002   1.4128288768593015E-002  0.20122880971283569       0.13215331619794576        7.8316691844990044E-002   1.3533731938395971E-002   1.5774459876770532E-002
   2.9874661665829185        3.3670466924730236        1.7119360543833324        2.0166324963837896        2.1782617597345735        3.1001853956729319        1.8504154201464154        2.4789509599641901        3.2201179079316287        2.1910102515548484     
   2.2111382113005375E-003   1.9653795547933030E-002   2.9461483512003641E-002   3.4054742043490682E-002   2.8954062199051760E-002  0.28357802190741499       0.18046199206686700       0.13570702201645951        2.6021819900838385E-002   3.1895929340708916E-002
   2.7920010160532800        4.0332333289397138        1.9355395160572908        2.9727003365829758        1.8520353623706733        3.4973683199735017        3.0773315269255095        3.0995297861437403        3.0363763736817595        2.0038154593812743     
   3.4080896924305222E-003   2.7671341069371316E-002   4.7044432085300208E-002   5.1173356154589900E-002   4.5290754425578804E-002  0.32452307039067163       0.20478701841946090       0.16559334754042523        3.6003681209806529E-002   4.6763874824191580E-002
   3.1600176397626263        2.2378317580434239        2.2782293430282277        4.5120686309045626        2.0765653698511191        2.5081220577700112        2.6833847068559193        2.7725353246588682        2.4481352865524135        1.8373277123405785     
   4.6764292343996240E-003   3.5574193965941685E-002   6.4120398637604478E-002   6.7383615899046595E-002   6.4768036848431881E-002  0.35353572496074093       0.22026444599678238       0.18939041400568851        4.5330480804041742E-002   6.1777294605452004E-002
   2.3555512225510720        2.2787892728442780        1.9110916358537724        2.8442102553530857        2.2880537037379032        2.1521700002677262        2.1926270886548140        2.3000762167686104        2.7110586066825029        2.2745546551950180     
   6.0416662460771788E-003   4.3531772091304294E-002   7.8123362790787354E-002   7.9316634945197487E-002   8.1957101066061688E-002  0.37698131852428035       0.23522287615617393       0.21208951142159910        5.5175236734187755E-002   7.7907238598896020E-002
   2.2291461419283545        1.9471923612525062        2.1536855176274310        2.2514883954279425        1.9880201166344593        2.0366719135655940        2.6245020663336298        2.6372693392001767        2.4647014786040184        2.1218294121739456     
   7.5185159910099789E-003   5.1156874389086386E-002   9.1568374985828052E-002   9.2877054754274477E-002   9.9576473113346761E-002  0.39631485858853560       0.24566239687928995       0.23006606725602446        6.5394020766855854E-002   9.5098349044760597E-002
   2.1522044773666966        2.2943962118419181        1.7586221495716239        2.7824141491632020        2.0469215831830572        1.9560327080003665        2.3502912162468523        2.0807282447996100        2.4886412368257180        1.9959259039974202     
   9.1892654305421890E-003   5.8812314272653425E-002  0.10604960108257434       0.10775839197183695       0.11650504774665388       0.41450579948929595       0.25645357310441158       0.24853276775618008        7.5380661250512848E-002  0.11355107354453056     
   3.5786078331215552        1.9983267646801424        1.8041705074218535        2.7135536594847958        2.4147176820085918        2.1820618066007307        2.4444646033162414        2.3357163869527580        2.2740592981720709        2.0097941530270345     
   1.1013969917604427E-002   6.7039970629145088E-002  0.12265393228371378       0.12023691359786456       0.13253056720902784       0.43229128943666761       0.26697585812960678       0.26487003254871994        8.6269442784516870E-002  0.13115346728803629     
   2.0098761700479475        1.8806410534574440        2.2234631169898260        2.2173665722285554        1.8476155520771260        1.7566816742688887        2.2054304410535734        2.0647679524086189        2.4056906481909355        2.0354494999943595     
   1.3411742818159119E-002   7.5495349315221547E-002  0.14026461908661966       0.13349741427323666       0.15039922495287683       0.44804152571301725       0.27846416391136042       0.27939303566612039        9.5569812598489901E-002  0.14761359847647987     
   2.6870966888050170        2.4146717361996886        1.9457661716405044        2.2059088066591581        1.8542805176159278        2.1521810042094085        2.6207884915888418        2.0648948045288500        2.2302992797638592        2.2921099065749035     
   1.5866553339027981E-002   8.4328107433650545E-002  0.15690086730814537       0.14967993670824437       0.16882330494042833       0.46304115291723685       0.28787023494190689       0.29282608604407140       0.10588023527127659       0.16404365010504421     
   2.0111127708820193        1.8102632627514430        2.2121167793252523        2.2372352054122535        2.1746571716750416        2.2500351840399087        1.9963610062492936        2.3596631404064889        2.4062167563885035        2.0559517213252474     
   1.8529833428028896E-002   9.3424627516581357E-002  0.17302284609453891       0.16509442399479216       0.18774188138223596       0.47761118494264926       0.29686128727543687       0.30579303803565117       0.11565876018790185       0.18127073288566176     
   1.9042803586818104        1.9199709423631832        2.4791161003070590        2.0636799511718893        2.0324691687684435        1.9204182466560953        2.1148640655325655        2.7471039402329223        2.7439733301395086        1.9112080829527118     
   2.1500205648281159E-002  0.10350334588117047       0.18934206984175656       0.17951244472064992       0.20616544718409005       0.49181748819523941       0.30508206625178419       0.31918168136252550       0.12665401557261191       0.19757864806706738     
   2.2370889872322377        2.1446500833775266        2.5637812810819001        2.0382526056433812        2.7106140236173561        2.0359002896401459        2.3239581292943803        2.5593353607290203        2.1273015681112928        2.2594803134268124     
   2.4425929423469116E-002  0.11440147212035366       0.20711858141048295       0.19388303092411813       0.22323083662851703       0.50589252026707843       0.31186580062346925       0.33239224958555813       0.13905190461148134       0.21202546169283154     
   1.7936557667235231        2.3384295404633755        2.0204664523098832        1.8001969729904383        2.4037760336476195        2.0885763230688674        1.8895945207580744        2.5508255781131606        2.0433035982977152        1.7419589013343368     
   2.7377861894527081E-002  0.12574142131866561       0.22355653147349586       0.20846310045996294       0.23928493258096598       0.51953826589312258       0.31812750098709147       0.34559890069500426       0.15249359398976045       0.22708050044249739     
   1.8794620007431675        2.5117563420608620        2.5734208621253085        2.1410494177456871        2.3404662168651091        1.7971077506345416        1.6862173856755287        1.7901114131299352        2.5112067709912829        2.2990337188064274     
   3.0517864476779417E-002  0.13760350517045544       0.24034748164509870       0.22363992488691198       0.25475382401838959       0.53329343642949811       0.32423876321414863       0.35908770257565042       0.16620432733731522       0.24318182561589444     
   1.9115292284538696        2.0132610543950773        2.2980289993962026        1.9779904250728406        2.2204618328973722        2.1146864805169101        1.6167475044408237        2.3445137471257893        2.0183002596736990        1.8653960099166011     
   3.3939039174080934E-002  0.14920336099250914       0.25755541527417980       0.23965481639186759       0.27110305689813335       0.54561948349290201       0.33054783419337902       0.37226251366706209       0.18054901680828933       0.25929587608458027     
   2.1009229748398766        2.1220189907364180        2.1542684796410216        2.1954539542922142        2.4212567133951426        1.5121908411435434        1.6345258867122550        2.4473959490498793        2.3506687908929411        2.1781146262323121     
   3.7905874781106921E-002  0.16043336404886041       0.27411891068093902       0.25533965221791893       0.28789191688504312       0.55663732643673303       0.33784304209160626       0.38584075682692759       0.19462345687048807       0.27485258867752993     
   2.2946231519778006        1.7290526058826519        1.9526993782656901        2.2188938900666320        1.5952190341669568        1.8515351418567743        2.4623406814557454        1.9682839028710366        1.9468556965618224        2.2368675706648729     
   4.1974145286292702E-002  0.17168599907611720       0.28995195029919274       0.27093559507842430       0.30336039647363316       0.56777248861966567       0.34547252795601463       0.39905146039449702       0.20745595051615234       0.29107526616890450     
   1.9153364933267523        2.0769560525737440        2.0405809076199155        1.8740011629374200        2.1475115869085899        1.9255188519097703        2.1033464181100143        2.1946897673826715        1.9293865366942908        1.9410828607611876     
   4.5730856464731753E-002  0.18330677770574660       0.30355379091556145       0.28508436584656199       0.31526241857582615       0.57901565917175180       0.35319475554341784       0.41133015617838881       0.21927353261087962       0.30812384097279316     
   2.2245397883482041        2.0043260005271324        1.6052776455395446        1.8142006783382443        1.9498835798420440        1.9466429938482583        2.3365361870620562        2.1851978958467351        1.8218417537281211        2.1340236560970949     
   4.9217780453753704E-002  0.19542003742120242       0.31781273862986420       0.29910921804875773       0.32789372591188160       0.59067609651055142       0.36105602866248843       0.42360360132886993       0.23210382261082094       0.32461727791782374     
   1.7883254033518019        2.0124199111468726        2.1578297520663470        1.6619405697484699        1.9982534699793499        2.2569693884203352        2.5027976733141610        1.9384573095393276        2.1945335560185879        2.1564448268862346     
   5.3375923699628326E-002  0.20774199749399105       0.33211278983497827       0.31360258299526206       0.34035324404459216       0.60231025086433487       0.36897758956056226       0.43594217767475263       0.24520926355948294       0.34101595939222479     
   1.6144309231855005        1.9239502170466614        1.7193751479286938        1.6418381450301667        2.0291941941885825        1.8797713389178869        2.0336820430652223        2.2678158868112388        2.1296021040609445        2.2071920076363543     
   5.8196125954795966E-002  0.21988968549295562       0.34683577143530259       0.32891138116746249       0.35399104003417625       0.61279072200513751       0.37686565971373176       0.44811091974039552       0.26043611581414655       0.35759583750663537     
   1.8558210352009861        1.8577112480533402        1.9343020346393058        1.5497511878477550        2.2128763951079846        1.5647050938489433        2.0769545100832811        1.9459214465464432        2.4573675569771711        2.1356988352821435     
   6.4112334582646757E-002  0.23166086555170184       0.36214524170149570       0.34399689848115184       0.36957195261400361       0.62272876125136611       0.38405285650960447       0.46099313065786668       0.27713242098449309       0.37374460142165578     
   2.1801367826937774        1.7660351202218429        1.9874338561840883        1.7500690209864223        1.9272438035218917        2.1416316851282420        1.9112309690681129        2.2624970716770769        2.2805579967589016        1.6877090566921449     
   7.0429858905350015E-002  0.24322701987225503       0.37698341997621831       0.35795050440884690       0.38439454954443031       0.63285230376077328       0.39090234680364583       0.47443829504618129       0.29420663758261062       0.38741990268924320     
   2.6143886418718698        1.5631219182297920        1.6930738379602577        1.7594857585524404        2.0925766632543983        2.0777133637534555        1.8432560151437303        2.0105312165920339        1.8353878384959073        1.7384051849987290     
   7.7080616143987146E-002  0.25542567572699959       0.39575970409680022       0.37142619911718849       0.40004587780118278       0.64363514597277882       0.39757014596974871       0.48724365828540955       0.31157863239667238       0.40199492571690326     
   1.9273349722953028        1.5649801874591469        2.1193263011815895        1.9906429319491958        2.3874080036183507        1.9886305860011397        1.8105284207337546        2.0189783694937078        1.7623646307205365        2.3394945526761157     
   8.4007219309193082E-002  0.26836380665853232       0.41226902374323515       0.38461949728559608       0.41472647824526276       0.65440162357243037       0.40420812412815699       0.49982676841865870       0.32923579336339143       0.41669644168379655     
   2.0401661508780395        2.0198338636629165        2.4766070737688648        1.9041131838510277        1.8420930464647167        1.7934523613921798        2.0608178012493239        1.7763834215670433        2.2605020398798357        2.3836392450726929     
   9.0880698315875072E-002  0.28229920234772782       0.42963929219132968       0.39859439764802368       0.42845594740553355       0.66402887610137895       0.41087506145895814       0.51286436532358193       0.34729098425391419       0.43044009147000933     
   1.6282972440912511        2.0724835468519633        2.2078901739708079        1.8532040692050387        2.3363253875759020        1.9889002832194485        2.0885288869791743        1.9823459077477168        1.9794284250471099        1.9659391642796746     
   9.7905532048236515E-002  0.29735256673410548       0.44699759847709042       0.41303412233846559       0.44237461378694914       0.67382285468628456       0.41798479386773557       0.52619631048337834       0.36540060809522562       0.44392128757637012     
   1.9585391942821546        1.8261902830076637        2.2066872407718008        2.1492567121707244        1.7134847082299538        2.1650258454574143        1.7191606814817626        1.8492647462672975        2.2039459374913735        1.7552649850932713     
  0.10502240194049095       0.31229551160588165       0.46281436185123354       0.42686797911779334       0.45694656725259503       0.68361171344948213       0.42501469152979421       0.53954215222591428       0.38401903702351781       0.45758960642418411     
   2.0744475655543622        2.4463816228946524        2.0475095164241348        2.2464710251320823        1.8939973874523415        2.1367063484371505        1.8606386293957462        1.9343926999725110        2.3468851079428878        2.5294676963545064     
  0.11318401938091727       0.32705632367665000       0.47671143484011802       0.44068794124034449       0.47179440836233832       0.69354260304505255       0.43182346019316192       0.55271026703128756       0.40264200186401072       0.47382580632868693     
   1.6795785926257571        1.9624812381427246        2.0044862338366327        1.5272497030580061        1.6324658677299100        1.7973023872367049        2.1035268584969011        1.9383924947539406        2.3061757931330940        2.0166840067192644     
  0.12058400875997644       0.34239070114769293       0.48956820542720197       0.45412281513925584       0.48658665683903290       0.70353426878748859       0.43899021893612400       0.56572792145285133       0.42127563878682783       0.48928093833542041     
   1.9682356584579985        2.1630794451764386        1.8655731584234263        1.4950486413822299        1.7833502651194943        1.6283888909534538        1.8716372550956089        1.6434008052503652        2.3848497417159624        2.4359178798058347     
  0.12733137227608315       0.35764785319408943       0.50335755253363668       0.46646038141944013       0.50252232054248147       0.71296400240051694       0.44553702120177474       0.57848550185262271       0.44020159410565274       0.50366956400467300     
   1.8481654263369389        2.2471277967686207        1.8294621506932771        1.7342024267147804        2.0674442702442675        1.9801441913738604        1.9712701209812524        2.0880020634878758        1.6763593507768972        2.3287975381367629     
  0.13537873274006401       0.37230101008333955       0.51602554565145264       0.47820437695393947       0.51854810062041989       0.72190624717590257       0.45162806931835192       0.59119101104293270       0.45860389762275033       0.51834896042959555     
   1.6226660799887098        1.7487942130855159        1.9977112169181170        1.5363257711416909        2.2671700987575516        1.9322584499386957        1.9994014385420908        1.6531798676443923        1.8975888368525231        1.9933536731337951     
  0.14448752935622280       0.38717027640020274       0.53026140355957119       0.49118498249533471       0.53378777443038472       0.73149154548812034       0.45733773766909508       0.60287877216459107       0.47629277901832212       0.53305867360332782     
   1.9285073958440926        1.7225148790663014        2.2938118024742264        2.1638932602657497        2.3260972531305795        2.1623502736077871        1.6918578415279362        1.8210113187453787        1.9545158566611092        2.2212524577156945     
  0.15460722740251198       0.40281677208514832       0.54479441049509714       0.50496521219423418       0.54792988166797685       0.74124030960237708       0.46343061240686878       0.61367284537394895       0.49290466458417470       0.54888141216435826     
   1.8193781764394843        1.9233356200447662        1.9958329443768466        1.8618091600501891        1.9947138721078672        1.9230817035117822        2.0166212119918727        1.6959614970094021        2.3620512965678260        2.0986855184272102     
  0.16452393195257153       0.41881092716726404       0.55994052288764895       0.51821669748694765       0.56141716615520199       0.75120352532131007       0.47009178616757946       0.62340535139584308       0.50753877929130553       0.56219721946535639     
   1.6459250446027431        1.9702335229541696        2.0689023446290666        1.8881563384123476        1.5646884169703832        2.2571620475318781        1.6145931075352755        1.3963644376445281        1.8035253341715476        2.0069945358961934     
  0.17441641068322594       0.43490641128271779       0.57620596568423299       0.53081708432705677       0.57498237865316226       0.76071221832485225       0.47751556945047036       0.63421958891732100       0.52217585203541395       0.57559865063055105     
   2.0236114630112603        1.8355449754925131        2.1125306774985413        2.3911674828487817        1.9754237780767026        1.8716925013568411        1.8418698030920460        1.7210870108503196        1.9070011859970868        1.7638780597076782     
  0.18550980947458148       0.45071824626086282       0.59279352741405034       0.54361811315369035       0.58894110265215582       0.76957308457379325       0.48559141584054716       0.64554557119395184       0.53709189444058358       0.58900021929986457     
   2.1264062469621772        2.0868635267072646        2.1300563372700116        1.8710382380603940        1.5294451234338975        1.9406248849929058        1.8137348041838126        2.1349969728955265        1.8971860502631597        1.5140487768779185     
  0.19758176635411762       0.46559599041724198       0.60930951089068786       0.55694517681700340       0.60266136435969364       0.77830492448895683       0.49395009645014198       0.65754683552412851       0.55339324627121922       0.60065783771593628     
   1.9907043971553866        1.6207708590377499        2.1432999253654841        2.0850789371919554        1.9289777058796580        1.7131913301959099        2.4291261457276820        1.7343207718520850        2.1576244357330117        1.7776737622825238     
  0.21076626119183381       0.48041897146427148       0.62548461864423688       0.56937557960001273       0.61698522972904413       0.78695424997852403       0.50256265400286815       0.67159812538516550       0.56933850142453912       0.61468468917440455     
   1.9703932101269841        2.2681830880936671        2.3513888037251593        1.4450638449820605        2.1903612064377032        1.5843422815627486        1.7465375916008776        2.4253405714681344        1.8857183470071188        1.9376623345566018     
  0.22424680983660503       0.49709625771447302       0.64089920312523330       0.58185554798812555       0.63140190228964310       0.79567292794316102       0.51086771714907875       0.68519245422331720       0.58530476343836213       0.62996074414333836     
   1.8113095586794572        1.7061289862294802        2.0344347446639914        2.2519808854569581        1.9080317802203606        1.9512323567692595        1.7147486282697819        1.9915471185382430        1.5524679139665325        1.8328905766427912     
  0.23768891033700185       0.51525761581188045       0.65474388017650542       0.59534761445432371       0.64514679928203722       0.80444100266764029       0.51850872702175599       0.69851136985381290       0.60141447118670033       0.64663656588438323     
   1.9569081063286249        2.2955855099399507        2.0102936927589212        1.7296175380174130        1.9634734501103415        1.7176335629913679        2.0167108600129162        1.7675608966269818        2.2357009374459782        2.2274644921182154     
  0.25080954781613768       0.53339954472094142       0.66906019002869910       0.60902163858126623       0.65745253541611970       0.81328560424880525       0.52600078505013270       0.71285236336294777       0.61799116904417795       0.66481581630253817     
   2.2575296840969381        1.9137073011766483        1.8435402585728515        1.9649582256475762        2.0259174057341398        1.6108613556227724        2.4872502700302084        1.8668808636440875        1.8911318158363752        2.2031256874152811     
  0.26323304059843305       0.55113421663798090       0.68356115729240674       0.62238024005103543       0.66937047105250524       0.82238895172973525       0.53377539783859351       0.72812744046456346       0.63531494758876050       0.68283033995755604     
   1.6870182374301463        2.1649536242194292        1.6830795113126269        1.8619730455461752        1.9740451529266978        2.0784843928154655        1.8355259127856021        2.3961125521338644        1.5078371569366600        2.3472693778447642     
  0.27555777032304901       0.56706415738835514       0.69907373139709128       0.63477018903283433       0.68319700560725183       0.83146091749307027       0.54209477390511007       0.74364493997957415       0.65240323609761142       0.70136767332112449     
   2.1342149700030033        2.4129720412748283        2.2114880337144074        1.7842708068161013        1.9526792926501300        2.1156344912423588        2.2494546512370981        1.8168136271810384        2.1857677408465270        2.4482376579991385     
  0.28902011036388348       0.58312373546104090       0.71542012883576300       0.64674885316635866       0.69729615338369599       0.84077482712318763       0.55089555105387167       0.75915164817718483       0.66866313277417422       0.71844778092536243     
   1.5840205161103220        2.1070315144838951        1.8678900531390730        1.7191891825690684        1.9779610849582487        1.7555724577846701        2.2107146573507390        2.7523307238252368        1.9618112177340850        2.3851511480326253     
  0.30437446408540431       0.60041575751033704       0.73218503084456332       0.65914745129853458       0.71226076525753801       0.84961991702132633       0.55991135629700717       0.77336429505405935       0.68427987234320897       0.73512068163048394     
   2.4782285640697941        2.0197353051024547        1.9493423148117812        2.3076095842579938        2.0732252573627741        1.9984722397477734        2.2970329120566695        1.5494394871589716        1.6265720106465000        2.1069288762528098     
  0.32120447618121867       0.61861167391774408       0.74964722258175731       0.67153272487345461       0.72841167716533395       0.85710743375761789       0.56897836287748915       0.78652390495143387       0.70027700860435982       0.75001181036299447     
   2.0431093383342498        1.4161042695366530        2.2001289189695181        1.8319988745726465        2.3063418601213805        2.2319980840830298        1.5552744393417448        1.6547512919100769        1.9554804249232312        1.9327795855918291     
  0.33953479270291748       0.63726736718005494       0.76822779831913668       0.68405999002331919       0.74533727843476283       0.86431947602902204       0.57818025886062085       0.80013231996290335       0.71826963242426034       0.76607297230207339     
   2.6750984833095752        1.6649280697990645        2.2876829135449714        1.7512820885644966        2.3987089660667089        1.9852894343101710        2.0958593936705885        2.7910777251670718        1.7855103319712740        2.1604837869615197     
  0.35884025085064086       0.65404033240599124       0.78674842402656231       0.69722943068296317       0.76229743456791443       0.87175575123657678       0.58794592553392866       0.81400926451991618       0.73791231821490932       0.78320660250490071     
   1.9453150264212371        1.7985546385869902        2.4408538246661911        1.5511948610087172        1.9715454954167706        1.7064018944634163        1.9673095612976601        2.0559678511699508        2.3742761144482958        2.2854125030616936     
  0.37785466845256882       0.67320141196838601       0.80400006667011648       0.71151551077426445       0.77887283713647049       0.87893506822043099       0.59867479033847382       0.82761893703001355       0.75817885733269375       0.79984258647579276     
   1.9585967930527570        1.7215752540328619        2.2994183052744672        1.6967448300021486        1.9245639611649987        2.1102909089190249        2.0274370211210804        1.7210088519138671        2.2272593632669717        2.1008995642967392     
  0.39721974034786378       0.69402720374650118       0.82000102870597047       0.72637999881624138       0.79544074115622709       0.88720380764306783       0.61065833148672621       0.84103413140062899       0.77848556620516851       0.81687726996728061     
   1.6612146292593792        2.2019665639077575        2.3707857541476431        2.0014457349316594        2.2263948104306035        2.1262753256141487        1.9319243200122920        2.2223817721403694        1.9139987515761854        2.1250368130223034     
  0.41776189028146393       0.71554142430760748       0.83499008675198305       0.74148736236285451       0.81215338674092952       0.89533744760337719       0.62285689435932245       0.85369836328742965       0.79745003230577749       0.83234116204567299     
   2.4514378405062667        1.8457299691570059        2.1581848803602801        2.1196632711018530        2.3727133428153651        2.3239071226568706        2.4582332576257895        1.6597817965851520        1.8233848213044119        1.8559999026586056     
  0.44010160855597574       0.73754195175554649       0.85011918613048654       0.75751986112069092       0.82957263520483093       0.90414848988767926       0.63567180682728897       0.86598900219608754       0.81550664527828465       0.84914779203942314     
   2.7343940332759837        1.5305709609631231        2.0534554152029272        1.9450635802909659        2.1602185724117198        1.9683146892298902        2.0826452145694763        1.7196979477733547        1.7320989505224367        2.0161824488504574     
  0.46503973687319528       0.75892169761830341       0.86545670381142714       0.77386757177431897       0.84769059550102366       0.91364012064077849       0.64856484117040636       0.87902301551205198       0.83369859873821051       0.86403904289079547     
   1.9801883583179021        1.9460458365371571        2.3289496315589178        1.9050239029035381        2.2342579283222617        2.8671685551330883        2.1880402220553652        2.0893638684628386        1.9188937680467175        1.9452932675396413     
  0.49215542363465281       0.78248175810074294       0.88107550833420745       0.79031562855212023       0.86644945744726842       0.92340842422971481       0.66139559798345604       0.89119892100947828       0.85328072588461112       0.87772232319185806     
   2.1454625999480759        2.3371706778586612        2.1855674279954989        2.5666783700698796        2.0190662548084246        2.1708072698078302        2.3493621767671571        1.6754552854431559        1.5691999229998685        1.8114335945020699     
  0.52290681952728202       0.80902167429447369       0.89306991261216528       0.80719199623082261       0.88490839946223099       0.93287163906887804       0.67262824416334821       0.90375830563561499       0.87337486737240133       0.89021915813676777     
   2.1552488855009431        2.5433584703544705        1.9255452015717938        2.1952245497982092        2.1523912313137576        2.1147197386402552        2.0995203608590485        1.5865107627004327        1.8966651303983282        1.7607927236386658     
  0.55619672612776083       0.83122156757845345       0.90431573132400567       0.82402081906903490       0.90327626711387343       0.94090832826286408       0.68503882091936596       0.91742705901621124       0.89223894046384100       0.90355767289488331     
   2.0846214867433095        1.9111120875640026        1.5876421671911907        2.5606114811232774        2.1571915704963907        2.5513954201127200        1.7753454345175701        2.1912096964178476        2.7051460023253102        1.8328635739574299     
  0.59825923772394163       0.85333003360987658       0.91623296648067309       0.84222176283845307       0.92183013261209645       0.94763717727172991       0.69769120485370595       0.92980676018122410       0.91148026596787157       0.91784974242840756     
   2.2019535890518385        2.0180330431190816        1.3411141069849122        1.9471880098489140        1.9559656269723871        2.0490758396179762        2.2006444191033396        2.0132581277863331        1.5652907652147059        2.0666282004695229     
  0.64597916406353340       0.87739246374715529       0.92946110281676664       0.86243414490761350       0.93923996450856673       0.95459397028456394       0.71299970438136528       0.94241769524798213       0.93003491116720960       0.93364919641300692     
   2.1007823579026383        1.9884268445751065        1.9023041050882552        2.0013876904789925        2.3011919166516948        1.9962538860282752        1.8600171903316101        1.9889730874323333        1.6842816992504788        1.8742332984676742     
  0.70308560573267131       0.90544800811294557       0.94733422916193899       0.88219022988775686       0.95452888366599831       0.96192016070161002       0.73499391934365610       0.95714215979443396       0.94721492542775898       0.94917181871933565     
   1.6387715471364572        2.7031620449763794        2.1143477922420755        2.0927148054569744        2.0613994991927895        2.1347115847262836        2.1234523918071502        2.2179562478546444        1.7703166908673014        2.3256769297730928     
  0.77880340149021376       0.93650205384809770       0.96493943282919392       0.90430322171432465       0.96836317751971812       0.97018221844743546       0.76265611958744828       0.97191793647506508       0.96399921521957821       0.96524525442101039     
   1.6381286435102682        2.5864785175913765        2.1320214503019010        2.3421181345385311        1.9845182217620045        2.1387764093822410        2.1694081731295771        2.0789608584220152        1.6129428327294826        2.0367405273202230     
  0.88024799782121632       0.96420166200113178       0.98256646136369585       0.93793586010336083       0.98346502650796586       0.98450485227871187       0.84620015343654231       0.98573556787972938       0.98002591013189633       0.98164725569460098     
   1.4698362833719305        2.3441577439498884        2.3356702635924944        3.2302138198347889        2.2434389600498874        3.9013649801284753        2.8094980118576540        2.3449643357706269        1.4700894175041725        2.0140448882297495     
   1.0000000000000000        1.0000000000000000        1.0000000000000000        1.0000000000000000        1.0000000000000000        1.0000000000000000        1.0000000000000000        1.0000000000000000        1.0000000000000000        1.0000000000000000     
   2.2441398793091452        2.7731887076361419        2.2120248563763263        4.1170197644254447        1.7338177550272016        2.2949389716256063        1.3296588901498685        1.9350488853224570        1.6327324682541808        2.1249740304204829     
  -8.4758004717197258E-002   13.261657227284472       0.34722454290544397        17.557134956519352       -2.3289312937028925        2.3643744418367589       -8.6859046712381307        6.0430414016515464        3.2647553581458797       0.99625741156769454     
   5.0450442630738737        8.2650110238506862       -4.0312344728553468E-002   17.283954870254792       0.49427766158777620       -6.2262696761544580        2.3059833029756613        6.1038028140638243        7.5411048210386618        7.2314963835454984     
   4.8126174772081658       -1.9898789409761475        2.8068171740106420        12.377143349677004        8.2002143195307458      -0.31643408800861228        1.4684627046209313        4.8381863437877781        4.6737872289121132        7.6557132170518898     
   7.0927016329056114       -2.7390188679064487        8.4750772944772486        5.6507614805527808        7.7392863554149711        1.6636452450831400        4.2473871250931996        5.8008941704904045        8.8700675111026399        7.2157770973031203     
   5.4780133786858052       -1.6250965077162407        4.7511959487395092        2.5859392698347756        6.8459876885833308        5.0024751223238484        4.2451746607794263        2.1441777096345236        4.0056577601927561        2.2149579725357360     
   6.7178893038385024        4.5155647478068186      -0.41542265412527224       -1.8938999568602306        5.4635369354557941        7.5629901229285386        7.8901079936292753        2.7130395184359410        4.7788024645750049        8.2975076541888590     
   9.6868578720565335        4.4456422958600186        8.1502238295979552       -13.567759406205004        3.6014904624503137        4.3845298869619453        5.7857812563394395        3.5293972862554948        4.9782651297546225       0.53939002516083934     
   13.296719550070360        8.9949270476648611        5.0874727512535287       -28.882600634030346        2.1610967675046959        5.1063521965259113        13.668378986544024        4.4493220918890302       0.45453962806688336        3.4315036448563272     
   32.785097844102822     
           1           1           1           1           1           1           1           1           1           1
   6.1157044624830821        2.5487018035020084        9.3089620125839500E-003   5.0123145213668323       0.19412566408214793        2.0344668856274583E-004
   3.4966358918428975E-002   3.3559379102278811E-002   8.8058750021983052E-003  0.12591119216189525        8.8038892625134802E-003   8.4734633285035630E-006
   5.0000000000000001E-003   4.5724720227737849     
