   0.0000000000000000        0.0000000000000000        0.0000000000000000        0.0000000000000000        0.0000000000000000        0.0000000000000000        0.0000000000000000        0.0000000000000000        0.0000000000000000        0.0000000000000000     
   1.9184643433838345E-004   4.6754331787303973E-003   2.0694105474387482E-002   1.8473401167125328E-002   1.6001176702117509E-002  0.21292208881947677       0.13186418696980867        6.5514534714556039E-002   1.6020922748997597E-002   1.7154119804205191E-002
   3.9719633611130116        4.0081403303596490        2.0208141492679932        2.2044049254962026        1.6581168143292122        4.0625722567777647        1.3173799170220828        1.6674010487681596        2.9845555089664435        1.5815317947520069     
   3.9026121750844131E-004   9.5057860034389700E-003   4.2897805788212534E-002   3.7418288431719765E-002   3.3058788772858054E-002  0.30275898565738513       0.20773659611478351       0.11827600996861608        2.8294748345010650E-002   3.5574136194596449E-002
   4.1955087301349385        3.2554914463696827        2.1482002782567720        2.2043711698380202        2.1697348522768793        4.5354242202662913        2.5203867876969488        2.1337138308300410        3.4988015328177511        1.6677070694764164     
   5.9233517110967161E-004   1.4608253970822846E-002   6.5274044329775113E-002   5.4855891679264274E-002   5.0851853959541629E-002  0.34644065339562302       0.23388290253242261       0.15879812094618129        4.0102415931071347E-002   5.3658301944658107E-002
   3.5920529952110218        2.7364641404751811        1.6767153965988104        2.2351984465882770        3.0710969176445366        3.5645310362790288        2.5261714358697964        3.5172058786704294        2.6001575500808203        1.9400554318431353     
   7.9704087978626310E-004   1.9849604674849846E-002   8.6762964052792893E-002   7.2459594079440789E-002   6.9113927672829450E-002  0.37767480823752336       0.25361424028382951       0.18975640996743928        5.2344156056548109E-002   7.1497116467494418E-002
   2.5081788886551291        2.2729520709872277        1.9962543666781440        2.1403584939546065        2.2987445752120652        2.5983318597049356        2.0252362311264611        1.7527431768031270        3.0317940456189243        2.1176347873979879     
   1.0230320318002752E-003   2.5325903786912483E-002  0.10685637271535649        8.8277397358061949E-002   8.7212842458675860E-002  0.40143158336560397       0.26958359186117231       0.21372394163835495        6.4068622296026514E-002   8.9224938267773182E-002
   2.3862454621181577        2.7180438437795114        2.0224119490628403        1.8118373460800774        2.3228859537195672        2.2898414547936810        2.6077940777760542        1.8660909971408937        2.0751070575261212        1.8540358059394126     
   1.2733060850165987E-003   3.0637781208306885E-002  0.12636782647654460       0.10501467037034097       0.10463617184251352       0.41999995874008578       0.28270070672454578       0.23259206550370842        7.5368564925099149E-002  0.10664237409421094     
   2.4258887146721921        2.3790947332375834        1.9619782078285792        1.8010727667835620        2.5335362578238492        2.2130244106219301        2.2914543969559147        2.1217065989551593        1.8159048160289690        2.2116533003640835     
   1.5286974639517714E-003   3.5910782262043403E-002  0.14728918044861372       0.11919870684050068       0.12183765071226801       0.43717196116346074       0.29508168454385725       0.24826684850351291        8.6151147013317497E-002  0.12368913448052224     
   2.1323448662582507        2.4817995917295845        1.7766743015875190        2.2033554958609658        2.4697683170502773        2.4688943585579466        2.1576110921435956        1.9216302530875540        2.1304340328934939        2.2722078191329169     
   1.8309472547165385E-003   4.1414599931439158E-002  0.16877184106866300       0.13324961191616522       0.13943214144970378       0.45513706888203598       0.30600166117337196       0.26196395992463994        9.5996733181633612E-002  0.14218906516082275     
   2.0436255621973403        2.5786966805125560        2.1776399634459014        2.1901650555445351        2.0403424965442527        2.6411797209670662        2.6923785664809525        1.7332940245725927        2.1334048537156520        1.5717355661723322     
   2.1630307010783328E-003   4.7111563818441102E-002  0.19024931903595349       0.14883872052627656       0.15745611449673563       0.47346194888773296       0.31581718934246927       0.27436937456129573       0.10558756370917205       0.16189568804053034     
   2.1096810738350245        1.9343481823417956        1.8251195706493748        1.7902801790366134        2.0479186794686193        1.8269156698636158        2.2869694986500977        1.9077244015616459        1.9496632828290625        3.0581743338342569     
   2.5359395310956944E-003   5.3165090262568243E-002  0.20954415091772896       0.16378598630382066       0.17568787211549364       0.49166501454365541       0.32430315116740793       0.28604851619418969       0.11562937751469225       0.18122653776858247     
   2.0726639327658951        2.2217405877630263        1.6657508782607928        2.0272068206407581        1.8011827468003707        2.2330726681708448        1.8591410039044265        2.0745064609368704        2.0694726443165288        2.0163445981825285     
   2.9808991123414551E-003   5.9630579223032748E-002  0.22848091843185242       0.17702660537801435       0.19379926152152699       0.50911027751614302       0.33189447445249015       0.29800828508774813       0.12638322950488248       0.20028595787673045     
   1.7667668275134873        1.8668846509977441        1.6077797226276223        2.0800382989664525        1.9279045956448719        2.7092187545037052        2.0251640751436022        2.2994005869106111        2.3890744900332792        2.2999448925156396     
   3.5126248438495543E-003   6.5790566402098780E-002  0.24852992634984356       0.18998806132577825       0.21096427084155037       0.52514996287645643       0.33931188430534459       0.31027298017342758       0.13668963757794111       0.21929506472926319     
   2.2300494080196693        2.0644180753124100        2.5889723543734839        2.0535689361739329        2.0925051500407079        2.2053668883775916        1.6248770721864416        2.1696426157961528        2.0215741811213790        1.9394714252213974     
   4.1392014434897479E-003   7.1405211222499862E-002  0.26894914417638571       0.20341123117754834       0.22705728784137716       0.53827082986947050       0.34612915444924303       0.32280980773609957       0.14918085129827652       0.23795729766832385     
   2.4225213833967256        1.7788996770048899        2.4949703676691932        1.9102110146435769        2.1400294833129867        2.3862663389539396        2.1946265364244417        2.0733379603175219        1.9187256338672070        2.4801896825176688     
   4.8645520909169973E-003   7.7261429437182519E-002  0.28991099708770185       0.21778039951450923       0.24260632160338000       0.54928474224103019       0.35218003416879651       0.33531002768171336       0.15945056443800418       0.25562856876172407     
   2.0305778730516790        1.9493591842755793        2.2389096295653590        2.1052869304655317        1.7436083438185843        1.7753710723117131        1.8979535542930117        1.7401906916572605        1.9913211094591685        1.7862996990427664     
   5.6784128995537673E-003   8.4097507375397590E-002  0.30972530155108025       0.23303508073624543       0.25862066252704030       0.56056822159447472       0.35849295131742526       0.34714133319722418       0.16947895136495167       0.27154081729947549     
   2.1588465420144236        1.6520259047761836        1.7263050348033706        2.4159418372340085        2.2109585686172264        2.1387987886475277        1.7602886212540860        1.9704700465035987        2.0585169709281148        1.7910041774252201     
   6.5811321983297822E-003   9.1370344906316861E-002  0.32742405051370649       0.24828575280424225       0.27543377958428256       0.57288046021043948       0.36573691973402095       0.35851568247929844       0.18077831514813636       0.28754732879347455     
   2.1978137986921840        2.0355323975237924        2.1475789514157029        2.1674101018111713        2.0598709942185613        2.2534749404807810        2.0441282114281871        1.6201520171892276        1.7397642774027515        2.3581515296185289     
   7.6248225705086697E-003   9.8777395894312975E-002  0.34482445585136962       0.26416016960932098       0.29183349586417628       0.58580270771520704       0.37316620470822454       0.36991364219696066       0.19193070558287745       0.30455875663011234     
   1.9907042506351449        2.2111205993791510        1.6800316881346349        2.0361283600922495        2.0764080593917451        2.5254739785139089        2.0950492911678329        1.8616479257818965        1.7675919990718625        2.0325486961479604     
   8.7642102162025174E-003  0.10674403485637603       0.36199333870977168       0.27991437950712372       0.30700835278499405       0.59743025668698013       0.38069686486166415       0.38112892024407952       0.20280358238034507       0.32021970652362147     
   2.1342208459946166        2.1060767637247713        1.7724016999612613        2.2181100981099648        2.2010351312303804        2.0092948938086201        2.0840443463675937        1.6137199385173873        1.8878098455728480        1.8415641835674665     
   1.0176369807166704E-002  0.11497787432217624       0.37927163695302923       0.29502343426736977       0.32222343859743902       0.60833991986884817       0.38813577993224657       0.39188922994411113       0.21477239557275790       0.33397387989766802     
   2.0529122790228294        2.0783766586177275        2.1236470694011031        1.9649370574287228        1.8228870792851686        1.9115257147313829        2.3787898277595185        1.5289602361868821        1.9265753977379427        1.7456238832487252     
   1.1651618179060514E-002  0.12337795366346947       0.39736843958893969       0.31086379041288686       0.33859816307920143       0.61876197889737194       0.39527395017513028       0.40289897534879371       0.22755052714211160       0.34719882771840721     
   1.9119500920130017        1.8208117890313256        2.0603509223929319        1.8130788752614277        1.9703700968068851        1.8351416450243780        1.8688730611372051        1.9390290815720399        1.8619008658732765        2.1309014127478467     
   1.3322442175680406E-002  0.13220373088987541       0.41204957432491496       0.32724112296697461       0.35420382952039237       0.62847253921771906       0.40189881266275423       0.41446672343439733       0.24073496450441431       0.36044663311349362     
   1.6758667941699623        1.7993913114095861        1.9068006657622638        2.0945016278093531        1.7753504346817759        1.7329323088978028        2.0732795424357291        1.8162500924595342        2.2989753959253569        1.6145737250166785     
   1.5170865740468791E-002  0.14003423257813574       0.42613780061831230       0.34343646443575693       0.36942703687002565       0.63754340253660369       0.40813442340365053       0.42547504366676187       0.25419222436061595       0.37326914365909680     
   1.8800187642840387        1.7836505467932504        2.1041868440346576        2.0075646170403756        2.0901749894943804        1.7056437409724254        2.0394955348573354        1.9581903662942772        1.8286632062139141        1.9345875139325697     
   1.7164092028918887E-002  0.14735072397150353       0.44242385656424760       0.36141242732513906       0.38522466245472475       0.64626427835279232       0.41440430186331845       0.43657181352900470       0.26808481335972029       0.38579523992918296     
   1.7149595497136638        1.6730198346997252        1.8515486675396129        2.2189189791296999        1.7966584327132280        1.9078982058976497        2.2231553095721295        1.9922874515854039        1.8951141268777778        1.9992916821175182     
   1.9632394833170551E-002  0.15534493759741014       0.45758741612076259       0.37780222747097247       0.40260019154985710       0.65490107319375124       0.42081738396583079       0.44835166568748519       0.28237703879380732       0.39833875984433859     
   1.8641235758643466        1.6577936682977497        1.9937602714643559        2.2431798571708104        2.4325900369082927        1.8936310806799501        2.3395251098211665        1.6751404628021178        2.0412634622824077        1.6453662796341821     
   2.2476443468386672E-002  0.16421785200478850       0.47346446965361449       0.39276327552119583       0.42007253398573091       0.66338602531802260       0.42742548428079830       0.46114397319662009       0.29674660621506854       0.41174218455842188     
   1.9300407263552091        1.8313706754138928        1.5475807313339662        1.7077998072289320        2.1185134018404828        2.1265241491647897        1.7332203477850823        2.1737779443867593        1.8082541460333550        2.1309877531549355     
   2.5963174511687909E-002  0.17375326990069054       0.49079505034883658       0.40771927409659497       0.43596018329597475       0.67176976073249528       0.43394762535892056       0.47328209948503902       0.31070245001089436       0.42517541063309738     
   1.7315851671307410        1.8484263042761671        1.8621476335832556        1.8366462148443430        2.0793707541698896        1.7901663974574047        2.0154760745196816        1.6633793883247121        1.7498629047129133        2.0630655082444087     
   2.9931162237414967E-002  0.18404233515259089       0.50818515800503927       0.42261002286657678       0.45175444999547465       0.68027546622598833       0.44004956979992205       0.48566747181275055       0.32517276115532151       0.43812253794517853     
   2.1607493452812223        1.5182118938550306        2.1283526076002919        1.9717986043881501        1.8481013281082124        1.7989149182981434        2.1037466077679663        2.3681812946499403        1.9503147432442434        2.3776986617546316     
   3.4058457983019763E-002  0.19501430930969010       0.52557858180793382       0.43822527209103362       0.46835149323171454       0.68891865796612117       0.44608393133557789       0.49751936597278618       0.34021225571306046       0.45104912786156909     
   1.7274114612477280        1.8907827293991462        1.9721481611165392        1.8335448032866031        2.1199441275978859        2.0982883050819630        2.0076117820123294        1.9373308732355092        1.5383438112374870        1.9640492521972082     
   3.8256365773529234E-002  0.20661338355951112       0.54259906392492785       0.45301044092491993       0.48493871933478566       0.69759544775016602       0.45208191200394582       0.51222871672334880       0.35587373410068246       0.46270717258894528     
   1.8541279043418604        2.1096649584112153        2.1200331552194620        1.8459788856002977        2.4188149373221539        1.7712967606062258        2.1088402479836907        1.7022640024663385        1.9647906339778325        1.8313951529067267     
   4.3333927908165149E-002  0.21863488859857433       0.55865822971016577       0.46676479726618769       0.50039200126164018       0.70590759338397813       0.45788926684076992       0.52595869385779126       0.37196746528196700       0.47403069109352530     
   1.7460735812926873        2.0342453390283404        2.0994157369832855        1.5156039631504943        2.0643644434312387        1.6922157117194312        2.2583095405613727        1.6937969650311582        2.1737954222941238        2.0694296868835838     
   4.9522534508439423E-002  0.23113338883193135       0.57453820207086792       0.48062859386462647       0.51405378103938293       0.71418493493795709       0.46339191036736782       0.54278013525121327       0.38792085247763336       0.48639647115930756     
   1.7728392588969855        1.9964801379261246        2.1571891568920036        2.0444231282223639        1.8360635357754902        1.8397543935629863        1.9685470025628995        2.0868061875147572        2.1690114091956318        2.0291761100602264     
   5.6148719187362764E-002  0.24426003917442440       0.58999031500020449       0.49646364847145658       0.52722681106048541       0.72207622460708731       0.46881304149318742       0.55854653615881500       0.40407127535596610       0.50009149963910826     
   1.8205778847044480        2.0786860716894382        1.8060796732196915        2.1411584669752264        1.6101293196004265        2.1208541716855813        1.5975597327135214        1.8322820459580871        1.5143430042194579        2.3439079261240452     
   6.2890893676507326E-002  0.25799783980811719       0.60557733559412641       0.51209306617143646       0.54470943252709358       0.72903898461941330       0.47507129067281528       0.57367699685945006       0.42100401802689075       0.51445388579300444     
   1.6527070763147400        1.6347381932550340        2.0949789568516328        2.1378242174989008        2.2710812048595996        1.7183014765813656        1.7818529930584144        2.1295462320024452        2.2665605400543316        2.2327918665358615     
   7.1700927694665934E-002  0.27181338494937951       0.62084835991698950       0.52790440738793587       0.56113815526713129       0.73628120290264853       0.48190241121755939       0.58894080738727972       0.43766627777161021       0.52843613200512352     
   1.5009149520855762        2.1251535888691526        2.2058048625612297        2.0217222933372878        1.9655216552345909        1.5631803658665766        2.0093558921978865        1.8800311014794027        1.5652581775975205        2.1351497627814204     
   8.2351902033023255E-002  0.28607724039131527       0.63559893260368583       0.54513757477506952       0.57639934416601757       0.74370007672484084       0.48868907041731985       0.60489497558825978       0.45388072004124141       0.54167142418656711     
   2.0724309228800117        1.9020288827361553        2.0354226311415102        1.8136882256274400        2.0180058639856244        1.7570275903009438        2.1105956240873143        1.7657791787362898        1.5971848806664577        1.8779828309877520     
   9.3676208708687939E-002  0.30124310099063623       0.65060101066742038       0.56012373178399122       0.59132044319781563       0.75101318394573369       0.49514249783494363       0.62162913512926798       0.46983206218268780       0.55478203835141493     
   2.0374455629706363        1.5989015169844603        1.8574457059439511        1.7605631772405965        1.8058727084237842        1.5621931470181816        1.8028479979723482        1.9581386833296324        1.9281963451035358        1.8492925929275452     
  0.10530898389913017       0.31669185594895061       0.66596662720905975       0.57474294221910449       0.60650624888756344       0.75857503093329626       0.50163557084554500       0.63811888010433904       0.48501049451291256       0.56777093831311964     
   1.8255776331172742        2.4526929421698376        2.6616967137561085        1.9874421632370840        2.3000224875833220        1.6459070192194694        1.9773999508730544        2.2771868412691516        1.9407476805746344        2.3613385568845953     
  0.12004369906088536       0.33204220950014962       0.68149395749958042       0.58920166928291429       0.62220044624475934       0.76683107393819694       0.50849814159832185       0.65296222246939317       0.50097527720587398       0.58067404825918933     
   1.7603294976854467        2.0075612870313315        2.1103156956502693        1.9115715992797211        2.0022311292689898        1.8835355389500958        2.7702926535431356        2.0591418182901990        1.8275824855960419        2.0876136513358059     
  0.13804778776160564       0.34773879245012801       0.69509022151303934       0.60415138083494069       0.63822091302194062       0.77500561247404176       0.51540228467078752       0.66851186039932264       0.51753668965020405       0.59327452447152729     
   2.0753507116688903        1.8845500146563761        1.8062665652264773        1.8244409241137314        2.0544324402820613        1.9178476315435189        1.5417700396219676        1.8881655960975152        2.3015187753737005        2.0723044507825961     
  0.15687040797255580       0.36389477284406779       0.70704530061748316       0.62008379343167974       0.65243404407951577       0.78291824634876173       0.52213000215573391       0.68491977918133706       0.53358794498085138       0.60603457149542517     
   2.5401443210712595        1.8830724933985228        1.8123061341186477        1.9749912530965648        1.9029043264522736        1.9244495555245686        2.3987768611468065        2.0342179564449645        2.0780594877221539        1.7547971396505444     
  0.17627722438202953       0.37989236601634563       0.71898655088451502       0.63641855204922970       0.66629629134892432       0.79072527530523562       0.52872247700868158       0.70221745944697045       0.54849330605559465       0.61915185239428894     
   2.2435785208184864        2.4440961123263474        1.9436635892742160        1.7863057343582252        1.5843190306002921        1.9342385740136330        2.0719078805512701        2.5171429645955326        1.8968004578653013        1.7228347423744674     
  0.20042518369417006       0.39510213476950573       0.73167969280050371       0.65259154650356710       0.68008637340700129       0.79825679185951315       0.53550738862841107       0.71814232561804792       0.56568396159620704       0.63323527269488566     
   1.8488566289362145        1.6308245552993135        2.1013535314220828        2.0500566662909137        1.9476309737975648        2.2066702427843410        1.8805948061824818        2.1754214770710494        2.0456829206654366        1.5735297665255799     
  0.22751266704096235       0.41073076934743974       0.74536838852540832       0.66821676727079704       0.69247180606813941       0.80587445027372639       0.54211232465827330       0.73394182793594920       0.58413474674247778       0.64846442673239901     
   1.9849918838884235        2.0497500400548656        1.7552029882628322        2.3764232599737087        1.6038647615065653        2.0763545636167797        2.0314293374714518        1.9969658579963294        2.6897494429946671        1.9778420845774998     
  0.27603751113260694       0.42772737375849534       0.75876406078556324       0.68431666886914833       0.70662554124633081       0.81369053149075543       0.54873703388777617       0.74987062985681097       0.60033500072615775       0.66509529633541653     
   1.8563508470220471        2.1810383185123650        1.8299433987670235        1.8789306525055025        1.7889035114727347        1.7807242006920556        1.5163286971118386        1.9199513969353341        1.9809543116866464        2.1871725342365500     
  0.34666711445098219       0.44640687451136069       0.77164764873826441       0.69915652073355494       0.72199109470429390       0.82176189501802699       0.55634457623653810       0.76574631658539372       0.61535307898153768       0.68273839978059236     
   1.5783816404592770        2.1976288323488151        1.8494967951170482        1.8917130577225501        2.1406131870866800        1.8004517784651008        2.1658391186114350        2.0741863209016360        2.1384248698355672        2.7835650192606107     
  0.42867960837615410       0.46474969530186694       0.78351423217965610       0.71478048465142319       0.73731826651580212       0.82991963459035978       0.56406991084147906       0.78076747700509919       0.63097582419905662       0.69936294458112813     
   1.7730454644933682        1.5813866148976881        2.1462683743415751        2.0796366132608544        2.1135537092668604        1.5220057686801933        1.7876478493427033        1.9639486605733329        1.7179334633030259        1.9452362814206909     
  0.49688424483506333       0.48326512873186556       0.79445078410167524       0.72974352768234296       0.75296969699864891       0.83764612595232180       0.57145354979166485       0.79491965265343378       0.64640644733721231       0.71557001946265819     
   1.9163026041976068        1.6752088909142078        1.9721236968534179        1.8006849821570243        2.2676343184612082        1.5787049403440805        1.9921569839269866        1.9135018275445679        2.0393973405917492        2.1600475669561616     
  0.55633724304498844       0.50274796070579608       0.80520435399768975       0.74465035104182076       0.76849530790241960       0.84528102294357133       0.57789696729570916       0.80851803458555171       0.66145060398241129       0.73263491365021971     
   1.7175144963652089        1.6753622109161459        1.7412045797559783        2.4063628910543322        2.0414309268627324        2.1468730466263763        2.0809373232954438        1.8825238066975511        1.6213935944666427        1.8150448065950127     
  0.60605301374066123       0.52345963284131813       0.81637879753022358       0.75836012682843967       0.78554291340831661       0.85335409847914045       0.58582304104098737       0.82150910035854385       0.67639358926490811       0.75019933063696964     
   1.8794211383834036        2.1061444056280481        2.0621264887342154        2.0182552116592882        2.4109821981020643        1.7677111685480720        2.5019166334736918        1.8044276135867721        1.8739268662133126        2.5357412926694676     
  0.64709672854724087       0.54631497614926916       0.82846253673531700       0.77187985053314179       0.80291297782293625       0.86150734150958042       0.59412728946276627       0.83543402463468874       0.69135615402800676       0.76521400198518386     
   1.5355388153308143        1.7012278219331118        2.3868812131055375        1.7599370859165238        1.9673135242485371        2.2378217483050111        2.0721966760464809        2.1568442414690669        1.9792148688751046        2.2585661208175534     
  0.68421926508497755       0.56832249334175411       0.84131112913132022       0.78595880097677706       0.81955746683715536       0.86873306749592194       0.60282624826194753       0.85014726680330432       0.70717034211047447       0.78097898039187652     
   1.5977931105622392        1.8474806070332559        1.8808262004974734        1.9681755265246994        2.2651686249402418        1.6692119083653076        1.8624880509612685        1.8622799609917782        1.9973832310884811        1.9119321107525138     
  0.72066906718222157       0.59074009087770774       0.85464471971936140       0.80078665325352083       0.83531116568046748       0.87565282123077670       0.61181756294775802       0.86417968977480597       0.72501018184854449       0.79631130129054495     
   1.9651003484276746        2.1529783567932226        2.1049989466842414        1.9308176129189367        2.1703037155371270        1.7503861231108682        1.9347253070916939        2.3336539278735962        1.8046135725738894        2.3914760487834883     
  0.75748751792244606       0.61602324348838733       0.86764607641102387       0.81626660365826775       0.84926837455565751       0.88287516406593736       0.62056340989468106       0.87724247577222325       0.74625066018525954       0.81246023267267309     
   1.6755128737010538        2.0523828310882646        2.0455271710051202        2.1376874415374125        1.8748406773110324        1.5503622427035750        2.2245816364139648        2.0101580676582498        1.6373984886641901        2.0952013536522700     
  0.79175460706091461       0.63987346880399520       0.87975441235387453       0.83338713326252700       0.86206034013856769       0.89018037769161218       0.62936369096372935       0.89052628387891386       0.77057413461409341       0.82908391397136816     
   1.7620894241432803        1.6459404721059887        1.9700793715007978        2.2685673529167216        2.0742334560743041        1.8146130992590728        2.1313887534270628        2.4979890983649979        2.1569658973405117        1.8285975613007324     
  0.82282093315478755       0.66511724429154551       0.89158232501784485       0.85063068382069806       0.87466613146801286       0.89756568695258865       0.63854364483801407       0.90522273139727194       0.79516743937536460       0.84538032749003134     
   1.8124277215442293        2.2324371069922471        2.0984350495138022        2.5384759711018443        1.8401019854455083        1.7109643198230278        1.9425307709871396        2.5135074123316019        3.1434182319026593        2.2537436394025314     
  0.85155059606568384       0.68881819135157962       0.90353275286439816       0.86773590179840066       0.88854018763360765       0.90506933105169762       0.64805001923936834       0.91742313616556537       0.81910999551640584       0.86249485051770869     
   2.0316722516732519        2.1385885125922761        1.9790818509321435        2.1749450956441478        1.6537560342585698        1.7930044880608909        1.6904452552329203        1.8978869327495083        2.6216739802366953        1.9200395798990040     
  0.87552292384899133       0.71584501486258456       0.91538490158672481       0.88448737247258802       0.90270391972431552       0.91260640311178320       0.65790026709839311       0.92756959247644399       0.84286111087975524       0.87974944246173636     
   2.1694868810691230        1.8301261239258306        2.3153871526044880        2.2109135896076015        2.1515407081677518        1.7175039121287556        1.7193122346418976        2.4735355386359048        2.1292887997939705        1.6912896157730097     
  0.89595624256283624       0.74640706394536438       0.92686365106892699       0.90193114868421875       0.91702100144425625       0.92005037457102801       0.66835615979944663       0.93877272368848808       0.86662654633065694       0.89686692731212381     
   1.9303084444583178        2.1334414657174610        2.3654865164528505        2.0720783019739337        2.6388866403609135        1.6991513616671021        1.7293416374689001        2.6246959521841760        1.9997506171985495        2.3383966423327593     
  0.91539895637748980       0.77869977121922840       0.93833137091605645       0.91985906230848413       0.93105483899306363       0.92754461778351349       0.68051820772397187       0.94957601101199895       0.88992004184228657       0.91415959857426266     
   2.1719475270871658        2.1991894652633412        2.2827834788561572        2.6602988286452964        1.7658035070610572        1.6863977776589087        1.9812167635766504        2.1431400262245419        1.8047987997944119        1.8394198190540962     
  0.93443866155181443       0.81021354424573011       0.94987653900242819       0.93683385266841557       0.94580291476865097       0.93619079256189075       0.69435950826895954       0.96005551225952879       0.91204789692687527       0.93184349001201261     
   1.8249605338847270        2.2844978428494445        1.8452263893018432        1.7736244163031059        1.8068074758509922        2.0292479073971585        1.8012090808705681        2.0294393391780932        2.0202199757576547        1.9371966618978054     
  0.95182413338623817       0.84327815105104609       0.96188702604529785       0.95288392675214550       0.96065943758069816       0.94596620265432152       0.71128543652496379       0.96914181252163623       0.93331392985436301       0.94965586026987536     
   2.4186124300439844        1.5612078239903766        2.7975493676336489        2.4990983242208444        1.5667021195378306        1.6127571639049654        1.8125879320933773        2.2973713646314367        1.9454633645288255        1.8787777104634089     
  0.96969765063098112       0.88273696269974089       0.97463389001555722       0.96943009155069204       0.97499490502185593       0.95687284671458328       0.73506150062214048       0.97706629664175881       0.95610791745457202       0.96726558855780520     
   1.9856805021217108        1.8169884846316884        2.3304964934489032        1.7072430684469473        1.9450473989951467        2.4277022683597722        2.2577283592692248        2.1361991548744355        1.8804296910524552        2.0827565297531301     
  0.98487114025914668       0.92979599921636269       0.98672967140110224       0.98466237645096077       0.98804536015199462       0.97270898042218601       0.79487657830991565       0.98890266006500060       0.97732431882969961       0.98373231300826225     
   2.1779824935071650        2.2237585445008663        2.0383939625569250        2.0491073899605659        2.2530224121693805        2.9744802141293292        2.7056042362146528        2.5684592528886987        1.7780449970389358        2.3471555701060520     
   1.0000000000000000        1.0000000000000000        1.0000000000000000        1.0000000000000000        1.0000000000000000        1.0000000000000000        1.0000000000000000        1.0000000000000000        1.0000000000000000        1.0000000000000000     
   2.5969114386033931        2.3017336004808566        2.7219410427085036        1.8403599177596879        1.5366158688542910        2.8765520860613303        1.7457272391390117        2.6264266967046086        2.0753011241394730        2.0607252308321118     
  -17.692734766245326        10.834428474685840       -3.7984684592145692       -9.1796039908291878        6.9457687004971023        9.3481582258426794        7.1104108059381845        2.3596619168674318       -1.2170503543876061       -4.5308050087008409     
   1.9152751724556292       -5.1899297147595229        7.3267722641757436       -2.3815673917597833        5.6352690911577161        4.7149706393877020        1.3322495368058529      -0.62569895123338448       -6.7357531170782083      -0.38797491291595010     
   2.8268925849767106        5.5024950946934288       -3.8859105500080751        2.5896146017560135       0.65395588035625674        6.8845206608594776       -1.2393069692656749        3.2639302493374753        10.045921201599297       -7.5854480692643156     
   10.839972547199030       -11.718225712241315      -0.29473412069319954       -7.5276245478048303       -13.923986971315168        3.7821020410558650       0.99412580215469226       -8.7376950224018159      -0.12515135682196107       -2.7769565500194688     
   7.3465119305628885       -2.0478615649073575       -10.529396938768651       -1.2485520687830174      -0.47798782221845121        1.7863117381129292        3.5713357961158749        9.0592143964503542        1.4552609203187725       -4.9806829191714117     
   12.178235184480709       -5.3691932772261950       0.24197209483815152        1.9360097542126384       -5.1606580928778341       -2.3357922202539672       -16.817197720162522      -0.14063743510667520       -5.6765350408742025E-002   5.6104965425488054     
   9.0183148425335293       -9.4908254473465270        1.1468107880848584        4.5749935021438084        2.4311641432889530       -6.7701106949473013       -1.2314828202026840       -4.9180755190448302        1.2556209415064463       -4.4803031475870005     
   15.226416781416527       -12.254832346958166       -1.7209069245239250       -2.4617403457839044       -5.2866080136666875       -5.6151950243636248        21.335727580033375       -4.2465845909545417       -7.5657785331711276       -3.2794361512741865     
   54.019024307925569     
           1           1           1           1           1           1           1           1           1           1
   5.1051335701648783        1.7636277980178248       -9.7259281061997192E-003  -4.5551279741109809       0.18704217022908798        1.2519078094506004E-004
   2.7238258587662604E-002   2.6910308285349550E-002   9.1214502463335973E-003  0.23897734042762847        9.1200662926372612E-003   4.8159059976791658E-006
   5.0000000000000001E-003  -2.2461417662506453     
