   0.0000000000000000        0.0000000000000000        0.0000000000000000        0.0000000000000000        0.0000000000000000        0.0000000000000000        0.0000000000000000        0.0000000000000000        0.0000000000000000        0.0000000000000000        0.0000000000000000        0.0000000000000000        0.0000000000000000     
   1.9504698311850085E-002   2.7670293519129752E-003   5.8529633208017958E-003   3.4384699239953485E-002   1.7801478473205304E-002   1.6434262901507353E-002   3.0962400646487847E-002   9.2362087434752528E-003  0.29302110981564466       0.19806430277634260        7.1172077727258420E-002   5.0417364742263791E-002   1.9075610901050134E-002
  0.62019485060655255       0.91582164463548288       0.81753604092094301       0.61496956221096588       0.87189818730278779       0.67612870099626066       0.71457447509262140       0.69484913305031448       0.57204701274347258       0.56329564339658544       0.59658803247459169       0.84928980611501181       0.80852378196858843     
   3.9412387276151185E-002   5.7435172720631230E-003   1.1858829459162652E-002   6.8526669020448974E-002   3.6018851309708479E-002   3.1765384229191417E-002   5.5989326871637185E-002   1.8911291206150621E-002  0.45296994463598211       0.28023321962949010       0.12450495778106416        9.3919207631855614E-002   3.8151375560388376E-002
  0.72810315964658201       0.92564561006735624       0.83440198257761289       0.72008174417657989       0.78104728241439580       0.69175130383871009       0.79027926389190262       0.81663092672718929       0.93358748674138536        1.1086158145393550       0.73279824652356074       0.84795562522416712       0.94102286045719552     
   5.8492795730954575E-002   8.9783264859507588E-003   1.8598645705241581E-002   9.7736201726278032E-002   5.0675724448096607E-002   4.7951932217619314E-002   7.5767610213403530E-002   2.8615382103096033E-002  0.48797899625086805       0.31594428727194374       0.15951769865523091       0.12555663351938154        5.5819583599539951E-002
  0.85975482716809792       0.73936763092679136       0.75566016744980880       0.74739893471738506       0.66263382672276927       0.88165503439682580       0.73292277552969276       0.81815909920179997       0.68132483194193405       0.74691368437011085       0.76986843080036460       0.70945601904584854       0.77739477879471863     
   7.7027133649795104E-002   1.2449320672921205E-002   2.5995337970812302E-002  0.12735093151418453        6.6110698228865089E-002   6.4604235628402631E-002   9.3394489064741987E-002   3.9124444460568543E-002  0.51952146962243750       0.33994360464419082       0.18652565910640315       0.15541155723769301        7.3005347118330927E-002
  0.81400342061367192        1.0110113778399072       0.94946471660200471       0.56637963537617408       0.69194839185610169       0.77686483097689596       0.65776851591245755       0.68303010856356561       0.75195968849870443       0.78387673826527704       0.62520882484236517       0.73255343797387218       0.66451850853391969     
   9.4422249929333374E-002   1.6036615870560211E-002   3.3500733956318231E-002  0.15492214395097734        8.4100388892042799E-002   8.1010820232629580E-002  0.10976885776217681        4.9191881448456674E-002  0.54556935674397133       0.35390497236240753       0.21432922373925201       0.18037305814261434        8.6399454093838576E-002
  0.78000420383689084       0.73739851809891976       0.69319405593408534       0.81141479407773787       0.80596069875624643       0.77576637577934016       0.68263892853794228       0.72226152163885415       0.68803072240687213       0.64082807934419161       0.72088807404712785       0.54880024349768752       0.83621112213767046     
  0.11097002904181676        1.9599375836283680E-002   4.1013918624496395E-002  0.18031191846626896       0.10113813755967443        9.7984538018607473E-002  0.12584337403102921        5.9600037054172515E-002  0.56613327149373882       0.36838919491489558       0.23667716372620626       0.20119878097962093        9.9649571812060467E-002
  0.75896833038333389       0.89350893915143259       0.79621925742877497       0.79607778099666460       0.80999117348867367       0.82182686765152613       0.72317328213910992       0.71982782115144972       0.78343970561586673       0.71015383558496703       0.71099268728459974       0.84034111380715160       0.71531092735348090     
  0.12738561590879038        2.3615973962718577E-002   4.8663429499615753E-002  0.20332796814860934       0.11750598617143897       0.11298639881362371       0.14296636136247828        6.9990759674986747E-002  0.58373159830272481       0.38229860115509728       0.26227131053780789       0.22522307045861950       0.11467773082656457     
  0.78170954664466830       0.96580683599875516       0.56425090655165089       0.70131298318168445       0.66752837247702534       0.69147016749341061       0.71090304914605473       0.92645572297188228       0.61292516110590511       0.69895668917459219       0.70451047319271776       0.69283193300958335       0.73442438657974773     
  0.14385547256738199        2.7970884207978320E-002   5.6622561894641509E-002  0.22282565266595297       0.13436695355044090       0.12846425650533760       0.16075516139088300        8.0703158751062237E-002  0.59994237319981325       0.39480642483013401       0.28652858502083423       0.24795652505854845       0.13023961485499552     
  0.80376236670235179       0.90499290724092851       0.73173516364986591       0.66345460392411959       0.66872075272502918       0.76728756645634189       0.74200150399129605       0.64252460241118459       0.79743331064217826       0.66258144668260721       0.68949970564958329       0.66036429116646778       0.61452821834715265     
  0.15968742604377209        3.2787499456962903E-002   6.5483453564917291E-002  0.24071336687317210       0.15152079551755832       0.14605837604045513       0.18037144077623479        9.2366617417246277E-002  0.61527267876897451       0.40650592232442012       0.30946880393309478       0.27073594123425981       0.14792063651504536     
  0.73187567767483053       0.74791761675402835       0.75183155432642845       0.71863366292432640       0.77159590006547285       0.82264768553918299       0.96415160040204018       0.67861752644824291       0.65811114640399626       0.69027985602549202       0.80228953862913810       0.83073459709690112       0.74988588824018576     
  0.17521127173696768        3.8198332558353157E-002   7.5003339519445433E-002  0.25662934116426733       0.16795515008529038       0.16438706367463982       0.19791020321753297       0.10475240239050963       0.62931435712767447       0.41917336074102979       0.33109725810308333       0.29296919267796040       0.16524928510017239     
  0.73793034128455892       0.70240525221160988       0.82543529344498534       0.59936236061000625       0.64502361142719489       0.71433642894791949       0.76629462183577779       0.60155521653227617       0.70608937220388335       0.77723883390217186       0.71053244486960965       0.72261351749906644       0.77448446859256337     
  0.19167749800700021        4.3873763165373739E-002   8.4961972902109009E-002  0.27376056415160982       0.18366859402820845       0.17985468374296251       0.21560075166255030       0.11666704841930471       0.64323814486205255       0.43065496994135716       0.35065626305790631       0.31186392519340211       0.18095563157588018     
  0.67299251933327808       0.81852067056981170       0.74308246260667821       0.66817284272254529       0.69644849997641101       0.75177634442673735       0.74160017720824811       0.59990859924212603       0.69199961499731499       0.73209075217017872       0.79335535355494891       0.71117540545660662       0.84587739486576319     
  0.20934505852880247        4.8509109894244104E-002   9.5545441785132496E-002  0.28897972535002969       0.19802833323495878       0.19489117125117125       0.23173031389548002       0.12801879282217196       0.65772341610732166       0.44046625567338138       0.36876510321733580       0.32776400534014200       0.19610663804620745     
  0.72372731242169963       0.75407329411502910       0.68009017562874297       0.85182379320784374       0.65403510306538060       0.66864841230003924       0.72221485635795402       0.77654772618561063       0.67127014270969798       0.63595260754288918       0.80358529553493763       0.87774891032601698       0.62139331398594988     
  0.22692858488183804        5.3384712296761762E-002  0.10701403393052253       0.30351444539397165       0.21277676473312532       0.20967949056015867       0.24796748836332111       0.13889201205891510       0.67114023795613686       0.45001102355641920       0.38567426378606878       0.34463468608679904       0.20949687971404179     
  0.92184847473720322       0.73954435109228955       0.68652259435967045       0.61646719496201863       0.73223247422232252       0.81162730517163717       0.71828229666238896       0.65904547432723137       0.85477349338323072       0.66400332664072625       0.77904549398484824       0.66372296439045630       0.72948315540867026     
  0.24451079841456083        6.0208532045787973E-002  0.12008816583869215       0.32033285914636744       0.22722941191297327       0.22461848579432520       0.26420884332110350       0.15035049368685383       0.68322694474509893       0.45868624632293420       0.40274377446006526       0.36321603954314341       0.22360104826283686     
  0.82845479326396765       0.78072265236584037       0.87852581407902286       0.92545173079262755       0.63053073255650871       0.73114128482547236       0.80650094405612971       0.65221628692020506       0.66240759038981867       0.72165005458571319       0.72825105428103143       0.69430984708714316       0.70143126002619349     
  0.25999248712619849        6.7666345344626011E-002  0.13323178738725328       0.33667694288106670       0.24235840844895259       0.23847684607134637       0.27985787099690312       0.16277098775423751       0.69447300315237948       0.46649638017919143       0.42088050300519264       0.38151063822386289       0.23731414930042427     
  0.66092320403571203       0.85816247598247219       0.65917661900694169       0.64103293819817320       0.69448124979059400       0.65957575622000308       0.72170532103952478       0.84265027801246550       0.77604531389338838       0.58917099277349827       0.82971376594724067       0.96704273789316741       0.81589079142214604     
  0.27450157707870804        7.5613854777290726E-002  0.14597230508901016       0.35286606573893881       0.25944060906037042       0.25269013433929693       0.29563952848852915       0.17589738423806681       0.70464789307877218       0.47415328552987418       0.43692859427434161       0.39850112586570441       0.25097788964122464     
  0.65331896356699226       0.88691507443820528       0.70715826575677931       0.78476163666310972       0.78390735348304952       0.65762563783610073       0.81250217319861495       0.83128399560380140       0.63891325915234309       0.69862514921087637       0.72105875868924696       0.65225251021177277       0.58876744282470050     
  0.29072081888391083        8.4281908780860601E-002  0.15852299302238537       0.36926000036536721       0.27652852630746344       0.26770922265329572       0.31087158492907518       0.18990159752876226       0.71498312298394573       0.48205357192044201       0.45052380357811739       0.41403106582439786       0.26586354789730088     
  0.80104009994862380       0.99030770838117976       0.67187356747451110       0.60844104261924070       0.77377676982646126       0.71511322999248728       0.68847420774226020       0.75950683929563267       0.56955141949136667       0.62475667606595653       0.58769386879993413       0.84795782760191885       0.68273216248774937     
  0.30638527417515293        9.3593204649692827E-002  0.17084749581642605       0.38596792935197827       0.29235296496393987       0.28422525175875779       0.32638828507801643       0.20498168295505703       0.72430951704568136       0.48978589853003435       0.46369343340512259       0.42862264007018608       0.28053346358689890     
  0.75077848136137648       0.77033161563722730       0.66448946185370494       0.69575988306411496       0.90329918100170570       0.80944065281411359       0.88991055313755207       0.80139717604557459       0.84287974590709835       0.77046047562189246       0.67730392804224260       0.66874580395013916       0.70715840708250244     
  0.32297446332786589       0.10341216273636679       0.18414011745109063       0.40293102213268867       0.30849862659831834       0.30363045941582673       0.34121875168038357       0.22149829489467082       0.73304952890251229       0.49749425466193786       0.47754438918450320       0.44373469960952699       0.29471993057857981     
  0.70950415275855827       0.76274065869843466       0.71681740975002617       0.73713752917290776       0.68332967167317515       0.82899077169558599       0.79731723633015694       0.64239580915684324       0.63832181294294676       0.61697298844329085       0.65421583279563977       0.69964662925623733       0.68977726659107985     
  0.34038322043844571       0.11337347774122736       0.19863643503268033       0.41920059481004335       0.32403160495412053       0.32224993635140975       0.35343772806604723       0.23808770196852511       0.74065108317098871       0.50555311663104130       0.49102301888484068       0.46018793645301381       0.30982973480338294     
  0.69435416485213497       0.74827284405719474       0.76660598527542267       0.68535276754622909       0.76387245087033973       0.68921384903900029       0.73384643136086458       0.76416699220506834       0.62755455772227686       0.66443264716004946       0.74647180103737454       0.76712568137576265       0.59600707439146761     
  0.35615756163927975       0.12297637738232770       0.21500011011005102       0.43422149761831891       0.33913723703990395       0.34091609654284555       0.36593058810969181       0.25373013378951403       0.74851368357432779       0.51263801518143559       0.50469479667101813       0.47689114993995158       0.32513324236855001     
  0.58448866148320311       0.62797234958880777       0.70106215322036036       0.79613158941882045       0.69223071690819649       0.86634192604449223       0.88927940512175940       0.58512990001855480       0.72440258572814820       0.76921767717527434       0.77576596848661461       0.91635207967507859       0.70087321511480027     
  0.37223713325074109       0.13278020028485668       0.23134797222074596       0.44841201818497783       0.35442911050126080       0.35961083301013574       0.37894769464775280       0.27018080870539496       0.75699864215185941       0.52049539157643498       0.51881278287196875       0.49317505693052760       0.34095772791846357     
  0.66550094862253950       0.62811611460395578       0.80196818301047013       0.72800577379174092       0.74523815256735015       0.71354105490725472       0.68294729182500535       0.65999918204644570       0.63848317564280643       0.74707487969645314       0.85874912405298320       0.82321141479374083       0.69054590092579216     
  0.38773261264891662       0.14260388521922332       0.24695083157161621       0.46298539988997295       0.36975528798707086       0.37691929295551718       0.39308092347403450       0.28677126872963177       0.76561094738145496       0.52782846019470075       0.53344617616980572       0.50809663559781282       0.35634720849690910     
  0.93665896674718674       0.63794319651350129       0.69442790004176025       0.60928950737427789       0.86904620741061045       0.78592749904486903       0.65753607097249844       0.62686088898151371       0.63494550042282494       0.65600605206065332       0.76801127398545843       0.66225616058634817       0.69765753706752953     
  0.40458294933384820       0.15325539050888867       0.26067652363853383       0.47718058110837497       0.38478781254679795       0.39489061473172915       0.40818755985429406       0.30502772220327368       0.77403177918908195       0.53480308998688730       0.54781051354980537       0.52204711148495242       0.37215671196487304     
  0.67471565059550898       0.73646154910343442       0.80449866654385060       0.72217904321016868       0.73124411430218339       0.81701038346091215       0.76734371479683405       0.72179279113269124       0.78174576239176707       0.77006293191313790       0.78029740556639782       0.68301063618064761       0.63839498650879678     
  0.41796662199379103       0.16472861687685478       0.27356290990018567       0.49105854849697400       0.39993661411765430       0.40983585586705812       0.42314171027767139       0.32360050348658925       0.78183725771027091       0.54205099776493382       0.56194818153970660       0.53590129918361029       0.38742719801277642     
  0.73935079954238037       0.69673742883972178       0.66674292720588857       0.71933461055394643       0.63351390358502846       0.79766503942718758       0.69766689815605620       0.68236639383337661       0.70978589016222837       0.71612509921713041       0.76584416918663045       0.75699996640826039       0.71838483382737006     
  0.43184673326119194       0.17690500243355836       0.28912923508333055       0.50432056474686870       0.41568392035759921       0.42644112156281427       0.43797612435192890       0.34361908092225796       0.78918413564604095       0.54961527896977069       0.57466724791290480       0.54946889004780664       0.40433518118837952     
  0.64243882335642977       0.77764646296025997       0.81063815474029366       0.64045028677907867       0.78455194086977897       0.71344707028981291       0.78257718612952265       0.76217193326900878       0.68861078659997643       0.64951294211666888       0.77535608205140949       0.80173502702407573        1.0083722869549485     
  0.44499646668695952       0.18989111798400937       0.30607557734222707       0.51809289477447185       0.43284196108568906       0.44414018159538615       0.45253641763019009       0.36367132616287867       0.79638553792506772       0.55716976561307408       0.58652058688755260       0.56363407978111790       0.42138721228977749     
  0.68793163439496119       0.65477946938030840       0.62534992704697001       0.74273743813938298       0.73759299321384630       0.68745737128499584       0.72840513017912367       0.68511483324408351       0.69993478008037258       0.71693609380843770       0.69882492754395642       0.82983244396761136       0.72881226910017560     
  0.45796749334823317       0.20231839012857056       0.32351415387947879       0.53271629700208067       0.45145489341061007       0.46074314011192302       0.46734592130608504       0.38619912116921673       0.80370550061048651       0.56496928499444599       0.59779910979830164       0.57705436143577338       0.43709745048883120     
  0.63427184397639247       0.73341961562903824       0.65009850620615506       0.62089850939775071       0.82270617040223948       0.72277085809236097       0.59540294219661238       0.75567024612831180       0.80807284584889438       0.82619747697268331       0.67514447357885521       0.74055618570491966       0.81174775079343708     
  0.47080448310552009       0.21418312973764095       0.34104145175889822       0.54783388877892270       0.46944696680478160       0.47691722101567907       0.48191659067598963       0.41314337148589686       0.81144111560856336       0.57233786857529800       0.60908849439599744       0.59055497796114509       0.45312470159348556     
  0.79349697118733964       0.68573106059645328       0.76746979354192801       0.85428529969081179       0.65629580666249188       0.66663270755052406       0.68990203375644099       0.80277729036789691       0.72107970642361707       0.90289317061672070       0.72636602538561157       0.67535565611959081       0.84078471093244855     
  0.48260188393189940       0.22811807893809830       0.35837665276302599       0.56350119429134815       0.48603074172996363       0.49238482394341448       0.49607704831466315       0.44005004609386650       0.81860833798399080       0.57921708707533615       0.62101758447777544       0.60328968770751279       0.46880636854488333     
  0.65739328837286604       0.87234410510097438       0.64818351775328287       0.83702041330022758       0.64729387711483033       0.74021905059127779       0.67329284026593617       0.72652316115606475       0.70907183883989722       0.76493958835271825       0.79443565907746350       0.71712584561028558       0.78135718673652221     
  0.49669108678847568       0.24237367434163304       0.37436580759631588       0.57873505298270045       0.50224703576648766       0.50806117002410600       0.50915702094760051       0.46654736575422584       0.82494412555816954       0.58592306637886171       0.63383670380641544       0.61456120557659877       0.48523125017744201     
  0.80790273939877344       0.81250622522567562       0.66119994709103103       0.84041798262065748       0.58324354366414843       0.69002664151443582       0.77437738630930031       0.74392668930785144       0.64818351775328287       0.65391556614295088       0.71095476543600233       0.61452821834715265       0.75601463013515735     
  0.51098506623096052       0.25658413408848307       0.39152398684075601       0.59253642591512123       0.51758134145097234       0.52365572281329986       0.52137661095799015       0.49497178451604634       0.83131963542063214       0.59241193536074799       0.64719562430296906       0.62649714539896861       0.50157402296008713     
  0.62464960765825073       0.75340043207646912       0.75150301024847943       0.70701504580485386       0.76539959364189558       0.76428907801129098       0.59305012395898216       0.81940358567231142       0.75789760104025394       0.64605867487885460       0.69759398599212297       0.59574408486754893       0.66074575444495520     
  0.52751666009869125       0.27070457324606945       0.40935645374032642       0.60655919245247247       0.53335677167764972       0.53953884337664304       0.53332596890847928       0.52429232163900852       0.83729044459873181       0.59883388496135281       0.65999759800736657       0.63868781826004262       0.51761636784147302     
  0.75710530709204549       0.73142410840128780       0.68569239650494473       0.71963674290531587       0.75182127905785723       0.70396235665625262       0.71115092866260110       0.67894921658692531       0.91181364545730736       0.67935791313210225       0.66156085078510363       0.69716826587704783       0.88230485230027378     
  0.54468488868954024       0.28558874695607372       0.43046365856503843       0.61788963723088974       0.54809516917384571       0.55537664611436310       0.54554565068182270       0.55250536614640988       0.84359930410194894       0.60505390793214009       0.67250180065138876       0.65051418195673216       0.53381588941363045     
  0.83858215035603600       0.71317024001423668       0.82786598843880344       0.67386596292088807       0.68196110557930745       0.69867263221525600       0.52817347211972687       0.59147093882537793       0.83480946329102679       0.79567896865218191       0.70872074672287921       0.80310323193043864       0.72493532688551232     
  0.56049335835454595       0.30087566118661380       0.45060957236227950       0.62980313448688852       0.56318458098076773       0.57094177144826264       0.55827659654231976       0.57921394129986370       0.84983658269383577       0.61124811171922100       0.68408548011341419       0.66220212813566492       0.55028348804436666     
  0.77842196162564425       0.66395051738823452       0.60543308299839371       0.70736406487795156       0.63360571088968054       0.72862717184697723       0.62108717340212949       0.80926655115908452       0.63799063832999281       0.68659692581973963       0.93276598323905102       0.82329954025800478       0.74819901153709834     
  0.57581435064235931       0.31616648444493156       0.46943196963446976       0.64070885894502860       0.57882019399230089       0.58539244710609506       0.57110888558474548       0.60296255634854556       0.85572556333062788       0.61751984706309948       0.69579224595018430       0.67329795429494776       0.56657376366658307     
  0.66026502521706243       0.71827805974340719       0.59242421810747292       0.65238436831857738       0.68606105982282384       0.63894510517953418       0.84407970376234731       0.73648174715532111       0.76570773876838871       0.76536052225409423       0.74085866109094123       0.72509644309038368       0.70770624002800031     
  0.59222528568802224       0.33296695647424013       0.48975870325302823       0.65341506223876711       0.59401820987532306       0.59756198699008878       0.58506853699730810       0.62306689916085434       0.86106293156636193       0.62385678547569168       0.70654464264417827       0.68366129627563921       0.58195094361094613     
  0.70058262506398872       0.65610468217203377       0.64435154354914947       0.73191009441882926       0.74615688728780694       0.74595293309732802       0.78691078402463766       0.80566894356413044       0.77495422594013108       0.76585553519977356       0.78667168569546786       0.73045242111135067       0.74459077696921272     
  0.60963640745214831       0.35028752080431041       0.51091654225207250       0.66721479223154434       0.60945747847881337       0.60914193956992169       0.59944651380058134       0.64088159746996565       0.86628866313490482       0.63001697453571903       0.71678003792838685       0.69430862131958837       0.59776551863379046     
  0.78733573927221168       0.70609748182236998       0.64492368650580145       0.69474884705520035       0.63747988688408641       0.64101716982582835       0.78755496677176107       0.71794420070199183       0.71366183581488130       0.61885777004656972       0.76132966795754897       0.58350344520998010       0.67685019291457638     
  0.62660180168053525       0.36915195345512103       0.53050032302842243       0.67905452822557488       0.62635269218671685       0.62030472232736622       0.61448185622953022       0.65702712004527897       0.87135089680456035       0.63622545876325143       0.72674243306011233       0.70615787331540592       0.61387771532558710     
  0.66942939898791376       0.64953026975897321       0.69197386074767642       0.68046617459163494       0.75796218513197045       0.71622950140189290       0.70724689752918735       0.69653979291000945       0.70086930287237492       0.65950964830005177       0.61050577218872815       0.70756374185851201       0.67844734112850580     
  0.64198294086451835       0.38839456005600714       0.54897636765748636       0.69124968797406328       0.64311480141217148       0.63220768247570713       0.62917674508836907       0.67785712914783924       0.87695181546214740       0.64267284351712528       0.73669276282658969       0.71885120302360073       0.62910587830101528     
  0.74478305691902047       0.64752419495520752       0.68391002124664058       0.68358765289662238       0.75229634678874746       0.67829020416553376       0.87594868622175903       0.66686570099961839       0.61563001632322911       0.74980065234657101       0.83676339394692578       0.75742716679262756       0.64922355486320971     
  0.65650395583898091       0.40862934564529252       0.56716735154582287       0.70330329541545822       0.65900758704380669       0.64319227586009298       0.64334244810347851       0.69858139413569087       0.88263897979887895       0.64922659242944281       0.74678616782542995       0.73178526450378545       0.64411742390224536     
  0.78319778782804272       0.59904283986339679       0.60062416094678306       0.71840065385050011       0.86296353034490769       0.60589850735046824       0.73068515751150698       0.71788639688954892       0.78800337097059814       0.65447343290318438       0.74856421321871991       0.71966614216120295       0.70667747219892951     
  0.67146145222509046       0.42851990841055038       0.58641851260253697       0.71586121843223416       0.67493143356767182       0.65547253995495669       0.65652890287909049       0.71767981870132469       0.88836359731093983       0.65596041789312709       0.75752786773845693       0.74471146050281678       0.65930955085860554     
  0.81530241163100003       0.74453792697498000       0.67850629092101511       0.64803617545582293       0.79405961169896511       0.80078292073100776       0.73483730899710764       0.77790252594498632       0.75146307410585400       0.81129071063536429       0.84263107597472919       0.67744917047032727       0.73847662144509318     
  0.68661221638088688       0.44918366892774869       0.60670587607998783       0.72794219116720860       0.69132290198489488       0.66768870700099270       0.66940711148276222       0.73664224921372357       0.89400123075563065       0.66258780183021737       0.76791537374156638       0.75729568273600434       0.67375616167027708     
  0.79096421454808574       0.76282512811801950       0.75637206167637683       0.71059427258994567       0.76405870161774492       0.61365496849562984       0.86945130854092167       0.78877093559339617       0.73393679083392971       0.66399318248221251       0.67807119547172268       0.65622133611537647       0.69966873209371017     
  0.70303673911852294       0.47047564474925985       0.62800498430868767       0.74015814037597272       0.70750224362751601       0.68309980110882618       0.68236790887120469       0.75299476688789968       0.89921311313621666       0.66905032878591197       0.77865044795931149       0.77011898828964431       0.68716246877914644     
  0.73435593329081594       0.75805665148243628       0.76315994998720493       0.75091211107408917       0.85377139043809180       0.68992771239322981       0.82441511788897581       0.61124014257317938       0.86294354755917535       0.67754842348298272       0.64933907683808056       0.67042125437124467       0.76209741402601394     
  0.71908531663731667       0.49173476935379101       0.64864472588209732       0.75297368805610976       0.72437156423075555       0.69856466716075349       0.69653491577040272       0.76910324415981346       0.90432792225546410       0.67543815126152651       0.78851644715182667       0.78277089610516770       0.70101029952780103     
  0.57515546085790703       0.81777391982701386       0.83474705406404481       0.69057011584434336       0.70062212426406634       0.80473550032173990       0.72489276583358664       0.75410565558058396       0.80709061879862121       0.68694368816295970       0.72999779384810559       0.78578501858974803       0.77168867939515806     
  0.73442707125865170       0.51528615299453318       0.66736072463384077       0.76642153872086893       0.74122682620804592       0.71313132313738803       0.71180476916655522       0.78543372419437829       0.90905696298552829       0.68180224022386882       0.79850058458320317       0.79543401974764139       0.71584893333938093     
  0.62834675811557772       0.62073385377952051       0.82522193145297129       0.76119567232823759       0.71617327729262947       0.70093508613640731       0.59951982285743977       0.72996081555281112       0.63552206332991801       0.60045086673420944       0.74636823818795117       0.73122203885557369       0.78384855779950291     
  0.74796266219356811       0.54086932744766791       0.68525039385334918       0.77966039904422857       0.75738482392276774       0.72680921496073447       0.72631657066984567       0.80297136229686727       0.91306561227576410       0.68814309740797464       0.80786232176005479       0.80717093943626528       0.73105190165580891     
  0.66246933369623340       0.65390925294320223       0.60251824728115599       0.79023990143441036       0.85484066720316043       0.59676862607456149       0.66340647837849531       0.78012495902604317       0.76604432941689149       0.78054721856676113       0.80259740705592197       0.66380316576019882       0.74998122417412072     
  0.76181728588976361       0.56757962310134369       0.70340667267506718       0.79250360530952024       0.77250414307553894       0.74121183631519183       0.74030941604149214       0.82047243163284400       0.91659733863182313       0.69444383008082833       0.81728500074470078       0.81861901767245149       0.74595155178129358     
  0.61880285409769598       0.76542732656033452       0.60733310760508974       0.80658622729808727       0.81186805577723054       0.85449755586703113       0.61065609329682780       0.77237269296357192       0.71923734388689720       0.78495757189234761       0.66339141195725737       0.72622129705297112       0.63351935241704882     
  0.77561621597439201       0.59445699379035943       0.72241649784177953       0.80513401180118238       0.78663098884108029       0.75628374932423048       0.75396208387520292       0.83556943128058603       0.91993802465558050       0.70086509182290524       0.82689140160342944       0.82981920114888474       0.76097946465929611     
  0.62447567730204756       0.66554837780406828       0.80274626778081004       0.81747135409503846       0.65359386440899281       0.73678157757130203       0.74647249938498605       0.79214257602599047       0.58456272237674201       0.72709110283707756       0.67259348200893154       0.64749395302864876       0.61153880823220574     
  0.79013215558221961       0.61920589947225402       0.74178144531465606       0.81791113269723703       0.80149129231214011       0.77235038118308763       0.76730929882190957       0.84906117835673800       0.92334517168252850       0.70718262223911765       0.83611088664488353       0.84164786255139756       0.77708325860093186     
  0.70058720302413824       0.53381848824030087       0.78841264099206609       0.64818351775328287       0.78663907330235427       0.68307850103221224       0.73142101498779544       0.77805248598425658       0.72013937642370796       0.77045328399333968       0.69175073932526299       0.82550416270390481       0.77771489345718059     
  0.80389989364794900       0.64334524110929381       0.76168375472370531       0.83073658004934692       0.81626856202291342       0.78837887871877999       0.78117199637780543       0.86158067291933094       0.92697639973189816       0.71350672348672861       0.84533213071424529       0.85385587610077995       0.79139313894524488     
  0.55883399026279412       0.60896934139897496       0.76585232563856753       0.72249975672553179       0.69125669371071485       0.65941575795538299       0.69339920762408092       0.76818310683500723       0.67403758207503151       0.75419710635787685       0.77477449700974643       0.68518860746815802       0.66979673024982100     
  0.81684303887481413       0.66708612266698208       0.78046406496813847       0.84359531331538862       0.82912733044978371       0.80441917882120040       0.79504257590491345       0.87466896891911361       0.93095614637607926       0.72007856019506333       0.85529894226736081       0.86594865735047688       0.80583230979571518     
  0.67733640892195346       0.58246323765671892       0.83082245723295189       0.87971739229842083       0.62771295979937447       0.69079359647988403       0.57752826772893862       0.76962911937454692       0.64899029408365672       0.87754905378931181       0.74478416308644868       0.65472729420844766       0.60298084435340060     
  0.83068238295385732       0.69171776376581895       0.79700308968771294       0.85642468579374442       0.84212567746763745       0.82076831471615153       0.80895674357897884       0.88789143415893723       0.93555816168203576       0.72677899823370096       0.86558827426314988       0.87758924238903058       0.81997174954639285     
  0.59638248967304419       0.67502801125682632       0.76993836820195216       0.79631699239484477       0.66746689297428674       0.65196432094620904       0.66263071747526403       0.81014589402679316       0.73466893183166282       0.68764031828548700       0.66595849319761191       0.62229906434106996       0.67122963961725723     
  0.84478636014041508       0.71838064638977595       0.81332483721496107       0.86946407814990734       0.85509704868384362       0.83768188798618981       0.82320306155872769       0.90078677482881364       0.94041468176796605       0.73381380831585741       0.87661739061719557       0.88934984939363215       0.83445604768563941     
  0.72186411504487202       0.61302994827599644       0.66126520556688961       0.68563430325018926       0.62184998883313924       0.72721044418192082       0.74446825204862366       0.73409580395054763       0.64304120428029676       0.67158312941145226       0.77114066922725000       0.71924898936039117       0.69710499829885952     
  0.86120378937305997       0.74494205134308877       0.83027918612259954       0.88281199590326243       0.86931459149631751       0.85505449840849745       0.83746861296558972       0.91379304265065009       0.94538989046941346       0.74177331466468743       0.88777548020249086       0.90084187070282173       0.85192085809453044     
  0.79260149820818537       0.65942730453101328       0.75961515090403442       0.84621116468960478       0.74217566800493429       0.79226409877892767       0.69676391290943740       0.65934182622495874       0.62593896463948806       0.92096236885673499       0.67752986872192311       0.78675275644896325       0.67320411131900715     
  0.87724589146452236       0.77240424326273227       0.84888469529543553       0.89574329472205017       0.88345497102312465       0.87027105718350972       0.85168953149239490       0.92536639075098437       0.95042629069891094       0.75105096633389679       0.89900742176157100       0.91251175725867106       0.86984757669536428     
  0.90237439847258849       0.61961812339742350       0.72438838188964161       0.68044476715692104       0.73316928669806403       0.67104065494323895       0.75881391609771631       0.63255690279191612       0.74590150309414871       0.73752864412965158       0.75237963322590751       0.73191923299417261       0.63449792748015077     
  0.89334398657232228       0.79984303223445230       0.86658130959022528       0.90888400084765464       0.89747578022602481       0.88319727588511454       0.86573790722439048       0.93552193942066308       0.95558866255077479       0.76120261911840059       0.91040244538878445       0.92415899628776677       0.88758055166937000     
  0.70899635374247849       0.68269476165012699       0.87879152674001804       0.74602350369467041       0.60295802521626329       0.62044882375695920       0.77834040554598372       0.61254158908758394       0.83065559692796431       0.85388842431956979       0.85245652826644258       0.75162980384595901       0.66262085913695035     
  0.90892629185457285       0.82628879277776046       0.88144175205162367       0.92238394163768223       0.91146135829846597       0.89717248046990616       0.87987286601273584       0.94572259863773012       0.96073140367636545       0.77232588956009540       0.92206255171494156       0.93586430808727072       0.90459649956299681     
  0.66881544001069304       0.68757118613699653       0.65226768284003667       0.90304075870725153       0.84458097071027227       0.76047783733572605       0.67709552461568878       0.79879833003660472       0.71187725155616655       0.88197625970690674       0.74069018175979973       0.66202306839390024       0.84672517211024712     
  0.92510870391884081       0.85410100230512820       0.89519671472128026       0.93472485719020393       0.92702019763228305       0.91213124720198091       0.89472183436971742       0.95474832188124759       0.96574663243216574       0.78347427403535808       0.93429129132534761       0.94663187777942459       0.92073328194164805     
  0.72105444451277712       0.63400076034015584       0.77496513806324163       0.93013191520658423       0.79442798684849070       0.77179969172176666       0.65363480847303679       0.73385798486945331       0.79506394977810146       0.82420577835164432       0.66961401824588651       0.62163729229858722       0.80577275757096911     
  0.94038743493517662       0.88270387649314919       0.90889026906283277       0.94591881934279953       0.94184585391106657       0.92852153326426601       0.91153690616251770       0.96454229538089276       0.97056849480607899       0.79618256091065065       0.94711258304928569       0.95769040524546512       0.93745034217483036     
  0.75334872887526472       0.62330211148539472       0.66040507527087278       0.65320494035714527       0.78468239689474006       0.78782041758402310       0.67783096138693577       0.76468586681555550       0.84159798665129559       0.76208650438071801       0.59331131483054300       0.76348862578136456       0.69855038183778528     
  0.95671163333966858       0.91219989678645175       0.92588083145169942       0.95818207260502786       0.95648674618927554       0.94502856942738667       0.93036841064294906       0.97359231614071851       0.97590602955649941       0.81050717640583048       0.95977838387213832       0.96769490926324520       0.95380790508366142     
  0.85845135739808021       0.74481786686882778       0.63506835634622061       0.88309202653722263       0.61280301041978102       0.65237187512521766       0.79711628147164149       0.69334286632420583       0.94546343460766535       0.69448863270308336       0.75512081699655775       0.69835484541403514       0.84612623119558705     
  0.97258745392402790       0.94154595643164274       0.94304171678956883       0.97038773326798988       0.97057150523376978       0.96177054010543617       0.95019921414590558       0.98224092088755377       0.98165412627176141       0.83037211252715182       0.97292230259176005       0.97736268507337387       0.97016487466688495     
  0.75772460032969091       0.79151092164043124       0.76424027747216838       0.68109312595129934       0.82434833254025153       0.73974288762514939       0.90714478177135360       0.67121891705957049       0.76033718700718933       0.90753554055246710       0.69573024636976410       0.70285019308741847       0.75597478413382624     
  0.98658112538150922       0.97030679444837220       0.97121888678226542       0.98553288529253003       0.98412970579510184       0.98106591063721771       0.97440203711999362       0.99127994939717945       0.99025124752559435       0.88445722943263205       0.98613973714911929       0.98893624220284482       0.98526451334144605     
  0.90495342849900384       0.62226220862108783       0.97042764446042917       0.72587493334515196       0.64777629167524164       0.72569842024752296       0.72553483792950346       0.83596921972644267        1.0253121670682441       0.79612026780314360       0.63400986488070621       0.76083709689536860       0.64072353873601684     
   1.0000000000000000        1.0000000000000000        1.0000000000000000        1.0000000000000000        1.0000000000000000        1.0000000000000000        1.0000000000000000        1.0000000000000000        1.0000000000000000        1.0000000000000000        1.0000000000000000        1.0000000000000000        1.0000000000000000     
  0.74016052135459731       0.62104882181485366       0.75054155792612587       0.70281946823689312       0.65448470264364866       0.78726872344922605       0.60423589594272686       0.73422166318023574       0.76638315960265813       0.58949914965489214       0.60620430487398258       0.78280461034366067       0.79883202925850627     
   10.020533741331748        11.415352209513026        15.390583193020145        10.034411348992691        12.464348971285753        11.627589245284215        3.8414388508814969        9.2441107651908112        0.0000000000000000        4.2678233677980266        9.3099735190372979        9.2201725004982844        10.609275179856072     
   7.9760736673015868        6.4635910831153778        6.7716826824643919        9.4082403469894587        9.2590710850712714        8.7352351786921165        6.4387505478518232        8.2352791734175081        10.707488803068003        10.905004482463031        13.498731693700226        9.9421381374202955        9.4928036712683266     
   9.8256492489766174        11.837797826890801        7.3566298484512824        11.331418003269519        9.3490498297996432        10.558921238900815        9.3907350802148724        10.000181270309245        11.480754819970706        11.701510562379358        9.3436842363053572        10.402254881091018        10.506154010571242     
   9.4464594613688639        10.375602648780855        6.5516591447253596        11.616308695817549        9.9922944830984335        10.420620680719741        10.682785693246684        11.080121648185095        11.727683066664794        10.137091058145051        8.4329624985058782        10.563048450644596        9.0777937870325065     
   10.397160344140444        9.7060601289856319        7.2587593762946927        9.5906807212669563        8.7315250668229432        10.634453359353973        9.9772850228070968        11.828952139102684        12.086627960120451        11.625026235415991        9.4760872284201216        9.2589208417683828        10.231817638229968     
   9.6223611470991859        9.4035231486719901        8.2495096189085526        9.7029832767476680        9.8823521999535657        11.508420655358652        11.645012869070538        11.293679995000689        12.538474356470589        8.1663459840538639        10.113962161089615        9.6282854453179425        9.1388024239815131     
   9.1492128149732270        8.4649175584357366        9.4678684020924404        10.765236607591920        8.6910127109180166        7.0361152816120436        9.3587167637254645        9.1588360638300372        9.6187219447410506        7.2524674642978093        9.8102504416184662        8.2505641856851035        9.5382518419179334     
   11.233313818677141        9.0669441446257064        14.194021864432294        5.5279778097425032        9.9235842014008409        7.2534727804766650        11.171996425932488        8.2017487936213858        7.7626173793078062        13.094041970867544        9.8748906305930895        10.923483398189434        9.8591181250788225     
   3.4671547106557581E-004
           1           1           1           1           1           1           1           1           1           1           1           1           1
   2.3067684821354720E-004   2.1591465039198251E-004   1.1854059083698870E-006   9.4786311126520815        3.3485845664195991E-006   5.7421808830224488E-009
   4.6976801856703693E-006   4.7431490663290302E-006   3.9663773315581692E-007  0.23669496219814637        3.9652281851258930E-007   4.9383842369296492E-010
   5.0000000000000001E-003   9.8178285745197211     
