   0.0000000000000000        0.0000000000000000        0.0000000000000000        0.0000000000000000        0.0000000000000000        0.0000000000000000        0.0000000000000000        0.0000000000000000        0.0000000000000000        0.0000000000000000        0.0000000000000000        0.0000000000000000        0.0000000000000000     
   4.7653752035653018E-004  0.28280057026961619        1.2566327959739125E-002   1.8005893482573837E-002   2.6269983607467792E-002   1.6255804382554830E-002   9.2537308131489859E-002   1.2128617925237182E-002  0.29750513065301087       0.17039125570111538       0.10556843444483999        4.2235762137603453E-002   1.5906682485501058E-002
  0.61412634370110408       0.61412634370110408       0.81857944107606517       0.89309259694671439       0.85537563360361479       0.80526849076065454       0.73484517675623151       0.76256699814709172       0.64235422690702149       0.61412634370110408       0.73857099028803452       0.89226029677141683       0.89585368792653941     
   8.5757043874114844E-004  0.32086341598850526        2.4687299363890886E-002   3.5104021357602655E-002   5.2524383618928493E-002   3.2097196682675029E-002  0.16503619028164440        2.4434544181568461E-002  0.38430490980285698       0.30465474178576307       0.17760742943663332        7.8775996788371425E-002   3.1536852848672241E-002
  0.97925648711405711       0.92888642521693110       0.84737424139935358       0.78660592394597451       0.77189531922531629       0.89235590070554993       0.97484130513354472       0.89010438875074449       0.91521784608542156        1.2292524877560003       0.92851936700657867        1.1296354454709288       0.94344379294005032     
   1.1534466807297155E-003  0.33522163086209522        3.7513646987228061E-002   5.2046992966340563E-002   7.5777969777482232E-002   4.5600398663954898E-002  0.21091561315406374        3.7813443445040347E-002  0.43186076219826341       0.33926570567932013       0.22143831629520783       0.10768051653839174        4.6860020951523577E-002
   1.3308560683750323       0.93080327818906505       0.92213822032378057       0.79995692753200209       0.89576490506985096       0.71830950637738156       0.78162939444277779       0.88357009441207024       0.94761545626435251        1.0840146178306946        1.0809176197548043        1.2112158612242481       0.78805009986834107     
   1.4255383420804114E-003  0.34555634623259518        5.0880268358897425E-002   6.8199644119900260E-002   9.8264860637470058E-002   5.8860809184712780E-002  0.24379317563140362        5.2955815730473040E-002  0.45412282910955243       0.36699452029422941       0.25204402643423923       0.13454845228729317        6.2128342339009282E-002
   1.2157619641408692       0.70416845453000654       0.84898055788050741       0.85995251131466144       0.78112465596701763       0.75624889646944515       0.66527346152981093       0.74873433334948025       0.94286486695751404       0.98174225567839279       0.88288908281422795       0.88601944471139715       0.86055061949347988     
   1.6922435117251674E-003  0.35645206180990624        6.5604142678933761E-002   8.3745310218755822E-002  0.11944260641905624        7.1259459017061128E-002  0.27408418832789089        6.7846259697821834E-002  0.47330249910171035       0.38689561703674391       0.27995984041507121       0.16095451547854672        7.7163559695144435E-002
  0.94783144859249291       0.73904528505870004       0.80599198042666820       0.83779974903248711       0.88312109536785532       0.86663581281816793       0.86546611379287308       0.85217297642198464        1.0137767704299063       0.87205486673281096       0.76250603268731509       0.95809777793745854       0.88152499950017038     
   1.9636146851750216E-003  0.36813469385300118        8.0102108726847421E-002   9.9496913733681552E-002  0.13940742479203475        8.4382561154262667E-002  0.30448738320004687        8.3077560270577958E-002  0.48974291314047830       0.40445156833976653       0.30825534635850232       0.18676347141866234        9.2505478886029266E-002
  0.99360366457361127       0.67969754333341914       0.87072302969890125       0.86158461666854158       0.88850335045511142       0.80111935671368917       0.70260577217899023       0.78736441179401651       0.89345168542806730       0.83834821953685001       0.94630696154271821       0.82967796881013778       0.71566440721549485     
   2.2476568807059671E-003  0.37985425808135109        9.4348513183148935E-002  0.11553420562371036       0.15756880741481888        9.8204759467032679E-002  0.33344217110979679        9.9571307597120226E-002  0.50593341482318699       0.42177729978217476       0.33578783327052947       0.20992903075648389       0.10698907213152264     
   1.1795283080697077       0.81077983139756338       0.86817561282379918       0.82853061024685959       0.79571082825199502       0.81491740108544519       0.71008787101553139       0.85511207033769376       0.95513648943294127       0.81282943980721112       0.98608810564931970        1.0757204968140353       0.78981700316717229     
   2.5735295165242216E-003  0.39185338642340256       0.10864128732567689       0.13182469225881210       0.17514967312899454       0.11125665470958096       0.36090796055269447       0.11474190886576041       0.52264680977305400       0.43781397269059713       0.36028259398347845       0.23340518335419216       0.12092126577824697     
   1.0625506700253116       0.89324541481148201       0.71860664042805755       0.71257356363309432       0.84747523865995811       0.77587149985962733       0.87877351477238941       0.88208706120139280       0.97031976715709256       0.77737214624409856       0.94749666202336180       0.81622187885229391       0.80929420855611356     
   2.9247432076652544E-003  0.40352753641510852       0.12380813484636363       0.14777107227062750       0.19158648644757115       0.12347320347620347       0.38543229752104419       0.13012071295485586       0.53824352218764215       0.45201880126805677       0.38514387934087485       0.25455171262505882       0.13591800308515478     
   1.0158858236245543        1.0133600408947641       0.79268185708428329       0.64458323636914583       0.85593466918994132       0.72495093487988449       0.78340323510082321       0.91614263365188775       0.95147742245259470       0.98590124355743769       0.97169645324399534        1.0045488804445244       0.93574990897115740     
   3.2939988705266298E-003  0.41498597749075355       0.13920947233040015       0.16228032441214740       0.20769040566326746       0.13662546219135169       0.40951845803136683       0.14536570933392054       0.55113977767498601       0.46585974023582738       0.41019872702252047       0.27554682311523615       0.15129497860311580     
  0.97595535854817306       0.91402898414056555       0.75246232705453697       0.84565777950380039       0.81670024325925794       0.73959713149832518       0.76426613275769661       0.77870575945319698       0.75139994441194724       0.73206378318384668       0.82565105894947854       0.77030165906603454        1.0221595692404251     
   3.6783511715292603E-003  0.42722166475147455       0.15384248174320542       0.17577522486283864       0.22333794231601420       0.15014960817277020       0.43295480665082220       0.16065821688581541       0.56324234591408984       0.47797783586695808       0.43262195520661523       0.29462402281151778       0.16645039087588970     
  0.94470027706838000       0.79082428012745676       0.76773912445993786       0.71762263901428247       0.85954825073553964       0.76025962280932735       0.85070555288885907       0.75531396781476001       0.88068678490996433       0.69462890493841267       0.97983998988509335       0.79672978718040421       0.85125268097622464     
   4.1136647155270338E-003  0.43915251052834181       0.16828188621684290       0.18861897870311831       0.23854574121652067       0.16415132785552586       0.45710375572876039       0.17630980928940995       0.57511860854687369       0.48953423138315577       0.44998148012773803       0.31193310869548280       0.18173397602370167     
  0.95713799085086471       0.85493184426011370       0.87895919778795462       0.81984065499629610       0.75614157297495499       0.77650265965044152       0.86783330279241233       0.88372276970821528       0.91359719135242590       0.92502203125541771       0.88747902698449699       0.68916715638545145       0.78978932043859684     
   4.5678729331326542E-003  0.45090377720251162       0.18303056643827284       0.20087530298642087       0.25218463209297159       0.17889627897859661       0.48022878840924632       0.19366304284273000       0.58667333232347274       0.50019346006957000       0.46763958510566705       0.32898183042035251       0.19744160768772048     
  0.99340826726178222       0.78807551864968772       0.86010977828151836       0.77609511850632029        1.0125432551819138       0.78491374653439594       0.78416966756047224       0.82952070951427570       0.80742623627894472       0.76776341282693172       0.76910445869137578       0.76256894926889263       0.79231726921561740     
   5.0400589926238113E-003  0.46373421814755617       0.19706159542586757       0.21243144899142927       0.26553162633084992       0.19563233444618425       0.50146627614590134       0.21159168144395712       0.59792407948503734       0.51038592224796397       0.48418799504223281       0.34592359293369479       0.21436230050571020     
  0.96583951533893331       0.87862996255067649       0.77255844979781252       0.72979724151453784       0.82113685952575599       0.82399079553135168       0.77552315951790041       0.88486098167001515       0.83481025424074196       0.91095312360616787       0.82575648689576897       0.90139337812271458       0.84312428554804997     
   5.5353033713716098E-003  0.47567156352585171       0.21010537756665026       0.22722859059034908       0.28197416701616052       0.21208837172886696       0.52155386634848255       0.22791857858083769       0.60899892951625867       0.52001667202462853       0.50057729236751047       0.36306369685778006       0.23139408144227142     
  0.89511175022413669       0.86019474917424976       0.87727494378524506       0.80347378313287121       0.93403300633429820       0.79074033674659860       0.86164442708896816       0.74920714609505068       0.87377870750702191       0.77442586915500178       0.88704244690484579       0.74377898318197033       0.65073683381294933     
   6.0673690715610414E-003  0.48600482741882123       0.22384402245698104       0.24112630561527812       0.29893625951889591       0.22780147785665472       0.54039646741231306       0.24395173401496598       0.61970960573560407       0.52963642977378667       0.51639258894255657       0.38061344395248342       0.24621622947997346     
  0.80912743797720799       0.74289080918426342       0.74015664051321117       0.84903190284525865       0.96969715118408195       0.97315411505266058       0.89559769563814751       0.87614895305269636       0.95610566658650997       0.88075126475095400       0.75399372962264966       0.88780790793573172       0.82898793471354826     
   6.6246915404716460E-003  0.49630795436808745       0.23841648776565530       0.25572993285500584       0.31499077810035153       0.24362159712604869       0.55898828132343559       0.26084016066893767       0.62981469109807120       0.53763455935516691       0.53203369675981205       0.39727371846614540       0.26091197525558674     
  0.87130904514725571       0.74165779415728983       0.72326677475187306       0.76810360551801371       0.88783941826331458       0.89907661899894908       0.85682031703277983       0.90215447466980925       0.88148186980169296       0.85594040425929618       0.80802187935828140       0.79212021831253854       0.80887767917653319     
   7.2925263052966522E-003  0.50766476365297475       0.25399963009821724       0.27115746728164947       0.33061808183470182       0.25832635062887632       0.57649349373908920       0.27666033350422792       0.63942120232905675       0.54443162418199331       0.54721229890026979       0.41318202347956212       0.27651804241468558     
  0.90448163300232920       0.80986188902254619       0.85387670392397708       0.85913553957187094       0.86202709329488092       0.75603096238336032       0.74318754158871303       0.77864305209625384       0.82960380524474742       0.78206042591026825       0.66593416214877965       0.78730453181513527       0.72294927390527419     
   8.0131359197441569E-003  0.51928570325752876       0.27056477159769227       0.28641666618703776       0.34732159092204290       0.27333056579272935       0.59271067149212031       0.29266256847491368       0.64801462920460395       0.55191688992778432       0.56146411998450918       0.43014059226727408       0.29200647113987921     
  0.80725266638257920       0.94405719825749945       0.91949441834513213       0.81773474082183562       0.94847103567932678       0.89135308973185279       0.81476027242255122       0.83538287775131170       0.82689716070377073       0.77160989812579051       0.75959469380985178       0.90227190923131195       0.92119321099174167     
   8.7588118435576769E-003  0.53120150926135801       0.28683878846038130       0.30157398873190411       0.36423411033653758       0.28928922203835700       0.60911124292739716       0.30881952654825046       0.65703195214084265       0.55908208716081109       0.57455915001866265       0.44712601944580460       0.30871659892006664     
  0.79262472458773758       0.78450446232762228       0.67414195378127717       0.82965590001144995        1.0395952626487683       0.76441181710932005       0.91114317628448183       0.89148750097812379       0.91685476482529782       0.76324066589247874       0.73573705184509353       0.73363316252806798       0.79554711190473559     
   9.5100752778819516E-003  0.54325689994853954       0.30360230269066402       0.31721294723968407       0.37924612112703243       0.30648839869077743       0.62451154405478382       0.32604852328937695       0.66611385131246204       0.56769499177739002       0.58746666319149765       0.46244751916213139       0.32623801554826337     
  0.69621037208454495       0.95580201279354193       0.77302567760204532       0.80939155004893104       0.89552806058301082       0.98585668420776496       0.80524504327367619       0.74852884152988342       0.77947083068913370       0.82362881987106462       0.76015350001990367       0.73233511476239799       0.86196028085940879     
   1.0283416492973705E-002  0.55399406134249762       0.32052049928432713       0.33283653602965158       0.39233447058613280       0.32398677042715079       0.63947402313361856       0.34437316230986043       0.67566693462766225       0.57547554835096615       0.59988377762979606       0.47673504966542896       0.34348226973160217     
  0.86050925226824793       0.88372701113154495       0.98448754141522044       0.88866843698850573       0.85608525064782326       0.94993276522286740       0.78962038778519161       0.84292586892660193       0.90004230788053963       0.76481662241990833       0.71281403598793169       0.78203321350712796       0.85063881728228463     
   1.1103378099847613E-002  0.56496353278010603       0.33527795715511066       0.34885828659405699       0.40505054892988179       0.34194632194199864       0.65418658645230876       0.36205601097920942       0.68558459311804720       0.58246289288916808       0.61292543288791179       0.49105244494483524       0.36072547322342030     
  0.95682931528281900       0.74491242699577787       0.84615588098321892       0.81938988212287700       0.84433216042058357       0.96938875037455863       0.72246003117575919       0.82035248008958028       0.83943091280216564       0.78589723323635530       0.81982132427945587       0.84299743036667163       0.87538390013896339     
   1.1957874519807595E-002  0.57619075151975097       0.35105237273393980       0.36481476977035610       0.41801896226593155       0.35951032833534896       0.66817213960104105       0.37924998030672702       0.69495810936507596       0.59014904857006034       0.62598727110743768       0.50495409147507897       0.37709753884728670     
  0.89674424676318565       0.78238176880098353       0.83311149086778391       0.84162534542708523       0.86526432913985341       0.64513796672548240       0.87185748711020061       0.96192788695322606       0.74735280521495628       0.75306097494154389       0.87077774177451350       0.76072602576234316       0.78996669099508821     
   1.2886398323243483E-002  0.58789925892575434       0.36884479467867931       0.38096306894790066       0.43093374089633851       0.37795052479524438       0.68126661310112413       0.39522207141883897       0.70402372702533511       0.59820848658177539       0.63808557115168152       0.51973333168557734       0.39319046888844505     
  0.87792034504942840       0.88916722430377770       0.94157588445057860       0.92379012828516738       0.69110234730932574       0.89351360544513780       0.80589275810975636       0.78968091393367668       0.79179024202114900       0.73320297187178318       0.82727453720733579       0.85628338309657914       0.85382332193718147     
   1.4003639269911983E-002  0.59993433393942197       0.38658389727067466       0.39814573631669625       0.44349727418020868       0.39575747121549792       0.69363989171651286       0.40952700208295528       0.71337697671859801       0.60586496300469361       0.64973623463242014       0.53531802347153701       0.40798278830185425     
  0.92648884247566710       0.90657026876637892        1.0127329534840737       0.96975600045851185       0.74570875388798030       0.74213747191825108       0.78636251064955398       0.76538871374294415       0.87675160645328332       0.76567925863229380       0.79712892585162498        1.0054608506431391       0.77291208030895231     
   1.5151435516437224E-002  0.61231142980269593       0.40050608821390649       0.41588619009387429       0.45563861614776535       0.41430772512585418       0.70621704159055732       0.42412387796068957       0.72248541789729293       0.61343390631895511       0.66164822197804507       0.54959087256945505       0.42235925835374433     
  0.72068625035249967       0.91645206848823257       0.74078695828271823       0.86139093192641392       0.87857362393730765        1.0457027984261149       0.78406249652286653       0.83386615730049740       0.89576771037545988       0.84887442250908196       0.84618707308132468       0.82853343623789621       0.76510995197334952     
   1.6425996784958576E-002  0.62399032252090025       0.41456085556195549       0.43281772020078957       0.46722733423444696       0.42967859804322678       0.71832615752995832       0.43887203862338003       0.73098326417218396       0.62071855132587317       0.67310355638060015       0.56258728359512145       0.43723845353068952     
  0.90144966030368623       0.76359891038235916       0.81038649006199126       0.84757127988369196       0.78182065568805459       0.80927475253116676       0.86357773721457631       0.88034822184021133       0.77560797983088947       0.87530717257959678       0.84199348129199614       0.75155471271913998       0.76072342481331867     
   1.7692520410339623E-002  0.63477481291640581       0.42915636808000690       0.44959825876177356       0.47791532975026618       0.44162960044157146       0.72975364052690461       0.45292715045932330       0.73921969788291042       0.62746840885251121       0.68373556743133612       0.57660735346505976       0.45133379663919637     
  0.79737562244622395       0.86770959324683317       0.74273124118744327       0.89723270252457521       0.85279424089294453       0.75941087118623407       0.74373235513317959       0.72223613521562458       0.74274234507669357       0.77954235603497379       0.81398660787662847       0.72951334924154487       0.73683424777927276     
   1.9057882244371382E-002  0.64535198234421653       0.44484061469263331       0.46555694607599779       0.48955685116102993       0.45368681753753148       0.73881132526127058       0.46672733573271363       0.74753565765398966       0.63419683262348581       0.69442212427543659       0.59136811460664240       0.46643904007458492     
  0.73446115767543652       0.79402323595662372       0.91577015411102269       0.87487340288167392       0.90512943262471990       0.82308444648960266       0.77484386335731015       0.80657277907991276       0.78734519326635222       0.72785994122883335       0.78270161335172039       0.84573926818875789       0.80948605400332097     
   2.0475329959479094E-002  0.65641583899813705       0.46145484912268597       0.47988469447327653       0.50209713898768737       0.46646609237907766       0.74692399904237727       0.47901109204049713       0.75583087400386262       0.64078015622826090       0.70449041818148528       0.60472779780379227       0.48200982152767086     
  0.96585187898257707       0.86314464647974409       0.78082366376937251       0.71869218902020282       0.80689807599998054       0.82789480054810272       0.78809562840584058       0.83946943147819442       0.82355657016935491       0.73763883564719401       0.77511863413243520       0.64775963400963277       0.87045238286761650     
   2.2014109854237150E-002  0.66815257833296360       0.47780526402687051       0.49493507667071651       0.51460460480714354       0.47993565896455836       0.75429211373255045       0.49027808947985296       0.76351720855530192       0.64750305948616427       0.71430022875134402       0.61814597168433005       0.49754964342276448     
  0.72639223227962180       0.88817550902833686       0.83176727855855392       0.89506398613849047       0.88744055184991122       0.85139576481478418       0.72429127827838846       0.67800827085834903       0.87537725726738458       0.81009786475919099        1.0386060695005190       0.75430941452459255       0.76251204865366851     
   2.3662976908653148E-002  0.67976764837218773       0.49458218309465568       0.50999504755376990       0.52704276264254291       0.49333305637786901       0.76451152112541143       0.50636087814294961       0.77071177301409721       0.65404758710799071       0.72338780622748400       0.63132293950489904       0.51330178322938202     
  0.86209658601347083       0.88491904654217668       0.82684637664324068       0.90067210994377001       0.81608265998557550       0.75264683448792824       0.70849295113611910       0.82891679981929778       0.74466301672893032       0.76341174360231279       0.79038721594750394       0.79188204599507972       0.83398737457360428     
   2.5375980701545526E-002  0.69067764299593404       0.51093956917930361       0.52298992213169093       0.53919688028052237       0.50624653795621377       0.77561549362204807       0.52349186312978968       0.77760499687475360       0.66047146498339293       0.73205484199788551       0.64451872563878243       0.52905604954924246     
  0.73659747021133937       0.70684828117063692       0.78192058491991945       0.75676862602189743       0.81361164332862435       0.78994330244537780       0.81382313677678997       0.98189098298245858       0.91427059758390017       0.77167773473511214       0.76966991858528711       0.86736814557400232       0.77666012941016971     
   2.7265210208220383E-002  0.69945424609543505       0.52693022151051383       0.53516729128817542       0.55125732499476121       0.51999628308245005       0.78603291596077729       0.53815324398900777       0.78414666750490958       0.66639941346063469       0.74087832795136532       0.65759201708758119       0.54420749646187672     
  0.81984526396122726       0.84827876377837308       0.81174473671590042       0.73524741007797922       0.93671618359194464       0.77095767972577944       0.79841191368842457       0.81190957165281774       0.76250514373216316       0.83451634203885039       0.81124130254693305       0.80480563209468736       0.97305175946468803     
   2.9161424146827278E-002  0.70931213185859099       0.54080915205874980       0.54957834290674390       0.56336688230602516       0.53511472475649791       0.79604948664052566       0.55200399409491396       0.79079472182939303       0.67220594289980984       0.74969006205298439       0.67050558481236955       0.55802174242148717     
  0.74680160083086033       0.85427608718710646       0.74412428441625111       0.79166880566368492       0.79853794758386265       0.68953369806061160       0.78573150563339766       0.68323488766752771       0.85730141205055377       0.88766155213660836       0.80380460892673733       0.71577564887137035       0.90275040830591224     
   3.1394587241349838E-002  0.71955668294319730       0.55622021583066306       0.56360114890664004       0.57515185750313269       0.55070611684532833       0.80601422672148215       0.56702472802557013       0.79727413983492634       0.67824434522314925       0.75955925584268758       0.68356844681900797       0.57176577793464611     
  0.82229606658285836       0.85639196996943068       0.85605439081259549       0.82773090331855093       0.86157370600107774       0.84796372753024596       0.78349194168986236       0.76676550767617013       0.84088591381506161       0.83324444678243381       0.75858590776794976       0.76883243134473123       0.84290699732556140     
   3.3679116460814958E-002  0.73033301779885229       0.57574713341525496       0.57750182578575060       0.58652249184229732       0.56656811431428533       0.81548981585278923       0.58200517198130797       0.80348228270907740       0.68443697269790649       0.76958993203899018       0.69654446472985088       0.58596354307958620     
  0.72677641555373651       0.88027750684899086       0.86793871146924795       0.77266033593117944       0.86210417762825198       0.94216375368130578       0.78155879396332384       0.76188991650202886       0.75843666343655769       0.82026324285152263       0.72579448242093458       0.72803197463627334       0.80859114544384603     
   3.6396972494328134E-002  0.74044096919508939       0.59395252235275042       0.59170944653666946       0.59774450178381955       0.58232812668612055       0.82448540093071065       0.59806745766164127       0.80988983690227334       0.69049718304825791       0.77818302241649551       0.70939307748392288       0.60029235951436666     
  0.83874717312234770       0.72131653751383651       0.98199235232292792       0.71857980290827717       0.76290308625323144       0.81933854327629430       0.80428856090739353       0.93246149268545753       0.76457971482452036       0.84744778475177873       0.69695440284164556       0.87809709752491438       0.82466423919501930     
   3.9281533818317317E-002  0.75095754971102613       0.61126421403552178       0.60860174991028460       0.60781416210908290       0.59735904775986215       0.83337927034160331       0.61410089558099112       0.81748703383305088       0.69644879088057954       0.78691369272217304       0.72272253046396906       0.61540929374810971     
  0.84148160147968154       0.76242097084252025       0.84188348730512996       0.84523716188723175       0.73660566085029422       0.86412942838539408       0.73728283881679235       0.82792557324691629       0.83501289013036362       0.77327443415744990        1.0440918599101801       0.80666609920833465       0.81415494540839428     
   4.2053056538011231E-002  0.76203148136545418       0.62944963893161066       0.62543072367680586       0.61946274686540659       0.61285083383207517       0.84291386602910523       0.62985311897410978       0.82496619871672772       0.70217526833612443       0.79680451186970713       0.73655423847923440       0.63154850102153415     
  0.77552211474926624       0.86199750108720874       0.81497230467273074       0.89888055537246403       0.84483300422570395       0.70454462026761411       0.81879184235438918       0.79334237510059480       0.88488458212432830       0.69165535369610087        1.1222099239501866       0.84565777950380039       0.94366679835055733     
   4.5149640894886808E-002  0.77440028316479381       0.64850892690425999       0.64140520792910150       0.63367893891895055       0.62848285112445945       0.85116753600821349       0.64495268594488053       0.83174877167653938       0.70766845950221369       0.80683978976267090       0.75125879275779550       0.64837473645053567     
  0.74973339445727272       0.78786435552333289       0.82197889905818222       0.79922396130720375       0.79663279065775450       0.78485986447477230       0.90361056227857417       0.93782160679199522       0.83767868937251011       0.79691105139666352       0.88714015642175048       0.83796881499675990       0.84524713480692915     
   4.8768466949446636E-002  0.78631238256532276       0.66807092151252023       0.65749718365749854       0.64844734738385268       0.64519005967296672       0.85876830477040023       0.66086231958462849       0.83828235330965895       0.71322168388198914       0.81620054558416211       0.76568632949928539       0.66508203848817171     
  0.86554978544131578       0.94678762679791395       0.76794074239967058       0.78735729525843279       0.75337289614053105       0.79559863358419547       0.78240535776889286       0.87135623805824969       0.77886918661727944       0.81540311412730826       0.78866126475249176       0.96064710399334285       0.98574446765252188     
   5.2517077309192813E-002  0.79819647454800591       0.68716355096642445       0.67273221204335842       0.66338035407185736       0.66208088959389977       0.86663056976146946       0.67737383499971560       0.84449685176255629       0.71903842186115230       0.82540551049698563       0.77962762253743723       0.68116186981878923     
  0.75883265880263762       0.79765668812651658       0.87456003630047907        1.0458820873433867       0.72615936104299306       0.88422637616431743       0.79060724684065276       0.77378649599338711       0.80276927623095962       0.84929240991301069       0.97968591591155174       0.70258100366299303       0.82495875054771328     
   5.6611303890171445E-002  0.80975508096821092       0.70340597106563307       0.68801919766748343       0.67818097257037990       0.67896885796081108       0.87447865351590837       0.69295395981896768       0.85087420879043463       0.72461125226117495       0.83416918670010454       0.79331947013533044       0.69668710131428746     
  0.75736976601162442       0.72895160592907970       0.89664445806693327       0.75278644534240990       0.84086785815460940       0.92871245709156813       0.90899717204226094       0.85301984327281732       0.88373549209816105       0.81147441833436929       0.94892988794865030       0.90064204608864817       0.83214349742158278     
   6.0843282782015985E-002  0.82118191695208109       0.72222432055190400       0.70423205626138163       0.69175264664321456       0.69572700415096422       0.88267708430810687       0.70660946876897568       0.85736144515455393       0.72997086857726134       0.84269996358012478       0.80630888360599706       0.71231661736045560     
  0.72189877775374300       0.73124488333038784        1.2439610235233292       0.88967838056622861       0.85427992407227171       0.76353646741321912       0.85705508257381335       0.93389469076926290       0.83220352928464891       0.68365763543930791       0.89046178951134702       0.89086467973072647       0.84013237672385777     
   6.5452588578346751E-002  0.83335486986465379       0.74020929290179815       0.71989931513592875       0.70587622397558125       0.71155562421944407       0.89070638474481933       0.72264456588040726       0.86378436663682057       0.73511038903479231       0.85039131619499597       0.81922326608105911       0.72785803713024977     
  0.68619235315085292       0.80015761139125252       0.83839195199331007       0.86460766475064421       0.90111791680328568       0.70843240434470511       0.84291036586559343       0.92480914336198250       0.77802975807902053       0.72805174184677779       0.76066448511908913       0.89919316027496721       0.79029724152073866     
   7.0243552880060012E-002  0.84614691071452008       0.75880904197098253       0.73580415561790358       0.72054726046286433       0.72767081151981894       0.89795168996432306       0.73769301675042309       0.86996869454469083       0.74059437155735353       0.85684435001027459       0.83143432934347772       0.74367000254792026     
  0.72976685630138005       0.81089050500154791       0.91592726136467550       0.84415196214338406       0.83590461759201073        1.0702537559447969       0.91271980272430064       0.77281185786317841       0.68659641462569188       0.82841794692706749       0.75481005290681191       0.70674518667697628       0.69627397836203142     
   7.6311928902277559E-002  0.85884662863694472       0.77572629263414361       0.75137033086443195       0.73542681919075803       0.74381340781663974       0.90522402987116790       0.75401197677570642       0.87626076677096676       0.74600961639377172       0.86370674699602257       0.84339881983189524       0.76060173329530190     
  0.79249138537612918       0.80183606576301281       0.72486385622439231       0.80540370418274343       0.81856384837252860       0.85509758422957360       0.80932410915458131       0.85646739018631723       0.77516450863327524       0.78760410840619910       0.88123189166933913       0.90984318986845369       0.81459028546312806     
   8.2811626250694229E-002  0.87163909030119358       0.79283723890647551       0.76648378463356326       0.74907967002598652       0.75947667254216000       0.91239180028358358       0.77135838746209962       0.88257523092434498       0.75192919043647510       0.87096845239935017       0.85507552090319139       0.77740797098540504     
  0.79719680458081887       0.89825641782649035       0.83994196923338404       0.89580218895355757       0.71917156643173008       0.74447804891590663       0.79542029699387529       0.80807256005501715       0.67374869086860589       0.87401034431485880       0.72499555176257313       0.77763705799784777       0.93449271454125460     
   9.1066576123022686E-002  0.88199266552416056       0.80789464528656108       0.78187319055669435       0.76254112142326225       0.77654798611273645       0.91936979086627635       0.78769647837154955       0.88907997836664887       0.75796513386013742       0.87833683785693717       0.86549738215074123       0.79397962269745270     
  0.88387753425245097       0.85500135879515970       0.75857331090235636       0.75715470756036496       0.69692885480386046       0.84353583983868918       0.75226851441460152       0.83738777292536526       0.66175670169909229       0.79113999432068383       0.84310888644212645       0.82097640823787799       0.84919271956243336     
   9.9714706042655837E-002  0.89254248623858834       0.82320324296828806       0.79750161721295898       0.77523111245946186       0.79442012333282830       0.92569047849756159       0.80326047123647393       0.89531106257994997       0.76379688733716244       0.88615830180691513       0.87369355469815935       0.81038813586833469     
  0.67803439333994076       0.94196669118465148       0.76801461131956072       0.80472593590547115       0.72586684506544230       0.89379510041683796       0.96057458543283281       0.80557400124295275       0.85486001089982344       0.82627060399810515       0.79745524696359815       0.80757061062562330       0.79464232987401917     
  0.10937971678585456       0.90182778488402138       0.83652208389992655       0.81383606919702745       0.78877243306398703       0.81182754755894060       0.93150473447621129       0.81849272387704786       0.90224595481631054       0.76961485319978440       0.89399888060943555       0.88532635871966203       0.82625669285688619     
  0.79309716995743251       0.68793186333252598       0.87575911778387538       0.83820210826145936       0.71333835797763134       0.80039067367053252       0.73156455111034346       0.68116279412420477       0.77101671126616644       0.76962657875743656       0.84675618023126709       0.85230961997194876       0.76200226117972181     
  0.12007927932756940       0.91124542141190579       0.85071603678120911       0.83022094714581085       0.80262054309217745       0.82864643122085346       0.93746966903989282       0.83364536397326749       0.90911749421348631       0.77523375351165213       0.90223410748390875       0.89638148702913323       0.84226708261538175     
  0.66642663171607663       0.94190941134167672       0.81438384455747115       0.82345798080917876       0.76828617936489263       0.83635005452043154       0.71855665781792577       0.91659197734788445       0.75359851318539051       0.67392148753457448       0.73318870065436381       0.84721670277669103       0.75948370538975729     
  0.13463015457125155       0.92038541085559011       0.86420036325832517       0.84605340198398349       0.81841296103048955       0.84550988897427448       0.94374804245835631       0.85055857715945971       0.91670281605988835       0.78188236886828555       0.91108421836544262       0.90837955888891486       0.85761156680421269     
  0.76786288429677385       0.83477588572541250       0.69884386913048868       0.88801535978297363       0.81923889013785500       0.88396643401911457       0.83472905637232497       0.75221300293251980       0.80456558126541999       0.84270260269296948       0.90582858776927044       0.89055795604878762       0.78566848521936472     
  0.15232364061141490       0.92974232136871937       0.87884272470139901       0.86253640743029791       0.83532256046093900       0.86305848336911584       0.95019687656011509       0.86688849344879571       0.92398246894505542       0.78899391983137901       0.92049191398889263       0.92101227424555510       0.87225260314180408     
  0.72517661982046711       0.78489732311607585       0.72134125523569248       0.81269290860132559       0.94250311442908719       0.98919485284424535       0.97044299416756397        1.0246927256105887       0.83846341404139912       0.83334343970449443       0.74597327902576804       0.78384925009337214       0.79815004453184157     
  0.17373110972925557       0.94060581813985533       0.89433056175631209       0.87955953211328641       0.85434270924622746       0.88089180718118898       0.95677842028521665       0.88248519278723325       0.93115704717401315       0.79756180521451259       0.92984085407597472       0.93321094406007177       0.88676330329790332     
  0.68273127469100769       0.96745008865292814       0.85430572108087244       0.91139721296385823       0.72972393171547911       0.94286474930492403       0.91224465979556280       0.78150180246351264       0.75999160498433804       0.97253981050245741       0.73003862928396390       0.82102650158466173       0.70547642295148216     
  0.20094677396776719       0.95118633670613273       0.91003152331565318       0.89717834657095563       0.87182799269688249       0.89823943937164175       0.96325587096539478       0.89959897894758400       0.93855538734710908       0.80837538176098322       0.93894220922437277       0.94430558860934821       0.90306771570011068     
  0.73875165804821652       0.77367635050923733       0.83987640887760484       0.86937645781247130       0.73324428988620671       0.79404232722872525       0.92098870173640857       0.91290412842424107       0.78391012802616888        1.0711840230357228       0.79080576915039857       0.92241148266904860       0.92599454492033006     
  0.24090486132643713       0.96037186420082155       0.92550558732478427       0.91498219529439617       0.88970471804131079       0.91537429031974160       0.96946962006311965       0.91637928232185273       0.94614291623121560       0.82018768559171551       0.94719800046583613       0.95437953318523727       0.91889350982749840     
  0.85734727101614139       0.82149519999749654       0.82109097418472665       0.87290647708984892       0.70583239010564525        1.0233668123999393        1.0267214400589413       0.82754052672549339       0.75488911193229635        1.1382562433374759       0.74086987905507307       0.74397933374291425       0.80927851695083741     
  0.31096937179253314       0.96967537503080259       0.94022109810436172       0.93265766060145383       0.90726532453742181       0.93219484482317805       0.97565645008767543       0.93401613324364419       0.95375469222272580       0.83191768992578374       0.95548891004134573       0.96384038176723319       0.93446308645440168     
  0.73836331814884870       0.83280165349090063       0.75714244531837316       0.93236811589423441       0.72202590267563238       0.89411213805915046        1.0448834014416690       0.81253757834072338       0.84350362559749315        1.1061173835218696       0.71448965122955677       0.76013895994747993       0.86122472593947486     
  0.41083670137368289       0.97861903774832626       0.95543120828682526       0.95055087028045504       0.92794406996551193       0.94835939012698811       0.98202848797561226       0.95045208470488274       0.96251617241213494       0.84720897832401987       0.96539353704043707       0.97328136320462222       0.95029781232069521     
  0.63816453921562288       0.74553428802469879       0.79153574659484938       0.86254989032072593       0.83559790097261744       0.70112930125137651        1.1553396761423196       0.83412644187757912       0.81424662106240209       0.79748120159219194       0.87562299372977903       0.79013250715281735       0.87869920389799072     
  0.53694239066153215       0.98682332563996999       0.97004635556054331       0.96773463674045512       0.94813985392471845       0.96452594126060920       0.98819869172812558       0.96767633054288382       0.97141557369927034       0.86874849119228481       0.97646573280877869       0.98175082615188447       0.96529147980305952     
  0.74984058607169812       0.77154125424799391       0.85254639380754305       0.72532685529323748       0.75216149384840658       0.81243287041278411       0.94325262123736342       0.86816672304610909       0.83384624620887449        1.0464214172041963       0.71946134381270566       0.79370822776456407       0.70371539398603444     
  0.73043297363529558       0.99363595102975921       0.98524121574827461       0.98403177258321506       0.97384863047934955       0.98197785679411331       0.99407371284543233       0.98344386643888437       0.98456390387696846       0.91445947377691306       0.98771926807414678       0.99091499987162202       0.98261872838680964     
  0.70540701273357587       0.79777647678183705       0.82430973089203630       0.95186285046110986       0.92924673904589927       0.81157723703819473       0.93437992501045231       0.74557638580147845        1.0836208303588817        1.0798827895609791       0.89053801705444824       0.83704803086714930       0.95577777573137801     
   1.0000000000000000        1.0000000000000000        1.0000000000000000        1.0000000000000000        1.0000000000000000        1.0000000000000000        1.0000000000000000        1.0000000000000000        1.0000000000000000        1.0000000000000000        1.0000000000000000        1.0000000000000000        1.0000000000000000     
  0.64969332817012226        1.1354824381253714       0.85884359533731924       0.76799528820185936       0.93965423973770423       0.89453307502894819        1.0496943074339482       0.79669511729027864       0.71280747998289229       0.65270349228156865       0.80215485815432808       0.74249666340641352       0.93401572829658708     
   9.7517982508284877        1.5504557695378614        9.2326344941090071        7.2811592207518823        4.6700984132316075        10.094306430125055        7.8943444036056558        9.2500295396202556        8.0375766907457198        4.8174166704264278        10.338104247881384        8.3094323854271686        11.039925032701142     
   6.6476540379983016        5.1531323148009447        7.8179792197478521        7.9605997076182842        7.4110008479176690        9.0462986873308093        9.1600360774101759        9.5572448257632079        10.778702838897544        7.4650311404417016        2.7443179348025009        8.9412582161701639        6.2657384394818072     
   9.4632041510185996        10.229032403984240        8.2737403983054225        9.7195884418622782        8.5505366728630179        8.0024561145389583        8.4539296994399820        4.5608993958899395        10.479626985837065        9.3129169945186110        7.7954749756157113        10.531275319897295        3.3670600099710568     
   8.3735453664499815        4.9723128165989410        5.9675727207802352        8.5690869383959516        8.7200409111165946        11.366849742129274        9.5017363484764896        10.970021416777035        10.972536347401149        8.3774185786850008        8.4484949215786891        11.601003024286140        9.0410359541485619     
   10.674173795785322        7.9041062291490212        5.0678491490470190        6.9769673799297305        8.1159017691246884        6.4595919527340611        2.2591286646866067        11.733109676026444        11.947450798878405        9.7311720826005264        11.627583669544263        5.5785756730489844        10.487767945435417     
   11.984953593174049        12.383259426502072        11.501928835237409        10.402414295120753        11.013506051388864        10.829385452955291        8.6674144927382297        10.066943722572674        9.9162407888518729        10.281548788915378        10.773576833099991        7.5513903007972525        11.298535941683761     
   11.739942646603593        9.3487083366393300        10.456289864287086        12.856142176365955        12.572097732073560        5.9827987577339377        9.0488947138415021        7.8115450289126738        8.1957302300872890        7.9796908390277457        7.6939963133490217        8.3742214120454381        10.594576474261205     
   8.8822311651799328        10.212693891772451        9.3515818492784675        7.4699787383985541        10.775491519492101        7.5642397149149208        11.820245300930978        7.7967718069252170        4.9572074331483753        12.614481426328705        8.5872540731255338        10.959993759912265        9.8227454521679505     
   2.0486652849280827E-003
           1           1           1           1           1           1           1           1           1           1           1           1           1
   1.7721783522787113E-003   1.5814557021133677E-003   4.7090612446567817E-006   8.3658807015426824        3.3771925245731139E-005   6.2630014249973687E-008
   2.2865159328450649E-005   2.3015756964023969E-005   5.1523866500679249E-006  0.30064617443081021        5.1514880861650595E-006   8.2386943186163320E-009
   5.0000000000000001E-003   9.0964953408374676     
