   0.0000000000000000        0.0000000000000000        0.0000000000000000        0.0000000000000000        0.0000000000000000        0.0000000000000000        0.0000000000000000        0.0000000000000000        0.0000000000000000        0.0000000000000000        0.0000000000000000        0.0000000000000000        0.0000000000000000     
   2.3419456608566688E-002   2.6010958771460423E-003   9.3504596438860818E-003   1.2956335200129364E-002   1.2693354687645595E-002   1.7185644753422203E-002   1.6362632352264407E-002   2.2747952331787724E-002  0.28464401549503221       0.15578996849329496        8.9644826265113345E-002   3.0430319359371159E-002   1.4501931521268234E-002
  0.97914228534578263        1.2492671864244258        1.2145684793520919        1.0222042033116527       0.76763875542776450       0.86904469373035220        1.0921656406414408       0.94564260964374169       0.68483592713277630       0.75233613605443528       0.78883705472009535        1.2255083637303130       0.88884685792626161     
   4.4107860667278127E-002   4.9998467609926808E-003   1.6359372407718765E-002   2.5055315283185095E-002   2.5975684123545912E-002   3.4569511323335946E-002   3.0947668452110437E-002   4.6163554317214563E-002  0.40208498111287300       0.22055407418114256       0.14871670133524606        5.9414484927869035E-002   2.9028317420835826E-002
   1.0433794260888929        1.1876868014004156       0.94874519940303559       0.82284468504488251       0.74656633210405610       0.81773341904461383        1.4074192858038057       0.88762782489922198        1.6227606005820352        1.5712634394059282       0.83784618007353850        1.1529011124799433       0.91650520106780309     
   6.0577416359626775E-002   7.6494515956397630E-003   2.2746261305481588E-002   3.8456780294994664E-002   4.1052719038557145E-002   5.1721741344897348E-002   4.2276533393410975E-002   6.9118724739297283E-002  0.42943273241229646       0.23891962105339545       0.18977218840288612        8.8671193022624203E-002   4.5568670669210880E-002
  0.90507950045170837        1.1450345211757158        1.1091045624804112       0.86623488452549946       0.88210145079643520       0.95729446765875614        1.0963211021388468       0.92171020297934780        1.0009630637547653        1.0018165636766017       0.96588999939943265        1.1433107100496691       0.75263008654324492     
   7.8442405770245791E-002   1.0490667619190567E-002   2.8380898264101569E-002   5.1181195261260484E-002   5.6094132316000272E-002   6.9076673799713273E-002   5.2833557827215619E-002   9.0893667436497405E-002  0.45536881629795889       0.25322630922559242       0.22174026153967172       0.12026796031788796        6.1250566004223808E-002
  0.93292910143875563       0.95745196922456755        1.0716619331791550       0.92802107880696971       0.92317081016587288        1.0917509220651362       0.94995474897973264        1.0886338765738108       0.95499602872679212       0.96061678668919848       0.89822247334623473       0.99072019364874730       0.94470218633034864     
   9.8103639251099231E-002   1.3718182808697785E-002   3.4027989680970934E-002   6.3760465035558850E-002   7.0657853962330805E-002   8.7137403159887342E-002   6.2215751476512968E-002  0.11134773745281212       0.47856303025141528       0.26290888652028910       0.24546358635468402       0.15085988379074550        7.6925648623575593E-002
   1.0608754180304336        1.1050360204870096        1.1313287560684204       0.95460353421777755       0.78604293967806194       0.90680997928802909       0.91607485253418031        1.0972952027505796        1.0204843145905200        1.1377618723587783        1.0183322185475194        1.0596388849470533       0.99601859084069433     
  0.11566771315320595        1.7068518089956283E-002   3.9398364725290298E-002   7.6088861184250817E-002   8.5547746904168942E-002  0.10511496723572550        7.1409309725526754E-002  0.12819417156248275       0.49844670767888472       0.27235585866828399       0.26575249173982912       0.17910664316555866        9.3200507533440127E-002
  0.92564459090986617       0.89078659084845213       0.99874774718226178        1.1025918901038056       0.81840677455914501        1.0352553534792970        1.0460816053517481       0.96648160212200840        1.0183138249804045       0.87689881451570006       0.86734841364563897        1.0338039597545350       0.96253165156708120     
  0.13231200418123418        2.0309283452907133E-002   4.4642593819127691E-002   8.7879841336152606E-002  0.10132427909977014       0.12155679999926769        7.9676402182106171E-002  0.14398610357218064       0.51622414023228469       0.28164564539159753       0.28527696974531042       0.20680345290217841       0.10833584392147935     
  0.83500278833116437        1.1137864794679107        1.0060975599278945       0.98491692358534122        1.0287080358212368        1.1569112740800513        1.0930586816813155       0.93173229018272363        1.2630397463109728        1.1124015851513693        1.1467130614623040        1.1015569296358878       0.77593865320002398     
  0.14863628270020857        2.3556964986491437E-002   5.0625843510962193E-002   9.9820206272234299E-002  0.11685579031209686       0.13743383772328341        8.7024780687927406E-002  0.16062927441399535       0.53292026867266162       0.29055989577274810       0.30648775816396107       0.23186283905033020       0.12282250814557456     
  0.77219182941405606        1.0163382185640453        1.0560976552196679       0.86317458612770603       0.99378184203973141       0.95204634091697138       0.83638434947630180       0.81361806389742086       0.83718352094224202       0.97710254857664802       0.96132735973956895       0.89964992325641990        1.0232720751802780     
  0.16456513894163055        2.7246603704927555E-002   5.6891654518535478E-002  0.11172406363256163       0.13103056764616602       0.15275014221723443        9.4464834737980882E-002  0.17833708602324200       0.54798933321997889       0.29938215734486040       0.32918482675306687       0.25481901806399093       0.13784603336737367     
  0.78702358310885856       0.78647502970169669       0.90322240790532082        1.0685669168856786       0.86671713459749766       0.93575456009916813       0.81227079962604609       0.93478848888047905        1.0137408132258345       0.89606322844706721       0.94752525188106762       0.91327784218951402       0.86267714227882242     
  0.18059755460322058        3.1481680950829843E-002   6.2440759905486233E-002  0.12361758498143821       0.14622150850045842       0.16818250806790908       0.10285961481153283       0.19501031968395671       0.56142330117261496       0.30741323376988500       0.35005509423149772       0.27504448058064923       0.15355228761830156     
  0.85978702356499204       0.89432267225202622       0.97426219564289063        1.0082343770747118        1.1698874373678425       0.80747265962581705       0.75654613390848446       0.98542118796110445       0.98446462992049333       0.97304713472696513        1.0845867586541056        1.1384840576356665       0.96176476814667500     
  0.19683936357899953        3.5979578627094951E-002   6.8221834495307901E-002  0.13554276906425353       0.16215573078660497       0.18473622021092537       0.11230576648905291       0.20814567464212347       0.57399082211455221       0.31487947050809462       0.36905890840707123       0.29250968166066288       0.16996856736720381     
   1.0431735437623844        1.0079747173834963       0.89746071580906817       0.93141805484656126       0.86191389125363793        1.1392017880491050       0.93553968174107138       0.78092893807864516       0.97131423061889910       0.91634039305255555        1.0311165403146665       0.86826570272580150       0.85887887840452848     
  0.21274504773387223        4.0475213589912254E-002   7.4095973330499346E-002  0.14724167190174842       0.17761313358952766       0.20086219726662230       0.12231720828418507       0.22107509384774751       0.58633770560509324       0.32219793217349368       0.38851463701041300       0.30964966670195049       0.18650837125238481     
   1.0935802964751540       0.82304293097560788       0.83429923389180682       0.96375626683248561       0.91737852166130651       0.97625953610826333       0.99772904266656626       0.85801175355122261        1.0588296995403701        1.0418136132148295       0.84006961351133291       0.96958407705398353       0.86210090785875082     
  0.22827229511114680        4.4992351109756613E-002   8.0297131680849940E-002  0.15851785006096109       0.19298891507534066       0.21470375590283144       0.13322365827454077       0.23412509417799396       0.59848501094715223       0.32936744950294122       0.40804196671296278       0.32711592561244146       0.20252458585289099     
   1.0425919315977676        1.0094652913811144       0.97271106460885104       0.91202997423854226       0.86853415872435991       0.87371277510847700        1.1527034470088580       0.76530677910371503       0.98272289794369849       0.90487193645937747       0.85093922850413850       0.79997390106998345       0.87765682506996989     
  0.24311133240665961        4.9634157451939054E-002   8.6653060051220823E-002  0.16950988534619640       0.20914900881039850       0.22741681855190690       0.14406769115453713       0.24720790681823065       0.61020913022710266       0.33607221619807165       0.42574034118385845       0.34412259030719872       0.21774852075994458     
  0.75627208875725405       0.89099065475075967        1.0097269918164760        1.1002417440029542       0.98734317272232652       0.92055363191008555       0.90892556374990741       0.91744014102133564       0.97756219988085724       0.89322124131784397        1.0301915805069437       0.86170399222074345        1.0164475876583601     
  0.25886840733970862        5.4513086810613724E-002   9.2997043043157868E-002  0.17958412935797899       0.22596205105895195       0.23962412117355625       0.15442969571513687       0.26109669570455485       0.62154458717543537       0.34249314412929421       0.44169242695597533       0.36249758221593681       0.23236280892117714     
   1.0057091973156937       0.91546092859386752       0.89412245909502963       0.99636701528487570        1.0564632128090712       0.95661264712583316        1.1539022149855314       0.83528628198737354       0.93356167398799239       0.84983494932629111       0.96058944432347415       0.96544442142632514       0.88953455733106046     
  0.27488655628019121        5.9987290530056983E-002   9.9555799229454553E-002  0.18875749531581490       0.24213068541990951       0.25168714196416969       0.16536135041147251       0.27503964626591471       0.63221838236923000       0.34904634073897778       0.45762008073910815       0.37872536248957167       0.24712486251117427     
  0.85909981485527709        1.2186033217826961       0.91553789014501108       0.83630590063147547       0.90296008398037786       0.80176333656171650        1.0696541989117967       0.86472129482878524       0.95812515194768300        1.0547634988595691        1.1874207856534165       0.86596075712038745       0.94636803782991707     
  0.29302423388779053        6.5961363904080111E-002  0.10621388249742067       0.19772994123811072       0.25703142538155910       0.26672545037092488       0.17655674175125732       0.28911405506127286       0.64243753959999583       0.35552653962277536       0.47457735810542928       0.39357332341863110       0.26271403886083822     
   1.0143931346441928       0.99865810684342315       0.86615943896269876       0.97542516378957378        1.0972875541417584       0.98892649548027745       0.97462283449031584       0.93123998348780990       0.93023938235964787        1.0320946114852636       0.95968751439578837       0.86596026738341336       0.94036969298304296     
  0.31034540686451495        7.2217411695259623E-002  0.11255626244670619       0.20781562174982160       0.27045100046011339       0.28317670911504095       0.18713766103557666       0.30273152280861859       0.65241637300737454       0.36183242951531125       0.49088784421908255       0.40924962476887328       0.27907796028119880     
   1.1216317650001637        1.0412586435281037       0.80908226228436919       0.85702808129423280       0.84891146083437163        1.0649568003132095       0.93014867106629351       0.97431882227668332       0.72603301905410433       0.83397676894087125        1.0928351502637048       0.98915587934824978        1.0912304592506281     
  0.32641251521621606        7.8765488346147869E-002  0.11958473845734836       0.21896329095937786       0.28480932666826675       0.30034934465614366       0.19753544141924717       0.31606133028860378       0.66202453083407975       0.36821371745759468       0.50598084551643463       0.42582441080076505       0.29514153283419142     
  0.91841500178629598       0.85566657803174517        1.0847379771661867        1.0335205623003261       0.83537673630844245       0.94306881697524092       0.92036347868889024       0.91002836022491651        1.0501491126255722       0.90235027057063688       0.99045906766035552        1.1132222292827489       0.85236242922421779     
  0.34154478360407020        8.5656212535494908E-002  0.12686517624271129       0.22856765505678980       0.30039256960027111       0.31715586584256222       0.20842890653370805       0.32976029761235609       0.67104044806209195       0.37480793158456760       0.52037775676933895       0.44296686430898669       0.31101200829793224     
  0.81594452729870526       0.82273742877022260       0.97537967789094504       0.90606346138131211       0.98531522650950731       0.87576849243963328       0.86618671399050151       0.76218810231995904       0.87306080797070607       0.89063558003307985       0.96914695007078144       0.93893996133180802       0.98115234201251333     
  0.35701479664821378        9.3127647543533656E-002  0.13424293785128519       0.23722411286007145       0.31596511357306972       0.33155226904221924       0.21981468830304873       0.34320486593920324       0.67983603735169362       0.38166456596439075       0.53398289525347942       0.45981778262474704       0.32634456912221682     
  0.71364081392428880       0.86734647443081003       0.98621077111563393       0.98729452470039802        1.1248417817318213       0.98863170594049221       0.80352903094089401       0.82891989966493862       0.83022773999838240       0.94802019957134331        1.2298381001030494       0.96381426122376757        1.1175796362579484     
  0.37173102619467019       0.10120551005636197       0.14196344129778166       0.24646291820761396       0.33193529246474396       0.34561710976167342       0.23154721925535762       0.35668142357517141       0.68863671053636744       0.38809254015935496       0.54753924299561629       0.47489890849200184       0.34127404936929606     
  0.99733711550535431       0.96860976642858743       0.94798763766384120       0.82598201634075064        1.0731914583523550       0.88429034024527520       0.90661738354341925       0.87912376979624995       0.96311291676175859       0.96923465466169278       0.98224352619503363       0.89535137044435109       0.92818439747978820     
  0.38340112006197302       0.11018700967031737       0.14988848502061147       0.25589915728263624       0.34893483482673798       0.35848732236584813       0.24331056496155404       0.37028223841541974       0.69742317251639385       0.39346699157735793       0.56099350858831032       0.48924054191131322       0.35638758104608581     
  0.75390267923517618        1.0162218000207011       0.88236677975169386       0.96610452337831421        1.0963814862793781       0.72393432466824892       0.87597894779821295       0.82756268494123442       0.80321226340674001       0.85229785165916150        1.1799626673135446       0.97999824444409378       0.84649648357990315     
  0.39823559340658249       0.11903543066798219       0.15737863599014143       0.26610010109522636       0.36638212767910894       0.37119922702154329       0.25521614025531519       0.38369319955893766       0.70599870524562736       0.39882930584006532       0.57297628604316753       0.50411513602785274       0.37165836161898613     
  0.80830717880956049        1.0016659519376945       0.69968728031484773       0.97191928967809227       0.92491822240570798       0.83780117839109480       0.84946753410182529       0.90801039113092807       0.94498032007761468       0.88317981452009331       0.83665490191706671       0.97886470295455863       0.97865602045226974     
  0.41292100333385778       0.12869175421051582       0.16467121851407665       0.27704702209342835       0.38452530978777105       0.38548237153760029       0.26729785909226994       0.39733596756654593       0.71434044826114163       0.40443737510610889       0.58532861249396517       0.51853208070774959       0.38783582516689574     
  0.92396068313495872       0.88849105468268752       0.90244015395975530       0.85764868983043741       0.97739178723876674       0.84499741533115980        1.1140728084788014        1.0178386414539964       0.78567783784951095       0.98138394661227257       0.92165156177867980       0.96006317634677818       0.92450311718283007     
  0.42769552536545924       0.13844406940582815       0.17227422778143256       0.28851377103206538       0.40271460199479536       0.40170882055477480       0.27917239583967640       0.41115650763482059       0.72250040138372162       0.41018987644976507       0.59675419381161710       0.53378194955903657       0.40362132338158918     
  0.94460303902724740       0.86987638865066141       0.88482852691071689       0.94838360492358742        1.0126814486652094       0.99297615954865903        1.0247762033983283       0.89854854068279399       0.89304305429132225       0.93349197927666905       0.94780933964440550       0.92263007681926867       0.84407719274716964     
  0.44326215192143548       0.14856587510783156       0.18078191378679082       0.30055520589396401       0.41940474158832064       0.41664649731472575       0.29010535294222584       0.42522273812080669       0.73057220571419379       0.41615828128934662       0.60920970381536410       0.54931199700798916       0.41966394649611927     
  0.99325624411013858       0.84502804938363607       0.86445073202657696        1.0308203363428228       0.88025100019044844       0.79830445549587281       0.94222892811864356       0.99240171378372422       0.90421864963249587       0.94207372765958330        1.1355129645493895       0.91028113740854555       0.84781091283126830     
  0.45975079699405508       0.15749134830160244       0.18993818056540027       0.31269758868973019       0.43464033289912163       0.43201685965207115       0.30060170369010319       0.43731502962434382       0.73846636376678421       0.42216978827569607       0.62237967728758536       0.56488905521126653       0.43661796039633660     
   1.0042246694451291       0.92169610946199820       0.89761220580469492        1.0354268965189179       0.93605606505306460       0.96575885250127524       0.95157922793139638       0.96095626562079439       0.92723408351362591       0.84329434281521931        1.0031422137165751        1.0045767568185429       0.99923840552109977     
  0.47674734910393735       0.16800063577743521       0.19875929917749893       0.32465904353818165       0.44955563947964478       0.44762857080529139       0.31143919078204724       0.44883319561825369       0.74581483508685942       0.42809600219627314       0.63489596002625437       0.58096347622001698       0.45475722936417251     
  0.83047620394039234       0.85574734977409961       0.90622807095810121        1.0092998554024304       0.98981061501222378       0.95362688024822728        1.0594364876184887       0.87078812871574307       0.85158662239289051        1.1177157833952118       0.88657130925244609       0.96804247177901637        1.0428133967086690     
  0.49388400757053685       0.17751839860902310       0.20766061816034381       0.33605405669746075       0.46413055593326691       0.46363808886086133       0.32277392264285298       0.46117117854786926       0.75291856443221550       0.43390113462858526       0.64749572527799848       0.59503115165284559       0.47268176932526046     
   1.0750568181257965       0.89430757104531877       0.91639684958703216       0.96777959620721132       0.90351217980698895       0.95548812288006102       0.79062360590560654       0.81485922073172634       0.85941168946618451       0.90513457752711668       0.95517332447498049       0.82921601779391163       0.94372804313530889     
  0.51133265417582952       0.18940165115524160       0.21700449892110932       0.34706935708718545       0.47900358535949294       0.47845645349834282       0.33485936931238619       0.47391143845191092       0.76015380606389515       0.43937852724534532       0.65987918147261759       0.60919678563913982       0.48871052824475503     
   1.2032861207991763       0.97865990580292139       0.80427714023481800       0.77907687544796855        1.0325362350943208       0.98004605716088788       0.91212776798919215       0.99250116960345625       0.86782629721955418       0.85668967901663828       0.99584235167038748       0.84882752157207630        1.0355621070090071     
  0.52801342804319340       0.20177148677748200       0.22726024104794482       0.35842131156725660       0.49633504034018844       0.49104596794656413       0.34700210649025870       0.48673517157131757       0.76727212276375256       0.44496953224774088       0.67220659772639824       0.62262625349173495       0.50411384013071003     
  0.76090501724339465        1.0999761490739846       0.93769423488490111       0.98116668134818319       0.98075769584083394       0.92340517396671351       0.91449445705648702       0.86444801626821088       0.85963460429862981       0.92264550119240551       0.97848132257194032       0.79427069037126952       0.92818586346817888     
  0.54449759311762058       0.21433136698657759       0.23788661707601258       0.36993969097584006       0.51313735487119216       0.50472365190298996       0.36007944311151563       0.50015303869881722       0.77422237676124839       0.45083278489716316       0.68457851749299603       0.63603706680582051       0.51869777348212043     
  0.79259153544141525       0.89714994708772122        1.0228947423166679        1.1241879961894814       0.84269443188814142       0.96292987855519152       0.86065379223964000        1.0720101911709918       0.86836203033044734       0.84566271498161194       0.94194819028660726       0.91305305846027907       0.97336293702909082     
  0.56172505611105727       0.22705442508014084       0.24897287870024432       0.38186041060998199       0.52901492785154258       0.51976654570781866       0.37333243520347259       0.51212308266366424       0.78129719771431005       0.45676854727279603       0.69664610547078298       0.64755268753696560       0.53359324386224671     
  0.91028509233310828       0.81249070026202053       0.87241308812377361       0.93178762343058064       0.94957428685139222       0.86808705423206722        1.0453033612501155        1.0473791068704037       0.87874584763656738       0.95574448525253863       0.84073796429049630       0.74536440750187816       0.73376897938916319     
  0.57857987830002633       0.24084648315968099       0.26014272215579870       0.39415000907283271       0.54427774352519098       0.53435073865968308       0.38658932509436744       0.52539963301000703       0.78808409066322760       0.46296302802914163       0.70790462132338272       0.66070508073281187       0.54881088888676688     
  0.98353690248368164        1.0763227240529056       0.91402244922936760       0.86792872407353960       0.88323966300236301       0.86432422356426630       0.95627344917411894       0.97164925374741284       0.86282052349092975       0.83280648152821291       0.90113332362232768       0.89598122212341902        1.2053409082860891     
  0.59439496905453915       0.25535159114315742       0.27237905671878115       0.40657883700380987       0.56033481112219707       0.55134137742131917       0.39980952423704041       0.53801766876405244       0.79453794349510842       0.46911761318480888       0.71822767881844629       0.67388434024312360       0.56503357328632975     
   1.0283589426884963       0.86179944141855258       0.93122545917011268        1.0578900063953607        1.0207984192377895       0.99933305504344105       0.87328749303188868       0.85281083573627270       0.87240308062378746       0.95695472735709397       0.85711968107665015       0.90986792274674833       0.76843472235858079     
  0.60959555690087508       0.26954709136246296       0.28454793685517293       0.41843693032863444       0.57658748132385018       0.56729371025789921       0.41305377983599140       0.55069722893026030       0.80099121173873744       0.47488232628101323       0.72840363485252402       0.68835139596755812       0.58076906140494022     
   1.0426010084991006        1.0282592788481058        1.0429960012935624       0.84710845213663100        1.1250143194600841       0.87272262881697715       0.85100026779917870        1.0594409757398207       0.83689418021092554       0.80923698070551520       0.85607744630274696       0.93642872051894921       0.92132409805113269     
  0.62513923959023876       0.28363419954118735       0.29639178539997096       0.43048993453007051       0.59327893109080199       0.58295624616508501       0.42687888152202619       0.56359756740117339       0.80733798354871034       0.48097369647888544       0.73912461421041420       0.70236811662923271       0.59760734373151747     
  0.88463328720964030       0.84189323024807683       0.84669232217881074       0.97827732785790100        1.0478620442694551       0.88937923693642162       0.77936212018821105       0.98293586329353944       0.78677431200363912       0.88360866690918694       0.84201048645417997       0.96688167530347746        1.0509920053633897     
  0.64136421492119755       0.29892861826029721       0.30868667417827517       0.44384409899410610       0.61051738976749137       0.59951510173434230       0.44162507874067020       0.57670318651820540       0.81437407853938804       0.48748327331234509       0.75049534155872744       0.71657451956957285       0.61379101125116697     
  0.93975594906355309       0.79955507256243918       0.85959968445057733       0.87332373095229943       0.94530059335203565        1.0193956748033675       0.85117146711086533       0.86364625660573158       0.90596684009520501       0.85952807607169068       0.93042474060367475       0.87906511821233935       0.93450440984356187     
  0.65773426339335228       0.31590160009809637       0.32189251003529740       0.45718435735036167       0.62810754283547987       0.61736731702658543       0.45754461306144967       0.59071714875189663       0.82169498883744685       0.49432099630866638       0.76067899338687850       0.73055812065338521       0.62962029599186620     
  0.96496043165965228        1.0201211185619115       0.84125278981035556       0.98803683367486617       0.97835708484055861       0.88414970788359681        1.0724066672837038       0.76482564070505044       0.84458717509317915        1.2150382495772178       0.79964120176327758        1.1364420275488265       0.97193374768775020     
  0.67418650648761436       0.33424292327223371       0.33590040593234233       0.47010372797063404       0.64433907888625197       0.63306455228383551       0.47247634465507432       0.60519164064068720       0.82867201988119055       0.50160668390460394       0.76928105389876278       0.74455798871626322       0.64619410311633541     
   1.0170403761683680       0.91794655955771165        1.1643163800954299       0.98052103432432280       0.81586718382182755       0.91591696736689554       0.86368924418555304       0.91439541952592429       0.95714487028050532       0.90432950163723413       0.81306610175805361        1.0019097561403749       0.93439002733663301     
  0.69082743662081214       0.35333748107339996       0.34974584801903552       0.48331733708138658       0.66078040882659184       0.64897747027042052       0.48782807292646180       0.61930136980600703       0.83555667772915354       0.50928906776995697       0.77711339239710986       0.75783119819347644       0.66309119514687387     
  0.95455877653850763        1.1114824913574592       0.85785607062881120       0.98159504302133571       0.86499958094200213       0.76931394805512532       0.96601342041234506       0.97560419364482909       0.99212554592530466       0.94724693809852711       0.72760498522930472       0.84467685450307861       0.91917710828226784     
  0.70774138677804965       0.37288046482214549       0.36397329632444525       0.49731127346168330       0.67743165624611568       0.66551734872251589       0.50155317724242665       0.63326050570033665       0.84197353253833163       0.51695701407094918       0.78528044389734186       0.77037908929787080       0.67946056342700012     
   1.0245321784093486        1.0274223083775165       0.92156969675837874        1.0539956538355919       0.92113131413050120       0.91295030979603820       0.82809028977836574        1.0991044213195982       0.84878768897625345       0.87952196726401521       0.76233338461663547        1.0136652875430181       0.98007131349830034     
  0.72328093936137383       0.39244081558615479       0.37773168241366439       0.51201791693719256       0.69523407110835966       0.68244427242944350       0.51561274419014125       0.64793775778544249       0.84794746067584226       0.52449960356608294       0.79399683254460895       0.78200492405470490       0.69498477764710354     
   1.0535862473973179       0.86458817606780092       0.80050492170156640       0.86697956620043903       0.87972289291686467       0.95955639704095597       0.90070301613122472       0.98772129136031139        1.0014251335746369       0.97481982967450620       0.87877248137272190       0.89667316562883870        1.0021635364998001     
  0.73742867241288412       0.41245633799011600       0.39258453449936165       0.52559694031585824       0.71204978012432629       0.69900990462531187       0.53013573473767728       0.66346192531125325       0.85402864907964571       0.53226226279768163       0.80222124814617679       0.79314720536340722       0.70960143066466619     
  0.90809795534286764       0.81885821143898962       0.83968666491571753       0.91891692303028749       0.84956048285880714        1.0989927114612303       0.89336983040135920        1.0558554630017893       0.77192269385495160       0.95548693658282036        1.0158482552131314       0.83563807356498343       0.89230354287026814     
  0.75174560168314464       0.43356389814018775       0.40873889466315350       0.53787488172917775       0.72798970853012068       0.71519860499821764       0.54386673656386653       0.67845511567814498       0.86052552705148433       0.54008417084578453       0.81030701210315526       0.80472357800048211       0.72310124448132995     
  0.91003119979448888       0.79716179439334567       0.86899480319940936       0.93944735482996455       0.80834317518611254        1.0566310426739727       0.79771153055357713        1.0495307742879971        1.0577395680239032       0.96204207364493954       0.84755348828442578       0.77542858154320182       0.93437118447025136     
  0.76711526388741735       0.45584597989770903       0.42515607069834649       0.55081570639756228       0.74128766807584556       0.73009689718944415       0.56239672315103284       0.69214156879494659       0.86749410915067748       0.54768430967610149       0.81912577059863967       0.81684576709547896       0.73692380660681345     
  0.98745806829512239       0.90520161528427656       0.99687518294019362       0.79530576078277060       0.83199034580867315       0.88388095468736239       0.84636921538034315       0.96928805297709175       0.90212165196979377       0.81003770590632973       0.97960787234913360       0.92528481513958649       0.96381915106287530     
  0.78316780829017751       0.47845414884702236       0.44252612268373898       0.56476040365645552       0.75480410107477791       0.74576365661094390       0.58129227390028437       0.70554648144905352       0.87462333312412910       0.55496642203579105       0.82874186027910679       0.82874863313494995       0.75208770450950080     
  0.85607557321854322       0.81957619703825879       0.87547723046917358       0.93237011491907729        1.0728094647766027        1.0336995223302909       0.89732713402797082       0.90548064993320221       0.94178191116275056       0.94247860086437418       0.99178750480203060       0.99051912158850453        1.0401950670166233     
  0.79934969957285662       0.50077488457182773       0.46200647411928270       0.58026488224443018       0.76721270267382902       0.76208048827086872       0.59944840178205838       0.71961087580956085       0.88173438635831403       0.56215480087246750       0.83897728769046642       0.84132567017323512       0.76803094991851684     
  0.93954225225830656       0.84664510034736851       0.83131860237114841       0.81355084588349036       0.78197860035682343       0.98239772884792753        1.1706501494652592        1.0161712191652277        1.1789271070362941       0.88560662569588589       0.83840457695221970       0.97668968398865319       0.92789505576165532     
  0.81504934974495613       0.52135307389180352       0.48340632657958937       0.59672061656542219       0.78016017733796761       0.77805217418172568       0.61832931776409028       0.73449639631591923       0.88859457714368584       0.56998834706129653       0.84941800098421094       0.85310808610146183       0.78409931421411483     
   1.1027874110380720       0.76801885467300912       0.82354132867689323       0.81132033308158236       0.85906277172153545        1.0078648924523588       0.90543900443371272       0.84547751208545407        1.0722103003638814       0.94956746862839114       0.97026489764117296        1.0591800251148520       0.94592594622657189     
  0.83039284018342829       0.54116130577712696       0.50471128510191465       0.61239151713404905       0.79436220901271914       0.79419802378165005       0.63805517053446192       0.74884157911940530       0.89521585195834763       0.57773640759174527       0.85934302554025288       0.86403716048667567       0.80005103714289383     
  0.94668296927375239       0.83739410164781958       0.77228693802325243       0.83323565052828708       0.96119713993742617       0.92019599821526454       0.81144138015314338        1.1629617726792125       0.90684850619942392       0.77855122519413833       0.90656397070035832       0.93910057741928010       0.84518273379910303     
  0.84499367259560976       0.56179515952511228       0.52990239822164842       0.62781586806107093       0.80938375126929285       0.81027669098310706       0.65690411892452971       0.76304754542664666       0.90183926059278019       0.58727499975446584       0.86868511760835609       0.87476084059638126       0.81553927871488019     
  0.93502474035687522       0.75689729874209954        1.0664531443803573       0.92580526021185150       0.75401627981365882        1.0253615585054403       0.87061929245854131       0.96693389998068069       0.93515515584157549        1.1096993818010705       0.79289639052197070       0.86906055671671867        1.0075147423564912     
  0.85845057713128303       0.58598097757201828       0.56135004647600606       0.64363601866191533       0.82614365030026993       0.82644210543897734       0.67568880233187256       0.77864307150237655       0.90858367596502709       0.59819226509134027       0.87719633110256379       0.88528200258951595       0.83048407228065280     
  0.80706464034724379       0.76096703861240933       0.95108495149717953       0.94515893412393359       0.94564851575576903       0.88597004137519342       0.90578998614146800       0.82927460971950351        1.1301662788286873       0.92270549377569400       0.96793554083877165       0.79504739549867154       0.98136511651104552     
  0.87282363873339652       0.61329999869017082       0.59395461946946571       0.66107451847589060       0.84329725692052893       0.84345660544560352       0.69607571007770153       0.79606059993328304       0.91533631259719239       0.60768410521778071       0.88611194972992902       0.89551196491415375       0.84560350702767006     
   1.0229343291085709       0.79446990997979416        1.1828433010839972       0.92943922833253467       0.94678110001934424       0.97248656470722139       0.87523499766733359       0.98909219687397354        1.0061570732089162       0.82457689686779112       0.92646718271738415       0.81988352459736791       0.81658645166681620     
  0.88767733622283296       0.64094751097903746       0.62736691136582901       0.68077893889436625       0.86093067289232061       0.85955947851104120       0.71704840745305576       0.81472748398847883       0.92209704601436382       0.61693036516813959       0.89669004793900753       0.90574488365711492       0.86131141872304351     
   1.0518399820260993       0.85908548486126868        1.1461327275736803       0.94288696647118575        1.0986884384473521       0.98468811785093835        1.0420098014067276       0.92072824333829628       0.95958695140702832       0.82855753885599703        1.0170457020802910       0.90437034602040300        1.0394398382187262     
  0.90317026204653938       0.67015682952821232       0.66174200085983970       0.70235209553927636       0.87664913518891707       0.87452009555532173       0.74048081953102785       0.83351057158489894       0.92886364695188661       0.62561801321230137       0.90670491822371879       0.91665185178710074       0.87774129302368442     
  0.90839406752420249       0.90801370171574836        1.0549880537385417       0.78109141598825149       0.90876968643342515       0.94015899527009705       0.86786450596997156        1.0425235346209307       0.93401719767660107       0.87165532384834465       0.86205433989303293       0.96177111536452542        1.0563753314910382     
  0.91784306412812100       0.70232322273421055       0.69715517988692621       0.72559745792215891       0.89274702199005729       0.88936020232643986       0.76318877805397289       0.85229215057403174       0.93483127345624017       0.63600077525902654       0.91696935238455790       0.92780015539968996       0.89466100149425498     
  0.83279457380690969       0.82931012661815873       0.84786461563372362        1.0084671088170223       0.93884631198425816        1.1172901260367747        1.0946729336952390       0.85156365510002474       0.83103873646721893       0.79734588603085133       0.88015320699889199       0.97009605508786145       0.88385965037816627     
  0.93194264708936647       0.73613388782837830       0.73453252745387243       0.75255892815231262       0.90829152935039459       0.90441157603830402       0.78622443890179483       0.87214583927455402       0.94045553674259619       0.64772980721370199       0.92735277513276548       0.93911343459392393       0.91133638693588503     
  0.93188178032506075        1.0024749063677223       0.98147547426098103       0.98397716679412295       0.88918398928859499       0.95082473362494535       0.73443338819191806        1.1750693597416746       0.92384671834026877        1.0672521619673485       0.86523030263659517       0.91785674220438418        1.0212783761444555     
  0.94625613420151944       0.77235633247522906       0.77995750020749854       0.78312995170136035       0.92471873623229572       0.91865006529360627       0.81026325423060963       0.89306817444654474       0.94663927681443671       0.66216356273838151       0.93885857257747207       0.94992955198150630       0.92835695107239324     
  0.78892604457429938       0.81434993502555297       0.98409113555925165       0.79484568739539829        1.0963815853469745       0.77579949846330920        1.0007987986722280       0.84557012730600634       0.93034398123119522        1.0672773241716575       0.91811937325882009       0.89464089214146736        1.0428717393719145     
  0.96022189564573424       0.80901011101180509       0.82905400514064820       0.81476623640740331       0.94252431129851721       0.93343606929174716       0.83599304925095874       0.91541601440681242       0.95371730183619430       0.67980483475209696       0.95058514884441381       0.96040387384847647       0.94507978030650142     
   1.0638335549549036        1.1540443450865900       0.89343123364458354        1.1370236287711939        1.0486360591335608       0.86960615139840769       0.83675055455185454        1.0374101318384754       0.99927404244864892       0.82507836798009215        1.0756324341725787       0.95263374508826870       0.98181823651568945     
  0.97328077752377462       0.85026483924154372       0.87352140955816315       0.84960155032365980       0.95900763458567917       0.95006072749265114       0.86675180180236833       0.93734861873035280       0.96167023876575852       0.70193080321378409       0.96288909018622459       0.97036137105592701       0.96019673303324782     
  0.89397106178910235       0.97739626749686903       0.98559732511182507       0.94046315200393671        1.0260125129816224       0.89256693439479173        1.0563471957563770        1.0536750244550084       0.96978083200094389       0.88190127052114431       0.99543934845603532       0.74325832568968919       0.86412570760598018     
  0.98414607570789381       0.89568576066565586       0.91632106586810680       0.88553755782271293       0.97438653312041046       0.96693172767069280       0.90202689717945561       0.95750868266277034       0.97107848467198388       0.72944076171998062       0.97453364132610065       0.97880834670154204       0.97355086436587190     
  0.99314626878758427        1.1521409846480151       0.89241820116743964       0.85274507087782281       0.94243792268812776        1.0196838338128029       0.89906931318883254       0.90208716543488587       0.90748353069098486        1.0325552513585914       0.94231444526107255       0.78716449484843487       0.88235331256850069     
  0.99230208713474655       0.94674236378336729       0.95557996319643979       0.93672869456101049       0.98739272899020225       0.98363729460144400       0.94766356663534912       0.97812066883007498       0.98394595183559674       0.81249666550200050       0.98751710754748812       0.98904905923106490       0.98722183701209620     
  0.78774873483967567        1.0532011928489673       0.86303286844171878       0.82640833093954991       0.87138223598819309       0.91001010556804529       0.97218830261926426       0.89987251447673111        1.0464978024676190        1.1947988404011347       0.88807632406415749       0.91905019128955112       0.89232382228720708     
   1.0000000000000000        1.0000000000000000        1.0000000000000000        1.0000000000000000        1.0000000000000000        1.0000000000000000        1.0000000000000000        1.0000000000000000        1.0000000000000000        1.0000000000000000        1.0000000000000000        1.0000000000000000        1.0000000000000000     
   1.1345024290703554        1.0156515423265664       0.90028197206306604       0.87619430710402624       0.93247913295435392       0.88118475896813608       0.84742379150453440       0.94585355621144074       0.87323001927354860       0.75540464134708407       0.82299748569938735       0.99036403889546787       0.79342908278388125     
   8.2708370336344395        25.167472296287112        14.357586235403122        7.0264061709400005        19.672295774298135        6.1857786422731946        19.616000309686200        19.714240072055425        0.0000000000000000        2.7874739381501268        9.4513864325068333        7.4421665469371856        7.6015199270310410     
   25.222387760698048        7.0723756305219787        9.8916342085732367        16.957770733185825        13.835815645176252        16.018928418767818        5.3143754654707456        6.5702499301795907        9.9100068470611777        3.4955332796187690        10.755555793362728        9.3719793881102582        10.746166893136110     
   8.7147798709564537        6.9874400478742533        18.678081249490191        10.513197759674664        7.8526830971726058        18.141360242704721        9.2433171221954584        10.541232667445586        10.366644030570642        14.905188395962753        8.8757141298762576        9.2785266528579964        21.877135693973006     
   6.9368730534121292        5.1782242754266203        5.4121369270923037        12.360356793090199        8.3622030607041591        10.745556995940222        11.041681029121373        8.8671251309874073        8.8126444986373080        13.624754722012765        15.448993585092555        7.9069290519868058        7.8945055359526233     
   10.999456541872352        6.1833089627792797        6.2827242294707668        8.8652094202775302        8.8335909193402991        8.8033640802707627        11.373488544429691        8.9121130813510927        10.125989457535567        9.8870878669423625        7.4616958360296852        10.257888453372429        6.8394682040593251     
   8.8111611504176111        8.0001471927620660        5.3255138675924636        8.6612901766066237        9.4211400847267512        8.7246708022081183        9.5111984943087364        8.4006972811194469        11.224185581841601        11.572938755729130        8.8555707594439124        7.4491687533641695        8.3762054482133710     
   8.2555489842198853        7.0213683227336192        6.3100771163758829        9.3928716713699281        9.2190638715306061        8.6854041330740905        12.726722347125719        9.2506195120871766        8.0105234851043363        10.603585425463441        19.763483174772336        12.613006232983324        10.506534047209994     
   9.8033345769020332        10.256751370023654        12.384894900861601        8.9445615553707842        5.6593609081092229        9.7070277822080779        10.681361162121377        16.318026398201134        20.633389265806144        8.5752494902548531        8.8633263448087529        16.127011849514801        5.5519396370239207     
   1.1847260715964961E-002
           1           1           1           1           1           1           1           1           1           1           1           1           1
   3.0048877299471309E-003   2.6260858408854158E-003   1.8048322671233856E-005   9.9013509805039135        8.4481278711739987E-005   1.0748835237929137E-007
   2.5463898244286416E-005   2.6552372747833477E-005   7.3515644857365662E-006  0.12701764971505750        7.3505611761027453E-006   6.1057400728531723E-009
   5.0000000000000001E-003   11.038633076010818     
