   0.0000000000000000        0.0000000000000000        0.0000000000000000        0.0000000000000000        0.0000000000000000        0.0000000000000000        0.0000000000000000        0.0000000000000000        0.0000000000000000        0.0000000000000000        0.0000000000000000        0.0000000000000000        0.0000000000000000     
  0.12899830779252830       0.37561136007159784        1.8814352348509169E-002   1.3348610836312714E-002   2.9461121284502980E-002   1.3390481720159112E-002   3.3129343502395102E-003   1.6334824811271943E-002  0.32837040726391081        9.5345663332458863E-002   9.9366118489017830E-002   4.5386728286721890E-002   1.4204417815706824E-002
  0.84181781011544077        1.0906327125986213       0.83805365075214533       0.84205876768646404       0.83858237642908873       0.93447161426048975       0.98224940287738627        1.0023452981760510       0.85466086140110564       0.77872474131521219        1.0108065112644569       0.89925054339197563       0.84807733971440813     
  0.23559015669808916       0.44934387441956292        3.8640132446051446E-002   2.7256417323160982E-002   5.6594494589559972E-002   2.7332196021542583E-002   6.5352453174954712E-003   3.3441052841770368E-002  0.42902056039097231       0.12951246046341111       0.15259400340360049        8.5969991139736010E-002   2.8069514593396100E-002
  0.94986269535604739        1.0470775929302065       0.84370157047620442       0.90038037358424750        1.2690812516680356       0.90694082171700297        1.0519282512380010       0.94557296096665899       0.97769658599678744       0.98411092878309780       0.82330035740312635        1.0520214618512109       0.85494449441777953     
  0.29001053613320738       0.49311749720042741        5.5949734006047691E-002   4.1391250177904994E-002   7.9253875968074469E-002   4.0939710801886880E-002   1.0409381639600330E-002   5.0695125947890857E-002  0.48031831485895332       0.15207974389545323       0.18966782883874958       0.12192501207045185        4.1719410295018973E-002
  0.86118169426889257       0.98629232430532365        1.0718516524895090       0.94726979735984806       0.86798442143425425       0.86448356626725464        1.1779290133881666        1.0485312405119611       0.96062173269156659        1.2181091042116627       0.82581209926012478       0.86707622027337039       0.89525863341302703     
  0.30103944192141230       0.53355922373576326        7.4797713046512421E-002   5.4558402476029166E-002  0.10021900904944213        5.4016893305334074E-002   1.4722450198144619E-002   6.8863750654826320E-002  0.51267056119574073       0.16790198196141884       0.22028414604125576       0.15119012191407719        5.5530241570739408E-002
   1.2747722108557966       0.93008730783514382       0.92813855373617149       0.89038222424358804       0.91591434068384581       0.88630182033585347       0.93240641773713540       0.98948262862367498       0.79809192484133229       0.78841065822627787       0.84621488932240330       0.98941240341754055       0.87884876146701441     
  0.30740441468404511       0.58208246195268321        9.2767147125244795E-002   6.6517033693999222E-002  0.11889251635652319        6.4567813150979092E-002   1.9610677141770127E-002   8.5849223017989792E-002  0.54104268688685275       0.17936119165377551       0.24771860626170719       0.17434141703192904        6.9634010800746091E-002
   2.2723170637036803       0.93630997252674208       0.91610201793336465       0.83987536941872720        1.0382131575435853       0.82909257264362746        1.1286977506884699       0.96557617127095607       0.80417392925288478       0.85241614881286687       0.94263729886972636       0.95393247936769054       0.98234063761743162     
  0.31290879479290157       0.63479749372214767       0.11010168807710824        7.9261744014837418E-002  0.13793057808933498        7.6724759387022792E-002   2.5082580949494039E-002  0.10250256357243175       0.56509243877906334       0.18872547192288319       0.27339565431755652       0.19500978573963235        8.4075985024663055E-002
   1.1238032746931519        1.1143130847735023       0.79982223818404430       0.88135914271593530       0.95771490723787467       0.97483178035131213       0.98084540624646110       0.87779450919996704        1.0156971362106382       0.78442100144478188       0.91012350317728796       0.93373092118803014        1.1177377599329776     
  0.31905286270088734       0.67111108425343613       0.12579489866328589        9.4292623659307642E-002  0.15644003901528492        9.0279628053870159E-002   3.0614807907040735E-002  0.11777453266826815       0.58601962155566256       0.19846418693841081       0.29602801227346986       0.21526776827207036        9.8570887612298971E-002
  0.98547807731282433       0.99846353335876714       0.99429859152011557       0.87148918421696997        1.0394024342365495       0.83016292944608672       0.97419614233716856        1.0204913514108573       0.81150510513450003       0.87184993092622476       0.86736075645937172       0.78296558502659808       0.88067497102873271     
  0.32774320584408406       0.69523610625823629       0.14106054252860389       0.11161235209840403       0.17394887662208797       0.10496252379420164        3.6224397053597049E-002  0.13389420094385901       0.60395147430725393       0.20801043002903208       0.31728279303402829       0.23404083671006051       0.11361638441057724     
  0.82360069348399567        1.3040342244330980       0.89575655858283831       0.84925728159475822       0.79965626153022240       0.88271464518475129        1.0073538974149723       0.91011123624442902       0.91478100553740083        1.0347400252671812       0.93999142810302472       0.78391014226030009       0.85359939280920183     
  0.33855246403107586       0.71640180980137791       0.15533766907522115       0.12740327194314705       0.19026666375590731       0.11939758282176668        4.2038332388167336E-002  0.15033885543966016       0.62044133661787071       0.21687414836401189       0.33556913819834949       0.25018803185139082       0.12908428419812248     
   1.0755471742783831        1.0548073854183955       0.94636606957501535       0.95710279527894970       0.94271612821347961        1.0028638303315049       0.89856091777171410       0.90950897965536481       0.84513775094159616       0.94894303328215590       0.91729260129154166       0.84213071470249334       0.78479997939207180     
  0.34964993438816461       0.74059788679135874       0.16925168653658779       0.14245629199773660       0.20646322237192630       0.13296263279944864        4.8457503743605287E-002  0.16783504472072447       0.63662819916552860       0.22446455118182748       0.35361911014564867       0.26734440582256264       0.14608710328215002     
  0.87958723868683897       0.92395198699895376       0.96311021549584930       0.94346753955091434        1.0351413381024748       0.85969812082487274       0.90894130891979841       0.88390578513461904       0.89839639496952983        1.0964272289903367       0.92107420103364712        1.0169740219215333       0.97097786712494039     
  0.36071677410513170       0.76343721135639764       0.18315825174378944       0.15735927718520376       0.22291603305126942       0.14625812887132633        5.4605236678260595E-002  0.18493825222448604       0.65073650797914862       0.23106938096158391       0.37068001247982074       0.28373843564388207       0.16280099950899141     
  0.66455200356529198       0.71439111855805382       0.90659797285708199       0.83858028615115521       0.93797641744147031       0.80192205527369287       0.97592323968153072       0.97999780737405162        1.0726588524189320       0.99056428069720792       0.81885163561204632       0.90552283269490241        1.0737335009624032     
  0.37199906463070204       0.78342306183588617       0.19780430347347014       0.17328750056800968       0.23984339950011579       0.15850799488013692        6.0692143642328035E-002  0.20118854326239749       0.66309419668885539       0.23701469266271311       0.38695504371942846       0.29896010283669255       0.17773254654510959     
  0.83644803279574642       0.69807521240149040       0.91006712088705799       0.84495622422693784       0.91121038409203059       0.94657593064809908        1.1043644530348911        1.1059930213641647       0.92772938357869317       0.85428168309480290       0.96721082435865291       0.83472196105125041       0.86947652199852721     
  0.38343104528464900       0.80218000362240216       0.21375072857817898       0.18828338714906862       0.25511002218207157       0.17131613106268012        6.6965711457224186E-002  0.21731257343779975       0.67453973670055145       0.24232497673759074       0.40345651370382341       0.31480647736562817       0.19149563522944738     
  0.99147981934242246       0.75887194693367355        1.3108088302679817       0.96398696477301393       0.87250702787502366       0.82818775864729521       0.87377166444632681        1.1549032270923627       0.97638427605995204        1.0191460133248453       0.93308078640806902       0.81781612144880023       0.81085300852384790     
  0.39407685878193233       0.82104266294000017       0.23011430231149527       0.20440684853247407       0.27051330671981938       0.18471739077237889        7.4172530461804179E-002  0.23382624018912457       0.68454135587873988       0.24776511465063192       0.42051476934486753       0.33128338073698804       0.20545692802530424     
  0.85656440489384589       0.75990481343041838       0.96030892184843142       0.79254886449827056       0.88802447036756127       0.84286678816529848       0.97673786011229380       0.94638433843484693       0.82609607793403061        1.0177443187552242       0.87939783737181521       0.84543006328298564       0.81097646749176289     
  0.40316352698093388       0.83767661054508646       0.24597553802156311       0.22021373328208668       0.28540419873689488       0.20019392308162912        8.1845081779094248E-002  0.25032321636956550       0.69499375926712981       0.25372936284316816       0.43708658188554456       0.34582875900357324       0.21935163947037789     
  0.78089815145660813       0.79274082028809112       0.86582323166745057       0.99922092878506552        1.1298705011451100       0.90446198745338191       0.94313378471937503       0.82162681272916660       0.78091049236012666       0.95150357877741243       0.94480684409470350        1.2097556014410942       0.85158303329375495     
  0.41255148511518991       0.84964524612182191       0.26151650059978659       0.23484625818116364       0.30043505486973232       0.21535394992177850        8.9192290118810774E-002  0.26650519174106846       0.70417793168093012       0.26013443528997171       0.45340129782630501       0.35906981214207201       0.23305365728310212     
  0.83409276858943682       0.67541515582755418        1.0958547974479229        1.1732566925069459        1.0431630669607808       0.87054887989476581       0.89958579723224541       0.85855660506393239       0.71295327703804834       0.90749261693429029        1.1029910509519270       0.93231296159855126        1.0726788319765317     
  0.42246618850345508       0.85681520217578389       0.27524168706042923       0.24990595582576736       0.31405639023708465       0.22985168286843097        9.5624882838468012E-002  0.28224267278389897       0.71317832795223146       0.26619516131367293       0.46883045408723378       0.37240287982187820       0.24679642979367306     
  0.85823975777926909       0.88365541360788014       0.78097136064156591        1.1494932258303385       0.98888191461778496       0.77032956280923481       0.92914445458922001       0.93895668534000221       0.92912943086009336       0.90417588567526941        1.1179370407776144        1.0415563588284842       0.80762818354464605     
  0.43278065084370632       0.86230392220456853       0.28833431961319822       0.26521632152870978       0.32723396825263512       0.24405383366955391       0.10159191945615485       0.29799938520834668       0.72165133034696127       0.27197920390134250       0.48364808232628137       0.38811588835140870       0.25868878530171679     
  0.88667340735591238       0.76876124003490598       0.78597893420141640       0.87529371726042038       0.83532353964153760       0.83533935375683843        1.0025227105307959       0.96312103517403580       0.83469866120497593       0.84067371819379533       0.81394513923393896       0.77035016611349016       0.79247426519382835     
  0.44278135934182417       0.86740684411762992       0.30185846876826838       0.28075969517308946       0.34234587109192155       0.25906409612020331       0.10812204887633255       0.31348264454265035       0.72963695149557151       0.27779966872678197       0.49690289319083047       0.40318251707033714       0.27107836401210444     
  0.77562384023723574       0.79406528037928803        1.0457689770905141        1.0154072773397571       0.96593383564562141        1.0341920987732605       0.79127994898020815       0.98357740665125248        1.0451918487099956       0.89757230338069005       0.82484572822955193       0.92941596302355389       0.77659608533451918     
  0.45167326844922817       0.87237727349825311       0.31671044849082608       0.29629295147449020       0.35876188079511573       0.27428010733574204       0.11506561571659725       0.32869134719538046       0.73780022402562118       0.28361695109538992       0.50985697168990485       0.41825232136594104       0.28437438587267755     
  0.83357209906707253        1.1029765762192854       0.92183568409659100        1.0017621597555910       0.90422565157587476       0.69377295251131665        1.1046640851000262       0.93885749237165450       0.88829358193299435        1.0908331654376027       0.90773053502351253       0.74309673686072586       0.67817087496950779     
  0.46028117284915809       0.87733279651692853       0.33245911651537974       0.31010455060434022       0.37429376024821270       0.29025266738036154       0.12397947231540177       0.34335648528445301       0.74598508006696085       0.28909859157408013       0.52276843795376449       0.43362661335292935       0.29890224889243727     
  0.71647418706148602       0.97439156449707087        1.1290714558267163       0.85111626768027004       0.93087011512889983        1.0601895320710957        1.0472731336462222       0.89694486627556957       0.79784957543423451       0.93350228492647236       0.77099602169142012        1.1200307873690842       0.93355143140158503     
  0.46974549580783548       0.88234056114849457       0.34737236146413675       0.32156556403734138       0.38918099308852616       0.30533859685584436       0.13248798817471791       0.35772938598895498       0.75425867308838568       0.29477918107514089       0.53579330893585053       0.44848669617592224       0.31358582046180455     
   1.0616412625350784        1.0396943844857072       0.86591429359410654       0.77196821796323711       0.98349946710210789       0.90976199136989566       0.91139428095390018       0.73304215614097212       0.93677382308985346        1.0681710306051970        1.0401735138103498       0.89023072060995134       0.89300335604036229     
  0.48043214997403749       0.88665392160327616       0.36171806091067016       0.33358248632030058       0.40369211429844459       0.31880606021958230       0.14266806966546597       0.37116443919342529       0.76251133249060221       0.30067387783646177       0.54866828383792976       0.46258390806085731       0.32778082051817586     
  0.84304950075438734        1.0659403096933626       0.95523514178281244       0.75895490463210857       0.82880721970147020        1.1764528903210356       0.92046809360360071        1.0312663145177265       0.99888503266960205       0.84122761054893724        1.0344066019214506        1.0480836108573388       0.90792482816613407     
  0.49194536417044632       0.89035807784257204       0.37546411391903339       0.34723103521212528       0.41747788536119607       0.33139272726739810       0.15398418735078787       0.38489103983686396       0.77098203098322582       0.30690797049849122       0.56084401569844133       0.47631601485486497       0.34186101147212478     
  0.86993892449487342       0.93204818916942811       0.96456436728396366       0.74124023086807389       0.96877311580471892       0.85664556889031374       0.79753776630406226       0.93880991891851562       0.97664581058995592        1.0106347434325451       0.80366619144711826       0.75163613326483003       0.86036058871487264     
  0.50340988169375867       0.89377769119503081       0.38963316682334787       0.36007586298743322       0.43133242432805846       0.34313102441722648       0.16573285030509602       0.39834972429571652       0.77974189826413742       0.31288238245059691       0.57175899937197217       0.49074500661008447       0.35586490083571859     
  0.78888477936899359        1.0777028532402471       0.85517696548390620       0.77290540239015482       0.90146785226157122        1.0441932034591126        1.2374478764568810       0.78471332478009070        1.0778426741679172       0.91717525712546222       0.94694889147873229       0.99366889544333381       0.94650720841687908     
  0.51510663342270935       0.89721158597667072       0.40393287403506606       0.37184691445199775       0.44585018825736428       0.35596716621537078       0.17741450649975343       0.41210828087953022       0.78829851291896424       0.31832215681317677       0.58223673011183164       0.50569133552395074       0.36904525162249890     
  0.84276546148619080       0.92704600874045484       0.79806158397891580       0.79067706836829221       0.93785526180764112       0.78881256581215420        1.0992874656647817       0.82992101626467418       0.90815020618561049       0.78915214099874931       0.95431864631732122       0.88664678153163679       0.65678792833338484     
  0.52665900565827606       0.90047681112264377       0.41608030914812838       0.38394420394739825       0.46097091840395144       0.36952069277827826       0.18842100303374237       0.42734535626920106       0.79612897275133010       0.32334930698602493       0.59343528617411545       0.52106882212130967       0.38048813996901698     
  0.80268201815364337       0.79599007695322854       0.90024581089777811       0.79391145665579843       0.87846189398647989       0.84660487900812009       0.93794318060027293       0.88089880428963108        1.2318376317900366       0.79120643607503016       0.76715029976775395       0.91931325164742284       0.83464464311684394     
  0.53830200450296473       0.90351380848253071       0.42702150543598028       0.39812240982221453       0.47620386684838356       0.38547228715046244       0.19885026285987814       0.44231322099480558       0.80328430219531000       0.32849075560080437       0.60591358376562243       0.53608822298254510       0.39412280021779034     
  0.83746949804482707        1.0039708445276225       0.92200873390379723       0.96748780407271218       0.76426206780087380       0.93002643870138790       0.89987566876435476       0.81147331321050531       0.97826077336585604       0.81802507831069704       0.96699210233270128       0.99690362076739403       0.77948641070971314     
  0.54971935505974256       0.90645981246192586       0.43773223511361903       0.41449783612603841       0.49034690769089767       0.40020593561454709       0.20956355609830665       0.45683346579961137       0.81023680900105643       0.33394453870964336       0.61962117880554779       0.55034553463449654       0.40899081758686068     
  0.84378431390261388       0.83789598132578735        1.0340156813415169       0.98204643901990130       0.82624216585956278       0.99959377873511923       0.82634888650044824       0.93935665321761264       0.93968293401760483        1.0409758849013184        1.0634203832773692       0.95607420827528367       0.77361403899268866     
  0.56240765697072204       0.90940527144683081       0.44954173663190483       0.43205676829750650       0.50447487699145743       0.41462354895543274       0.22109147459645476       0.47111959209866244       0.81723473173009209       0.33960653030138171       0.63295183525295262       0.56450412665183636       0.42688861348055723     
  0.87328665033736164       0.95404299875041976       0.75336693767908314       0.92307684299150705       0.92991204501048297       0.85022175881434281       0.94982879634948125       0.85188535584497893       0.85033773207073593       0.93492442671922571        1.1093344772797775       0.92454968468507170        1.0318446918803847     
  0.57470344131359885       0.91236342526163949       0.46278917919368467       0.44901392898942644       0.51926589810313584       0.43047794577128956       0.23373417602477534       0.48544412071194032       0.82404649161233900       0.34589001026112171       0.64508449711188975       0.57807503255784465       0.44490717093491655     
   1.0509854795903177       0.89086158875384291       0.90196639091978692       0.89138954303903639        1.0081923971099458       0.96745512649824705       0.91812104118905358        1.0623807733709754        1.0787164115853463       0.96873079246727656       0.80601650927251445       0.87083711350462389       0.93551323297192190     
  0.58659159303745745       0.91519760731797906       0.47674659554522320       0.46391253208400074       0.53490267661271496       0.44716402128178068       0.24704853887953018       0.49929592095468078       0.83058270036365378       0.35261225321605416       0.65707480789898842       0.59163562234379319       0.46193172724410303     
  0.82765190024459601       0.81486009428108364       0.92484914803775131        1.0044436509296848       0.85225272932386931       0.97554382667197725       0.98202523500417771       0.93990054967211234       0.82042945249357468       0.97102581590424297       0.97757291962212445       0.91372310092086262       0.94970886653495057     
  0.59888042212734371       0.91808141738351767       0.48972771892527783       0.47787811696386284       0.54858490919168057       0.46452389743354766       0.26043663013587004       0.51327239814131898       0.83715334068436775       0.35887313390641928       0.66760032647794310       0.60636061267861008       0.47901814060112091     
   1.0215848381448549       0.79700698977424023       0.77476495371326271       0.94659170258227743       0.80393221991974095        1.0093604191190055       0.83060377773053684       0.83205103106635980       0.86632012043668472       0.81536704570497998        1.1762833685596239       0.87307687187910143        1.0661980322997062     
  0.61125620861317587       0.92097076297853631       0.50309513951683915       0.49192336356722249       0.56327115267822581       0.48270340163805536       0.27366804354198399       0.52842268369139311       0.84376796840124746       0.36530683852284046       0.67707030866119011       0.62016462129869232       0.49627000324898901     
  0.80791129529881323        1.1544668099940938       0.84916738032629668       0.89367271543124360       0.90226732293037626       0.90422632880305576       0.92289664967648544        1.0292678097220387        1.0288101188423648       0.98267944946725927       0.78716998668972094       0.99435369530422957        1.1396071498223386     
  0.62309980200639203       0.92386891659425407       0.51654018923867950       0.50620006195349943       0.57795439217286504       0.50150019839007287       0.28788811948258852       0.54180370786343324       0.84998553512775632       0.37186108181445082       0.68790019327554375       0.63374581505651295       0.51396752535812362     
  0.83204448080620108       0.89469370046884800       0.95507695637173473       0.84805484570529366       0.97480240897732184        1.1276588921706858       0.87483063350445212        1.0015807001533010       0.96290073159246670       0.95176218340120189       0.78931702015544214        1.1015350650542495       0.99836359737740810     
  0.63553887022675937       0.92677493955564194       0.53109533903496864       0.52199870877540444       0.59262220402731858       0.51877307611549872       0.30262643818147550       0.55537041188402048       0.85562112650192912       0.37862737905370464       0.69929086458097134       0.64704272360139148       0.53248771014257112     
  0.95756750048701367        1.0405257698191930       0.74940892911851065        1.0456211611562181        1.0071349451367146       0.88585005876743594        1.0944221612961837       0.98033445689985244        1.0054037406311158       0.96427635048602856       0.86648197872383526        1.1484637277575764        1.1386475020161924     
  0.64851980753501237       0.92958676270729013       0.54680465487483532       0.54039469718887712       0.60669363706913149       0.53383469293414521       0.31804190285395484       0.56922147721489391       0.86093380425829236       0.38608360006000420       0.71075146727910943       0.66000082225137169       0.55103916578213263     
  0.76853229904670417       0.95168469665725186        1.0526995407194575       0.85232893285205547       0.80864158847230405       0.83455061833905275       0.96217011767901051       0.75671497697119172       0.88070570567107564       0.89414039660879363        1.0986591069478742        1.0173771192893066       0.95022486392440220     
  0.66135507512271841       0.93231765902378294       0.56268285457222844       0.55981359325640556       0.62165783577547729       0.54905798411684426       0.33487771549303258       0.58333472773216677       0.86620351564037024       0.39396068833744213       0.72143311410507216       0.67295582380838437       0.56922075645207093     
   1.1254332007504249       0.81520589284488498       0.92379354673926772        1.1575930317314183        1.0158819110986639       0.89690698418323989       0.94541739312169915       0.78366274949239534       0.93069077542718270       0.90503188041047533        1.0445338927598402        1.1985879150958352       0.90979056350181298     
  0.67382707641620676       0.93499433102271234       0.57878803355477182       0.57799672937748381       0.63672631777289623       0.56514885142253057       0.35110706784221779       0.59788332294961943       0.87162784477309940       0.40155356485317212       0.73125032364693610       0.68605041381024345       0.58649795538914296     
  0.80451699763716311       0.92340994187098080       0.95093222537404887        1.1513810276195251       0.94699815683344091       0.93704515534563959       0.89160061987911998       0.92038580240631029       0.95953155499152865        1.1132714225125164       0.80538476836845396       0.88814801478182592       0.99234312350304099     
  0.68590631602539021       0.93766980886162254       0.59563352647898793       0.59463002172190371       0.65138015145888595       0.58192945558997755       0.36765743520818434       0.61287592858519668       0.87719302472639382       0.40912124311319242       0.74093545051814669       0.69897755117257832       0.60397311466074588     
   1.0585281275752585       0.75893017981376520        1.0450027752851661       0.99736998630263451       0.94337182414797305       0.86696233267427247       0.80044743348475622       0.89539314415017413       0.93501941793986332       0.93722933504802131        1.0088007776648069       0.99601177888301495        1.0285226347281848     
  0.69770539824631095       0.94038492382081895       0.61293208516843467       0.61048750526178208       0.66574478537034232       0.59938719159332987       0.38512835738498824       0.62875195368916004       0.88237280962193643       0.41673792853297620       0.75064357352890376       0.71196364814064528       0.62260604362874306     
  0.82629774480930651       0.94338607195026991        1.0508919401803161        1.1035071599796038       0.89745202429284321       0.87356383075538080       0.79200947014113277       0.85057334260634487       0.86042587689604622        1.0176804359249014       0.88285282884286420        1.0714265338033553       0.82032282836702142     
  0.70948106839697977       0.94306826171665559       0.62951693583192891       0.62725445183125061       0.68037089019138197       0.61664047531985200       0.40321750441101345       0.64619758074906986       0.88721053611529188       0.42444097487711180       0.75996483425130446       0.72474114021098079       0.64035251689599226     
   1.0505536892795397       0.99289951932525655       0.77377648360693940        1.0189402425631529       0.92346308825901713        1.1703684111739729       0.97963359279802498        1.0153524686774251       0.80674949548769015        1.0300611055311397       0.96700695708584972       0.80172858503690558       0.80447392007925989     
  0.72071780571561073       0.94577558780756310       0.64502204128150376       0.64525028027876374       0.69587767745496443       0.63435578579044605       0.42186455466691342       0.66316006670494709       0.89236236031372773       0.43258691055302828       0.77103829617947983       0.73796617051528646       0.65650602174753048     
  0.74891609265963466        1.1302404025905364        1.1755125745594812       0.99959370970410033       0.84480489918772728       0.91858611307957039       0.78670196760286648       0.96316127873494839        1.0002249169273432       0.95832122144619336       0.82567279138297722       0.82416365649543610       0.94962911389190052     
  0.73231765624849310       0.94839995595421445       0.66018536532211058       0.66359864480006892       0.71069309836515537       0.65288281021989447       0.44068330547392504       0.68021648220911557       0.89764470633766547       0.44142319843379996       0.78242960866499589       0.75125062436513546       0.67205518306131895     
  0.83784198021141643        1.0753805711676612       0.83625572737512266       0.84611918802483144       0.83712593664871071       0.98410827653501054       0.94194393913951535       0.97558439593114477       0.88568724666871546       0.98099957222493728       0.99358734645783664        1.1239628707861817       0.91741278084259759     
  0.74505560552668593       0.95079032141076725       0.67584292405239588       0.68183389400735406       0.72470285928361589       0.67074893843508365       0.45951268180818206       0.69752308823404707       0.90266182474943757       0.45049976175625778       0.79318531316095897       0.76367341321575621       0.68802045198362238     
  0.93767330801765736       0.86445769692564411       0.81310380617576283       0.98767037897293308        1.0138870663631177       0.89366824392083111       0.99102653055517798        1.0120155192318154        1.0828870149178840       0.86996004075819977       0.91903933617713784        1.0874105772752605        1.0733518240843369     
  0.75898702955032538       0.95304743474746145       0.69167096684477170       0.69955295064295464       0.73852074547522262       0.68758668317480587       0.47859563944713024       0.71444326885070464       0.90699428948809946       0.45905295430947007       0.80392095433755495       0.77572399255191449       0.70517810216203014     
   1.0286091765013419       0.82109500250702427        1.0037813933132642        1.0483607166111399       0.85389000537239934        1.0684006118164457       0.79094721708260796       0.99944281947069835       0.95907065424431759       0.97153864922071220       0.92427115271032922       0.86980358690132864        1.1096902271478284     
  0.77275967521089839       0.95537387451433808       0.70699923024869848       0.71448505574351562       0.75406761528336463       0.70441723440908333       0.49921541599541541       0.73023596765831500       0.91077433696109211       0.46772864184260898       0.81455618654635209       0.78747536029997811       0.72245646257023310     
  0.99012751332748905       0.94770872389999161       0.87286557884176807       0.76371094698963216       0.98830113956530208       0.85473443281609229       0.83001686587647816        1.1669957191604206        1.0288426835948739       0.99623908135689876       0.83563478775635935       0.75219327861651908       0.96002946272108669     
  0.78578727129372061       0.95798672280546560       0.72286283316916544       0.72864442639907101       0.77075437245710599       0.72189950289737803       0.51975257718483803       0.74492883485623984       0.91445561888773519       0.47649527310426992       0.82524544693795432       0.79903670900578683       0.73948831589231556     
  0.82894495570482418       0.74516626514917050       0.93547757995005221       0.83485465103147594       0.80242983314508409        1.0322840562546247       0.78414877841916220       0.82239034982248349       0.90400193378907323        1.0110198383429996        1.0141613251054145       0.82911379084823034       0.95304997600793540     
  0.79808679710639241       0.96060675002772145       0.73937679918430410       0.74218698951159923       0.78667243452438462       0.74047060890358141       0.53986916036096266       0.75954360710296365       0.91876746191411141       0.48482021898030186       0.83583427676408206       0.81161462047474542       0.75677447673208920     
  0.94379801762557569       0.97455325454124120        1.1136383837848673       0.97626241115347234       0.91888053471492959       0.88163316209902776       0.80730101838221291       0.93590593234809960       0.79667877960255018       0.90039106033031269       0.97215199009008713        1.0645062717042919       0.94029848476949651     
  0.81036780040337952       0.96319743424848681       0.75780798492494483       0.75831310966884635       0.80123674223879482       0.75855794506927565       0.56034763203076943       0.77507752337664149       0.92298376465955867       0.49419962231971637       0.84631123748927761       0.82449689408388416       0.77329467632788362     
   1.0315729472340553       0.90411471109745434       0.97688579684733567       0.89513881024443709        1.1445755039846459       0.88163096812362374       0.90989397464411204       0.95617978376944135       0.96285266192381669       0.83702049013802693        1.0933771859405981       0.76606829592577641       0.87774746283669314     
  0.82346226833732072       0.96562668308878086       0.77430934640814164       0.77549159781481414       0.81510355950861546       0.77502816609890490       0.58153223188318182       0.79053785807240406       0.92734120236813855       0.50503188108880359       0.85690635190455922       0.83637076585452619       0.78867474881247701     
   1.0751464604549148       0.89735607862471811       0.84573822410684707       0.99028503147167601       0.93518192850252546       0.97813612142818918       0.90001237175759297       0.83366439652004665       0.82770192620505256       0.90023099164871467        1.0135806464292410       0.96580756163344950        1.1780857882372910     
  0.83728045045780297       0.96807158194873577       0.79019789835116083       0.79309523609102195       0.82942038963838138       0.79123120514846357       0.60178067303688920       0.80660260500822456       0.93208782032072091       0.51604231231951836       0.86750165912841570       0.84821776938136806       0.80390812491253183     
  0.93102937393728502       0.86553518905413296       0.87921386368727639        1.0662102624621366       0.93315826877500696        1.0229044300111545       0.87002033407202728       0.92082254687249254       0.82178507597278139       0.83448687904343932       0.82277983584304215        1.0180804693631913       0.80597838724679294     
  0.85225778979004696       0.97055528689632098       0.80542807968129260       0.81122017945471991       0.84462447947894759       0.80784633972221731       0.62332130711657741       0.82417610809041109       0.93699368631620172       0.52771629246634899       0.87797465948149911       0.86003886112977435       0.81989864984155525     
  0.94609790321865794       0.78233695692018757       0.96057199488165568        1.0707395317014206       0.98015605630421887       0.90957653642830572       0.88110683751779273        1.0494947005639033       0.89521469966563749       0.81946018470843940       0.88261224564759333       0.78058621457264421       0.91447093932119705     
  0.86709571118303241       0.97308592041793518       0.81988311188585716       0.82931079380858308       0.85949973167479776       0.82555129803347194       0.64621331419457884       0.84128546460009312       0.94188478429084266       0.53943323349982364       0.88849293724537171       0.87289873571102472       0.83651856286909965     
  0.86576289743452450       0.86227955548244040       0.79245506382968423       0.86643098655874318       0.95628434795067774        1.0746343168826791       0.79619959847768929       0.93894414747655675       0.94921651785779615       0.85644060450800996       0.90368792901308137       0.82929484014980615        1.1082779142102257     
  0.88089505182159922       0.97556946207323014       0.83610688546506495       0.84725098634941320       0.87375172143757451       0.84280319572214035       0.67247113020396199       0.85797835420929258       0.94682689852938318       0.55112783909281260       0.89928436107946819       0.88613875912869777       0.85286532439731011     
   1.0671747415145640       0.83738367108349243       0.81385914159785722       0.83871739512224974       0.79795442552676210       0.94254633591723624       0.81351988992321655       0.89519837683254710       0.99305173368537836       0.93613665704333004        1.0949442865421539        1.0309683564954009        1.0415206611075325     
  0.89442788730249334       0.97803520131381294       0.85263257415780436       0.86541093111324419       0.88791414108820599       0.85975815456959936       0.70081940969157763       0.87599964941121555       0.95190657872820672       0.56433775019354360       0.90962122279240598       0.89989990120373364       0.86940011844199683     
  0.92728127797626647       0.89846036459366929       0.90419910995096242       0.83561104042775980        1.0212014874758535        1.0280604130305582       0.99070775044443282       0.95949045895428497       0.87215984531576807       0.86445791992151744        1.0597079108850820        1.0624756365427175        1.3264173933182761     
  0.90864925554612308       0.98053243531751488       0.86959178636061507       0.88372324101423272       0.90159472835062515       0.87670508871633268       0.73025669617667932       0.89048983964717832       0.95709997928821888       0.58008954475806085       0.91879503485809100       0.91374156318297262       0.88550528465407763     
   1.0755652143948649       0.86016721868793600        1.0082770776740684        1.2290226640233717       0.93202139236142167       0.87927905369851089       0.82050743778582691       0.84679883966419534        1.0842089737032863       0.92487684559330874       0.95855217890154942       0.92062199291192948       0.96040611490374694     
  0.92300780607604971       0.98307611182966781       0.88777093935694584       0.90233153986507919       0.91630151072315347       0.89427918767512804       0.75989917396355056       0.90718697564193984       0.96226167362274240       0.59660241371678147       0.92854578225836615       0.92743013280297548       0.90074071133048883     
  0.89379376426274770       0.99593857336795555       0.98093200454985363       0.89842635370750890       0.85015590822958209        1.0108997750442028       0.88309251413368062       0.95887671173621469        1.0425329189342925        1.0259061206102065       0.92214907212131647       0.86854334721517745       0.93199089967850679     
  0.93747318360875764       0.98569644164508552       0.90556253450428659       0.92060704059701293       0.93039094543399403       0.91199931643817977       0.79000169253104924       0.92258775358524536       0.96742318839568808       0.61548823320268553       0.93702557243884510       0.94056445563997781       0.91657542620150645     
   1.1017580594336951        1.1071647985841653       0.95444825589172511       0.97169460964951893        1.0130649965747789        1.1229411743376887       0.79846061931830992       0.85167579701368656       0.87463621864296992       0.95770513710153737       0.92053216470399590        1.1158909072991119       0.90200390230928662     
  0.95172902563247141       0.98835461351319731       0.92329506156389829       0.93724700489557855       0.94405799783542366       0.92929134281275294       0.82426869626776023       0.93889890146640531       0.97269908459470045       0.63706429537507236       0.94680572263136464       0.95296678953168135       0.93312129728975646     
   1.0518429547738872        1.0013315355736370       0.84117128204404024        1.1809952384280424       0.88802372433815790       0.95261324272933479       0.99979107046972582       0.92239945319052163        1.2181763555261191       0.99915342459855550       0.88530629302984576       0.89668117181701967        1.0215471720868132     
  0.96538364840200019       0.99099277744219627       0.94122442554212815       0.95192212582027536       0.95690972966997911       0.94699850359481874       0.86289023902143358       0.95533852680275222       0.97781818197089776       0.66430729441136982       0.95895768236444190       0.96516483506887829       0.94949686169527248     
   1.1240463165224923        1.1064683339565391        1.0005605285998027       0.79132961225283982       0.84968794548864734        1.0356274505358849       0.80633773709432099       0.84019045355600075       0.90695366741288008       0.83711811206167930       0.84125614309526486       0.80513041070085700       0.83971416514450192     
  0.97803849954025135       0.99374013900112312       0.95850353888028084       0.96688510394801808       0.97088630390153940       0.96525776844128730       0.90400103188957204       0.97184226305864041       0.98340877037743701       0.70339576070246890       0.97138388558848499       0.97702573615009924       0.96622333220500334     
  0.86608644224573117        1.1865874011450916       0.85440921719907337       0.96789797446286696       0.90567885244860735       0.87820049470554185       0.93994292670131763       0.83561279600014260        1.0245053923982597        1.0403549541542771       0.83806487842588029       0.91478174021340153        1.0325694224654463     
  0.98927975472544716       0.99670139816269177       0.97974275650635378       0.98292549933618012       0.98597351970958802       0.98340788101610699       0.95022551627456986       0.98608896864639883       0.99044240019876317       0.79553131842837677       0.98545714250732164       0.98866195874690788       0.98298520181999038     
  0.97372413037873395        1.1351427027475134       0.99207768172515554       0.89106427795586773       0.87347470757860624       0.93588981965948403        1.0549108295430769        1.0040606166981327       0.99370908216112908       0.91753128403198003       0.95311458271298533       0.91015372450961940       0.92939126484173562     
   1.0000000000000000        1.0000000000000000        1.0000000000000000        1.0000000000000000        1.0000000000000000        1.0000000000000000        1.0000000000000000        1.0000000000000000        1.0000000000000000        1.0000000000000000        1.0000000000000000        1.0000000000000000        1.0000000000000000     
  0.98510162883838914       0.92245700146797593        1.1932574906029509       0.89155229884702425       0.95524159430496824       0.85932792259163060       0.93271199525781368       0.82057830100932250       0.76881626989620666       0.62045597728713908       0.91701051059011518       0.76071890185853863        1.0122566659115733     
   12.374613612473373        5.8803917898335865        9.8135718189495122        9.4233023582891402        9.7968303223036202        13.764836253134897        15.884747066932452        9.4735232322186711        0.0000000000000000        8.2655019104558338        7.6122677741973384        13.285334053138397        6.7657409007931228     
   8.3242571244519201        7.7527044438758921        10.986620118326705        6.0283757637136981        8.5783698363303049        8.4240664843090709        6.1009142168009518        8.1981356862701737        10.736664943514025        12.516075330087531        9.5513561899143351        9.8457293128206409        10.628397461318670     
   8.6823250927360913        11.038536335864572        9.6025808304386064        9.6384257371835371        6.9355173710697100        7.9072758953464994        4.5806808606222278        8.1132509995553210        11.286422201814359        8.7464163026992949        11.581347030829626        7.8265460535925282        11.086286219825352     
   9.0653279038962165        8.1325974378997987        9.5312604214249301        8.8358519917063933        8.7660863401024507        6.5614190578285223        6.2689490003809363        8.3364065999071908        10.523097956829428        7.6879426213440540        7.0325300037972145        9.2249283976299772        8.2041387869065741     
   9.4575433543165754        14.479134529262407        10.567263500413624        11.743046960935315        8.6153797584303362        9.1656855029294473        5.1046030885064315        10.184798413267078        11.072507562603567        8.9230023633788917        10.545548973613679        9.0049922012406505        8.5235426518013586     
   8.3543532352470677        5.3449550844334128        8.8570595966879218        9.2641104133755316        9.4494739089411901        8.6687234843396652        8.2987215401708845        10.705310514738580        10.548496495278643        9.6039650821546410        7.4796067094237983        8.6634518825331188        9.5732557396627289     
   9.1459386861165903        7.6011623785914004        7.7900844352280876        10.590580388867373        8.9295984663754311        6.2052012158999279        11.315679115995946        7.2294851138352261        10.526481911137905        7.2552613287575713        12.973677300623581        8.1033311846023732        8.3984887318289747     
   8.3625343329185586        9.5033618695894582        6.1970363033415685        7.8370782948061128        10.716762013664269        8.4970979378469895        10.703713050049316        9.4151886715991946        7.0045583710062855        7.7085535294391549        7.9438580938609125        11.101964911977996        9.0339302663396435     
   4.6072528960971557E-003
           1           1           1           1           1           1           1           1           1           1           1           1           1
   2.0225499596671285E-003   1.8782134066888867E-003  -4.5713662196352412E-006   8.6477402146542435        3.5479557092773934E-005   5.1806607789538474E-008
   2.0905068773178247E-005   2.0795575701370551E-005   2.1243266427270287E-006  0.13310845078639033        2.1234896615825564E-006   2.5524389071545581E-009
   5.0000000000000001E-003   9.2051981000829812     
