     
 Collinear #           5
 ME*wgt:
   0.0000000000000000        0.0000000000000000        1.9242231656893064E-022
   0.0000000000000000        0.0000000000000000        1.9242231656893064E-022
   0.0000000000000000        0.0000000000000000        1.9242231656893064E-022
   0.0000000000000000        0.0000000000000000        1.9242231656893064E-022
   0.0000000000000000        0.0000000000000000        1.9242231656893064E-022
   0.0000000000000000        0.0000000000000000        1.9242231656893064E-022
   0.0000000000000000        0.0000000000000000        1.9242231656893064E-022
   0.0000000000000000        0.0000000000000000        1.9242231656893064E-022
   0.0000000000000000        0.0000000000000000        1.9242231656893064E-022
   0.0000000000000000        0.0000000000000000        1.9242231656893064E-022
 wgt:
   1.0000000125147079        7.8061876727679286E-006   7.8061875750757716E-006
   1.0000000011995345        7.8061875844395633E-006   7.8061875750757716E-006
   1.0000000001194576        7.8061875760082803E-006   7.8061875750757716E-006
   1.0000000000119409        7.8061875751689842E-006   7.8061875750757716E-006
   1.0000000000011942        7.8061875750850940E-006   7.8061875750757716E-006
   1.0000000000001197        7.8061875750767050E-006   7.8061875750757716E-006
   1.0000000000000124        7.8061875750758681E-006   7.8061875750757716E-006
   1.0000000000000013        7.8061875750757817E-006   7.8061875750757716E-006
   1.0000000000000002        7.8061875750757733E-006   7.8061875750757716E-006
   1.0000000000000000        7.8061875750757716E-006   7.8061875750757716E-006
