   0.0000000000000000        0.0000000000000000        0.0000000000000000        0.0000000000000000        0.0000000000000000        0.0000000000000000        0.0000000000000000        0.0000000000000000        0.0000000000000000        0.0000000000000000        0.0000000000000000        0.0000000000000000        0.0000000000000000     
  0.13522991701651305       0.14078819478707472        8.5186948430639349E-003   1.6364649761462912E-002   1.1210983157096255E-002   1.4768265786060076E-002   1.9637712329814924E-002   1.4318298756499565E-002  0.54259302697590872       0.17161753618765596        6.3475267995897339E-002   3.6489970259030988E-002   1.2977867374061485E-002
  0.26386151864654395       0.26707340327247325       0.36662628321567520       0.35356549802868992       0.33907670733020140       0.33241162642972971       0.33917961977411060       0.30006812557291496       0.26386151864654395       0.26386151864654395       0.28107536212713852       0.29459373920883986       0.29512382794857389     
  0.21031271524610065       0.20274372312564182        1.7073686230569422E-002   3.3245353116043264E-002   2.2328360972813724E-002   2.9350237499755037E-002   3.8889335870529632E-002   2.8125558907038349E-002  0.65921142285149681       0.24011507687428943       0.11134303469196384        7.1763801428984655E-002   2.6520023996378029E-002
  0.29846653903329384       0.30499021572677987       0.37001738626615882       0.40230306081031764       0.38465139353406191       0.37246849410422511       0.32581189041987640       0.31890790085321630       0.30535381233784381       0.31645813533443778       0.30048322500929830       0.32303746197690048       0.35001294357624818     
  0.26561297320526228       0.24341824051243530        2.5377896233685693E-002   4.7894059824107812E-002   3.4307206180377942E-002   4.3738301060886726E-002   5.8208024470536607E-002   4.1826657347364266E-002  0.69108431375742585       0.27881367666901608       0.15002461208940834       0.10195288400703775        4.0276057087955598E-002
  0.28728013736772073       0.32611998852524376       0.33099634759784774       0.37337002468153124       0.32583601171887783       0.30132543520629285       0.31209245701794353       0.30346949986500132       0.27423643387225005       0.37143016371794324       0.39252281028159963       0.32278034044786480       0.36433195537036472     
  0.30900064922581566       0.27529791135967691        3.3516655692978778E-002   6.2036285679027692E-002   4.6843262287483915E-002   5.8453533091827749E-002   7.5552185608391123E-002   5.5097395604784716E-002  0.71630387716031219       0.31150241823918207       0.17759125233226658       0.13238105846460804        5.5353565236118264E-002
  0.29299067915815263       0.31323876549976293       0.34233055387395300       0.34779984613095960       0.39963529086193389       0.30485113312793272       0.39414505093859925       0.32059043912483809       0.28325105944311796       0.36153395820891548       0.31769999073974314       0.32061752594590287       0.37031319132369239     
  0.33469990453146342       0.30529833874085149        4.1015483046917704E-002   7.6621456669230939E-002   6.0408030011873122E-002   7.3514153393804141E-002   9.2633346653605342E-002   7.0839259660233411E-002  0.73831063146514864       0.32613379673691406       0.20332203847604471       0.16120911392850323        7.0744551227859831E-002
  0.33490748956923827       0.39293370713280934       0.34266025654420296       0.33505068067617416       0.40757433849463942       0.35256824333186748       0.34348307768032277       0.30668324067541353       0.33749572094028119       0.28818031924041521       0.30963105904849275       0.32108253278821791       0.36698652419836608     
  0.35801881100002758       0.32407910779910365        4.8506747364026895E-002   9.1331899854768611E-002   7.3839617928453768E-002   8.8630862798703525E-002  0.10975653892944029        8.7768257440756253E-002  0.75791738972673950       0.34187178141649754       0.22402247424164354       0.18649301957780959        8.6387041851710575E-002
  0.28212474077375332       0.40601463852152136       0.32040572684480978       0.31906486073126444       0.36801407343495063       0.32750776448747959       0.33923502550202950       0.36602539660034994       0.35735620748075897       0.32588163727104824       0.27067957901400297       0.29335373335559384       0.36579294669764817     
  0.38108049952317863       0.34534928593609476        5.6190242391218830E-002  0.10663369514949381        8.7815586537112925E-002  0.10306051002246669       0.12620847176106789       0.10622711333690411       0.77265452251029410       0.35798837104893994       0.24463571944972931       0.21117711114222190       0.10199158769243720     
  0.30029526503637410       0.38394805506971319       0.32927328961640162       0.33059584463146952       0.39979124868334803       0.33410642768831811       0.32815306580262527       0.39867106798545782       0.29930155719667945       0.32337877217239885       0.31587702688037372       0.38138111076788778       0.36661647144728049     
  0.40312162306468319       0.36148179036330108        6.4093433944963057E-002  0.12160606269541052       0.10240543448207491       0.11740624304819611       0.14278557608111220       0.12485063325292922       0.78594411414023790       0.37290086893326407       0.26526516438776188       0.23129653332281089       0.11747630480666182     
  0.30479902925731328       0.38423715842962536       0.35280211193591432       0.33988408349091392       0.38287326460591814       0.31976461470325623       0.36029154346239994       0.32942479779824069       0.29018659843423705       0.32554419926224065       0.28150408486061884       0.34755194067246020       0.33076480656804153     
  0.42462270755592774       0.37634015807240745        7.2497850382427773E-002  0.13659685621107709       0.11587047947486490       0.13187373282376708       0.15938478851455457       0.14188729146045320       0.79638315045600294       0.38640494810223835       0.28596478294505528       0.25200801225907848       0.13457171893929806     
  0.34821286136099272       0.36587251103173440       0.38549469115121160       0.35632418485233147       0.37546991945670455       0.30218692092437727       0.28824295938251859       0.36402865585464506       0.34631180096159769       0.30546116482726976       0.33853749163878649       0.35878338156426520       0.32605949356837099     
  0.44397663963688744       0.39027792130736538        8.0324981598567102E-002  0.15194727036196867       0.12903267512270100       0.14659370814332545       0.17684100752411935       0.15802791585003900       0.80589188416731172       0.39874590680809130       0.30599694599770066       0.27338235804036465       0.15181576423679430     
  0.31222897395326299       0.40189893695828455       0.31449053718470604       0.34561170257621726       0.33895011939844444       0.32106066979526637       0.34947961441671077       0.30512659595434605       0.29796294276252672       0.38778342224781975       0.38152456472203278       0.37864674461991543       0.33284990880387921     
  0.46281612716618886       0.40378556758185369        8.7932480649329875E-002  0.16891868133308538       0.14063204159349010       0.16168632371103855       0.19471313148664068       0.17302513536198100       0.81458462190874192       0.41017199762959577       0.32360791314904402       0.29438187079143102       0.16851228438312776     
  0.28008702135699809       0.30603447243344750       0.32600112950940874       0.34372934200675576       0.35711252120432924       0.31437705461826942       0.34466903816132555       0.31749679560776933       0.31193584603718910       0.33976905685244446       0.42400580317551478       0.35921090833935670       0.33754427143585952     
  0.47784028951990393       0.41653429858320229        9.8434441226794567E-002  0.18523921301380616       0.15184483883782535       0.17593180336024472       0.21244081230989123       0.18764589779725516       0.82265573032073236       0.42039690030299387       0.34019288197991737       0.31479021158696285       0.18438387928761357     
  0.30164285034545257       0.36651056443114427       0.43509904767967766       0.41021272460885383       0.31625402889420551       0.34853716763615428       0.46517854465280328       0.34138160608014256       0.28698415162143931       0.32449401643176518       0.29019005156326388       0.29720182423662950       0.33621777638705974     
  0.49253433834044880       0.42891323789490821       0.10867304551166893       0.19947189707240823       0.16189110316592656       0.19040931280119733       0.22985069480472178       0.20370245565912939       0.83060620002053254       0.42979515873077762       0.35929162375346563       0.33235578200433702       0.19735102849542546     
  0.29881314214985288       0.40433724033886637       0.31668251020676524       0.43367244767000973       0.30924607265562626       0.33996553397347246       0.29290865403194255       0.32929048584347925       0.26677714925420665       0.33398568538551671       0.36895185798106306       0.30288317459016623       0.30099901555528191     
  0.50633154086772769       0.44107973780164678       0.11953255503702767       0.21305765261988063       0.17191242146371788       0.20664415232048711       0.24713316049870393       0.22007112625564390       0.83791886047388486       0.43929162870578076       0.37797882951677053       0.34836965418721377       0.21057301082756816     
  0.31620494728739690       0.33201223733469315       0.30134893106491029       0.40189137416475634       0.31683333441145739       0.32735837075702739       0.32191714586461967       0.32741318998587654       0.30172587922001143       0.34285011405764754       0.35064186840980599       0.34558951434005947       0.29488031990977448     
  0.52025132264154006       0.45313655521349500       0.13045891649861607       0.22774191806769889       0.18195751413052855       0.22265416004614313       0.26375948213190847       0.23562153344138684       0.84466513570690982       0.44903572046137979       0.39361263668019142       0.36065332537328987       0.22375098270759580     
  0.30516425568194300       0.40223313695426327       0.35726398109396679       0.39969069859025197       0.32006017264083741       0.33613516677128630       0.34386889934918896       0.32379879020577135       0.32320219635812303       0.28790307315331232       0.34627575127761312       0.33764166114232014       0.36069640458358176     
  0.53432908056652451       0.46396170751009386       0.14111337455802367       0.24251654391278743       0.19223930574506942       0.24093732333214671       0.28057871535780199       0.25125565357165114       0.84991152745246135       0.45838107473780665       0.40903901470857296       0.37253992535970692       0.23626801511253828     
  0.31581449343216667       0.39479725775258195       0.28531034262841271       0.30069214869087330       0.31192023458091317       0.33020572993262742       0.32563248478506368       0.33389013049138860       0.30873506980204574       0.34634501861353006       0.37812821384447254       0.30072637183729001       0.33548335910187821     
  0.54729833837454045       0.47442202229100977       0.15210573691816787       0.25842140547158854       0.20286881641350110       0.25856015659960391       0.29667099177280998       0.26522770189610151       0.85496580751286766       0.46738017281830657       0.42428380918464670       0.38710824502776120       0.24912649255166655     
  0.30463190686357416       0.32244034031315427       0.31693682003355433       0.38285256642383186       0.31552842066305897       0.37803514988786308       0.31025277039642973       0.33392238015347503       0.31197109989451066       0.29598799643375451       0.35968450582829758       0.30207379973728127       0.27702796269499325     
  0.55947033316330885       0.48455908009841409       0.16385467346235752       0.27451287334031776       0.21371164268911808       0.27346240325694798       0.31208552196091421       0.27904786371703544       0.85975535818103677       0.47524557857680055       0.43997137215117843       0.40218273622185696       0.26227467808807020     
  0.31741264327660335       0.29909717246818968       0.46851288562987636       0.31113333940107718       0.32237478167728867       0.28941815556294503       0.30745574809712789       0.30509173583124111       0.31814618024093250       0.33044231162730497       0.32469374539375989       0.35438961028202226       0.33421283439828103     
  0.57185068899376756       0.49450331236326461       0.17555840265634651       0.28958253004048862       0.22379576950001179       0.28870210369299831       0.32603622371997437       0.29573738401825778       0.86453694892032928       0.48259872266895276       0.45749424477039585       0.41678922668586760       0.27579023335761849     
  0.37361086623762946       0.34575001779498676       0.42034820533889250       0.30390266745722089       0.32197863061148735       0.36710816098407051       0.31305800086809876       0.42689878353859478       0.29358111620472438       0.29923533494531385       0.32203010175612484       0.27603323698000048       0.35102241529055478     
  0.58494565236803531       0.50418922171044223       0.18753302915851447       0.30449410425230017       0.23463150250276418       0.30315182876729363       0.33919751765272804       0.31242453454553759       0.86923675967431469       0.49020434852661754       0.47431854991164513       0.43104139558200305       0.28991526633804832     
  0.33643438704568257       0.39300140523239141       0.42421488176275568       0.32389760546228347       0.41199383847162263       0.33557154308493575       0.31680961952979286       0.37840955769523477       0.29995023914642199       0.28660528347096675       0.36266375827050784       0.32409418080100416       0.30035102161544375     
  0.59667992011505311       0.51361829065485354       0.20015202562329565       0.31795235047755482       0.24838522586941628       0.31711344140138464       0.35251399985483262       0.32873228949539235       0.87373607910791284       0.49848969239300311       0.48907435571571767       0.44547551262135610       0.30349835869902064     
  0.27946998773517440       0.40748592217550250       0.38023904729495911       0.30221328948286369       0.40439902366791780       0.35206775868539203       0.29058923484786747       0.40748174918362812       0.31813394513501064       0.34203018652169620       0.36531880388764537       0.29216685791837693       0.38234406761110701     
  0.60664351315496301       0.52324003797642560       0.21332785111969121       0.33060101662006819       0.26206163865319437       0.33098350488644723       0.36690191011685735       0.34522085111310741       0.87805660101102367       0.50692984830864241       0.50344509605344467       0.46048177766650999       0.31677976147372339     
  0.34153267354401734       0.31684080131561865       0.33036847341544512       0.31953251438999342       0.30994264876918615       0.39669643500480872       0.36617305143362522       0.40720088855680875       0.29189054563910849       0.29272922304192783       0.30471095266361370       0.31249516976573205       0.31932003061033376     
  0.61674435019392149       0.53323760656759844       0.22762326176499739       0.34292499684121913       0.27748326943945562       0.34550526008341237       0.38203189350076999       0.35933764772867938       0.88207337394530949       0.51480509110607864       0.51604690478585558       0.47627816434550252       0.33020942821200827     
  0.30491678481539469       0.34923454006463095       0.40328009383452845       0.34426123866073843       0.38808790553079370       0.36738364978308768       0.29726271266463522       0.31277743069863168       0.26734741270995821       0.37804620585344545       0.33735212568573530       0.38020413657516339       0.30403820150470912     
  0.62673204994728759       0.54230462704579396       0.24147238879661154       0.35517002827544419       0.29297757155842424       0.36092024000834011       0.39697505653439014       0.37351704754885495       0.88594695049961281       0.52279183601431378       0.52870727962497055       0.49129824122026650       0.34364369212716023     
  0.31816763647546137       0.36288543858641825       0.46827407582837671       0.32072117791154048       0.33773270256498367       0.31920331670118468       0.32866498634484764       0.36767503738623802       0.33440854437810402       0.33738752329779803       0.33763656503415101       0.35643626907133447       0.33989148821024556     
  0.63677117213582213       0.55141352530048571       0.25498192272289244       0.36818930693714219       0.30636855481397729       0.37509358603045523       0.41125763650444919       0.38872171246181220       0.88972474271339563       0.53105290054054688       0.53976066015839441       0.50587876437307788       0.35688495080864430     
  0.37753450134557198       0.38181127189773401       0.31192808461179811       0.32223215033397262       0.34683942172950211       0.35009272206605813       0.33775806034702022       0.33801178711562047       0.29640453932035943       0.37220667914081013       0.34495791741488985       0.38526511194636276       0.33471409282763726     
  0.64694341794883259       0.55874457695273094       0.26890010387059565       0.38143228458808476       0.31951120127919119       0.38799649202763353       0.42545988154141062       0.40383713128731763       0.89362259492416285       0.53936911398184539       0.55065206980696257       0.51910493380909584       0.37019526435203393     
  0.29750000141604588       0.35108814366008828       0.35857043234981778       0.34012260370316438       0.30072545589791527       0.36232654564364103       0.33341374349371472       0.32709261100818360       0.34470839405796194       0.34130137376602643       0.34540524456288257       0.29870601122817636       0.36292292543914006     
  0.65698643409556179       0.56604505150671447       0.28329121658516698       0.39455639240152307       0.33412501287023588       0.39962143105410192       0.43864875060694153       0.41765943872648581       0.89769201881922167       0.54758371923153792       0.56128009672424162       0.53146244797281239       0.38439216771098939     
  0.34989515085890965       0.39102777639434205       0.37142954534152361       0.33573585704941444       0.34615337547437069       0.30324222926715200       0.32168815318252458       0.33286860020134823       0.37796693188766378       0.34922921716073480       0.33648433363393748       0.32962926736748255       0.38600494316200473     
  0.66701200967060204       0.57491605634648046       0.29754018790242520       0.40797571680860195       0.34904712645161134       0.41066928906928379       0.45119917193276515       0.43142843429974886       0.90177771591720468       0.55483034610385717       0.57093487605164128       0.54442632152431736       0.39945087563273862     
  0.35468162780511442       0.34540851726597360       0.36606000118072979       0.33474360491891375       0.31880764522485699       0.36591230245118411       0.33060368348449881       0.43307601984543004       0.31104699271257674       0.30069071623885341       0.29505099045915617       0.33495640911717467       0.33206754711379666     
  0.67695287489774392       0.58346917803561393       0.31297454789489049       0.42121497053728507       0.36359663483900850       0.42237837914310855       0.46315061648262296       0.44479578861663638       0.90563275238227858       0.56138146763114694       0.58046160036383199       0.55692220737831266       0.41483631019250705     
  0.34542506896226688       0.30970896416699500       0.36154018599990745       0.36902797658420439       0.33176524539144220       0.32191527008309428       0.35382591018016529       0.33451215746590068       0.29268692630222504       0.33994771905318055       0.30485923003424592       0.31353327703598755       0.32376415643385620     
  0.68652684285505516       0.59171446861290422       0.32788993513312192       0.43486666520615247       0.37774466258314027       0.43265725671899247       0.47610235951334123       0.45829653101425749       0.90917270174221143       0.56887445131377157       0.58929884103848906       0.57022126734385381       0.43040800332117035     
  0.30613432590344708       0.37830471275507382       0.35296276648625302       0.30943271740041017       0.31255259152802684       0.32164987537138556       0.35611058495074938       0.33658082040084158       0.38040517911661564       0.31234902271598047       0.29160588473955568       0.31890751323656052       0.39104948385856564     
  0.69576692197728940       0.59992265162704272       0.34401191750306148       0.44892379188509424       0.39084777855758113       0.44390706861281615       0.49114970628961607       0.47201844423093892       0.91263834953118750       0.57723971207181857       0.59938721143790430       0.58276262908198717       0.44662240359652339     
  0.40569436574131656       0.34365306491605851       0.36372892553751429       0.31170538921544139       0.30206640168535220       0.29759110822002260       0.30223319266981369       0.35403796461430925       0.40626744305914086       0.33307510880332364       0.28524325103895404       0.39445705876523818       0.32376873564152969     
  0.70476275194633531       0.60903780736649193       0.36039105588412090       0.46234363537906059       0.40379066647485234       0.45457882407847661       0.50705209355211978       0.48514003524382521       0.91605173780260074       0.58562267415874836       0.61245016470374702       0.59626552596539029       0.46284616425494579     
  0.37721196574112087       0.38047047289513292       0.37768655433236165       0.30159611104572354       0.30591399552343362       0.32114641726262844       0.34044772048150040       0.32260315857477978       0.34147257443252810       0.30620969825070615       0.29250613070668835       0.33830982219786565       0.36820089638151293     
  0.71384968701269103       0.61835247528483439       0.37694363075408249       0.47513112186447237       0.41827541364154736       0.46768460461908418       0.52346193017053688       0.49805694024235941       0.91938972739496694       0.59401573701701227       0.62523514779290223       0.60970532537759836       0.47916509142750746     
  0.41683350984516038       0.34479038196623485       0.34959026151318257       0.29918638371543876       0.36194853071545591       0.34455655423155818       0.32949492827087412       0.35135589822704782       0.40137097126538129       0.37231433920290158       0.37312579261066520       0.31763043295816157       0.31530292743635707     
  0.72335647242009471       0.62822040291558467       0.39335601828800421       0.48815246276804936       0.43317543311353801       0.48099729662298635       0.53829423969687862       0.51018340590759159       0.92271335866020709       0.60224399752289037       0.63781899627045258       0.62318337555495296       0.49585976047956531     
  0.39182486467700295       0.33210038267561343       0.36986588319363112       0.34866011122668877       0.35029044953188954       0.32576319886255017       0.29398879942574341       0.30833127753387601       0.35655095035092482       0.36149638477845719       0.33247973880409937       0.35027691760146418       0.39269175774902015     
  0.73327272298129920       0.63835145573417107       0.40855436611139123       0.50135792320364214       0.44846293994881298       0.49730585252364612       0.55174629527911778       0.52281787496378862       0.92605729318642915       0.61079637140400689       0.65062169733480546       0.63710439665451135       0.51289240098437361     
  0.40197302231740989       0.36212431927566235       0.34580688445425550       0.36932231660336945       0.37539301740244146       0.32081630887476142       0.31713969843966278       0.35147793114192494       0.33676145151375669       0.37800751397858512       0.32588610337874613       0.40220326264308676       0.31108377406910370     
  0.74150887963863121       0.64806710718055172       0.42371558022806161       0.51678032004479824       0.46299226338752719       0.51290377465677861       0.56730865462277347       0.53686544330692809       0.92878696618781498       0.61926260642488673       0.66347003459040277       0.65077535748525017       0.53044184854965359     
  0.33203039324664169       0.33883823234996796       0.30502534613739901       0.32332385778243189       0.33033286786638882       0.34209586678071968       0.29741681751110094       0.35829039834005277       0.33843675196509143       0.38511751028755392       0.33720819926898038       0.35997649069647653       0.36061711016159914     
  0.74976964265415624       0.65754120493937229       0.43886348186259660       0.53186726893393022       0.47793992485122616       0.52873465183038015       0.58466113720676238       0.55104568009073707       0.93151438652948748       0.62733982368087859       0.67666917346874533       0.66364104564252069       0.54829737584841243     
  0.31078809285806119       0.36095255224558714       0.35669457516536407       0.41653826972676178       0.35191095589313470       0.31873443645384769       0.37151993959722945       0.34753994216553913       0.33758197027227349       0.42427303394764765       0.36221050398676996       0.36879656630413604       0.37791685525098567     
  0.75753151943569974       0.66585823010482303       0.45359923875367320       0.55111835176012425       0.49193358481860683       0.54503827023703577       0.60170831889421783       0.56558192740060642       0.93450845040487374       0.63525323486890373       0.69020932174903393       0.67520933702855346       0.56705812933956712     
  0.32152957090947393       0.36552943796624637       0.35538468779170695       0.37437906179819641       0.33245819266673249       0.36228905255028687       0.34985865382687681       0.33882685640421445       0.36127457232068139       0.36614168801282615       0.41078152295777487       0.39052489788137074       0.47418024797141750     
  0.76513741108644195       0.67424041461274653       0.46820592271711026       0.56982692880673980       0.50777886720331988       0.56245327839269621       0.61801612837392228       0.57992708546399752       0.93751665446480914       0.64337062552917013       0.70327094599430762       0.68661237184799029       0.58543663007768232     
  0.33272204928159843       0.31886761092014532       0.33071111074280674       0.34957921269531156       0.30114345709828483       0.37064593840152826       0.30680681882435273       0.33517819999060500       0.34370581763425417       0.42293956926770859       0.37763543825564194       0.34399602435206200       0.38339710015797152     
  0.77293799021518272       0.68306360163298019       0.48371582726132106       0.58758509151747795       0.52396638925206895       0.58020458000526232       0.63354798140868451       0.59448380820644076       0.94042309424742021       0.65161552584669502       0.71507931977537731       0.69724116304418726       0.60176297897994080     
  0.33570682979939942       0.33057432800868453       0.36244219458836230       0.36574861180977530       0.32794881686141142       0.44365952512512963       0.32015103967585806       0.32635015949997220       0.38656477574444792       0.41548864039698935       0.34089572189076267       0.33989495127305791       0.34815378987780660     
  0.78080657104907258       0.69165679703364624       0.49914452255680225       0.60483866620103111       0.54191144467187369       0.59762496655256536       0.64798381727533405       0.61101160285813139       0.94326023831837125       0.65911085132145197       0.72797863995422951       0.70767800722517704       0.61803248759369778     
  0.34336024531247861       0.33252321523872663       0.34261724036403901       0.36131386014967970       0.34323595052429628       0.37974700185323790       0.35863081584629491       0.41646035905982393       0.35993914808451583       0.39732928239058241       0.41481905794981383       0.38139543750468652       0.35466116595179775     
  0.78811923784103566       0.70001079945741307       0.51835496251809476       0.62236176712296043       0.55997612742625058       0.61513646647540554       0.66270326139595492       0.63013793741798918       0.94609794623035814       0.66585187406922441       0.74029231489593916       0.71946829022098835       0.63678365278559979     
  0.37254619293549729       0.34362425590680201       0.34968061694935060       0.31161507454270876       0.35043213736792106       0.40130795915114820       0.33556426143839224       0.37827916157500047       0.42936234602951590       0.35455977095650210       0.35057789969407910       0.33791389694727980       0.31444665475977940     
  0.79499025801486811       0.70838006874602233       0.53619599214697011       0.63962408671973869       0.57828699795617167       0.63288530166856571       0.67781197238846436       0.64879489054491124       0.94852779498336803       0.67269709136923483       0.75238450111784805       0.73204597849897646       0.65467800443873203     
  0.37469502124319126       0.33788315421716114       0.36826857064816687       0.31167349936528443       0.41824930752576145       0.38970100280582248       0.37588192352732663       0.33745872883138062       0.36781264539636782       0.38474367869531911       0.34923281243713261       0.36883861208754315       0.36064412319824768     
  0.80168348318977856       0.71668785771382582       0.55700037681372405       0.65686481945297914       0.59602023725105668       0.65056481721374859       0.69325668761051840       0.66776232999540752       0.95107372851093153       0.67963492554179339       0.76428858414065104       0.74391256587149157       0.67141575690028243     
  0.31535083825424487       0.37351438142952914       0.31143741321663665       0.35073543768528731       0.34573155459415972       0.48313477092179885       0.40598499570747759       0.33507634244036560       0.33579435287971610       0.36598874075792548       0.42437260779866626       0.36881283477302490       0.32280853060184733     
  0.80803850181691483       0.72476565942041016       0.57750772096835012       0.67463750943845946       0.61516656857609053       0.66771968732121934       0.71026308931929949       0.68636410211898857       0.95342049129747697       0.68661891766664807       0.77625402783243314       0.75492765176880416       0.68908570763591825     
  0.33992252499005782       0.30842878750853586       0.38180108605219304       0.31704428984575028       0.35134778469946049       0.36962955283367810       0.41152624242540792       0.35543333915369463       0.44516782040452435       0.41079376832538828       0.32008229776038588       0.37315307234455841       0.34798035235656721     
  0.81434088576886210       0.73316425809582653       0.60033796498886838       0.69350851635116484       0.63380844922989465       0.68408025662043448       0.72677542350218138       0.70159626553178212       0.95564128952344585       0.69396720808549639       0.78833815757385894       0.76673809572234564       0.70622878368701758     
  0.37333610689483099       0.31471010116065451       0.33266629175153023       0.38916900302178165       0.37695301985798091       0.38278039228455596       0.33900128688322595       0.32625425810314101       0.35435837452864155       0.41031646099060104       0.40816947911202095       0.36522702424735631       0.36843388240966624     
  0.82086402497244859       0.74306105552398927       0.62313828424124940       0.71335496321628611       0.65192654782997039       0.69997004504416149       0.74180990553257919       0.71681955717892665       0.95784821615268034       0.70121350667565674       0.79968864597655120       0.77914484173407328       0.72206159226423761     
  0.33983502640044871       0.34771520173924131       0.39529534958753759       0.37448462423443318       0.37447830566765511       0.40663936429389841       0.36346729143737078       0.33820406000099140       0.33249542515714664       0.34343997812798449       0.37554127013917710       0.31673641517336792       0.34773381285977839     
  0.82757246095192405       0.75317119519215958       0.64379063301241135       0.73352624839302993       0.66990966825921205       0.71574906642768832       0.75699359631396124       0.73300135061242133       0.96005029127984365       0.70758891022801129       0.81059180609762216       0.79192933897111883       0.73758923774171603     
  0.44367102878679182       0.28350510051288796       0.33197077439551131       0.37161528033425234       0.33555418187348607       0.34719705018293062       0.39374848574192783       0.34639875339234877       0.35558983661428517       0.37961436242904917       0.41024342319652418       0.34321091041235219       0.33940849642916554     
  0.83487088247672581       0.76310050087947456       0.66433948764746686       0.75326137757432887       0.68810709729665165       0.73199004613880458       0.77449391694459557       0.75074716354525928       0.96229346775270663       0.71408014133012587       0.82152931649926042       0.80543924527225697       0.75282657716953605     
  0.40581344828083143       0.33535417378707821       0.43397229313715607       0.41231972618321361       0.35230799826450210       0.33579937773578739       0.41496966570281157       0.38795920103494114       0.41726122446809977       0.33513705889355216       0.34373962021251575       0.35001896367478547       0.39749830945440040     
  0.84199760773260135       0.77333831226405503       0.68365726528205206       0.77350858097276531       0.70650493713492235       0.75023653091556408       0.79223052678958061       0.76633428122222735       0.96466265999422607       0.72072243287627058       0.83253033335285842       0.81884536263655761       0.76917795899606833     
  0.35093424623759784       0.41277641854679836       0.36218248850904000       0.41071932798160959       0.40914812938823852       0.36793513189180188       0.40743739547797952       0.38617937795751067       0.42112214836097672       0.35936222862343570       0.37867706000397128       0.35348166071351439       0.34839518495710242     
  0.84958464407097767       0.78475384702509832       0.70292290024107584       0.79221368917700230       0.72769029945102470       0.76726692423491816       0.80703705813109250       0.78122787857828546       0.96696199504135394       0.72755217984395826       0.84407599326794269       0.83169982028092804       0.78654170459890416     
  0.41043959182083345       0.38480108832003118       0.32509166935779682       0.38275531342909136       0.33487967606256569       0.32857754845186526       0.35502320464499421       0.30369000427356113       0.36889814299686524       0.35679670224539273       0.37656399656566936       0.36995744413781123       0.38637021145122202     
  0.85720479871572419       0.79597369716948496       0.72393075413219499       0.81085828780163194       0.74907714832432792       0.78603675431304232       0.82098986846176791       0.79762038743765462       0.96921765783516944       0.73515884620939242       0.85617784856192292       0.84457872715185012       0.80353967241618229     
  0.40091169605921612       0.34308520549374577       0.35189207344181056       0.38664808844777654       0.35814093235549466       0.41732167774845130       0.34224201391299558       0.37017880302224687       0.38698687072004595       0.30800285249999781       0.35270289864837956       0.37053143878777889       0.35778631273856148     
  0.86499845032408496       0.80698209385374520       0.74720986153669933       0.82685938930169456       0.77063525130643673       0.80471500223619419       0.83686988203945256       0.81449553454008294       0.97145720357534693       0.74398486636570416       0.86743156684954625       0.85582502277006012       0.82006395400072751     
  0.33086653015621459       0.33194555515674273       0.32504925270584528       0.35510609634111712       0.37443441857840226       0.32452803241779182       0.35908100982835262       0.31792020489678757       0.35898198420689675       0.34174085509967411       0.33637182173559710       0.35558465640167608       0.38177101684715214     
  0.87293944586219674       0.81816848541525111       0.77196426101749493       0.84281989825249148       0.79252642473111434       0.82452855957522542       0.85169727451245980       0.83024793570602506       0.97361201954503274       0.75305562236686863       0.87830745643592845       0.86703912388971738       0.83803938027677838     
  0.40280183034363110       0.36102364965239075       0.33705772805653483       0.36420670003457500       0.35616826027494125       0.32075582695097643       0.36247714640566775       0.35878374514935729       0.40257038456612654       0.36447438217909151       0.45913733795409323       0.29017265576071011       0.34729007923540961     
  0.88168744487858608       0.82905339617866536       0.79443688139076585       0.85855526450310637       0.81061731091241851       0.84465696456160111       0.86847415829657015       0.84490711744724845       0.97583946588008863       0.76022035943366628       0.88955544922550456       0.87881351880218572       0.85742414592346528     
  0.44808921787424383       0.35248703810622661       0.26590068131255679       0.32933247088945866       0.36333925527595234       0.32321510237795681       0.40141370548890337       0.34339232288810517       0.41558570770556164       0.32790887513981515       0.32512876384985889       0.34097750774949781       0.35303700275704147     
  0.89052600954677263       0.83964219883496827       0.81641366224917378       0.87391513500524531       0.82862812236333205       0.86280095316659156       0.88581598180217647       0.86225840695304667       0.97812369314299319       0.76717041937991814       0.90097513503593751       0.89123971616576192       0.87580369431708227     
  0.46539029865933973       0.31630778221614814       0.29629427782904738       0.31947049767072677       0.37268082599600871       0.31494851094121723       0.43618226390847115       0.38962922013627405       0.45005467034414154       0.34031969207700363       0.31459384253874251       0.39015564425226523       0.40111843260692737     
  0.89965605693517559       0.85196917380940329       0.83868916132077664       0.89007880785113602       0.84681724943956449       0.88089963608676958       0.90293269814806554       0.87928529659480281       0.98046827730524033       0.77618317394691094       0.91187618387765590       0.90353174512280254       0.89308191636330170     
  0.34496091792460093       0.32465325576716203       0.33663125927509691       0.33134443191154905       0.29703565068747645       0.39046436502777887       0.34941494848229165       0.38134496255458306       0.37804530178591450       0.40959312295534389       0.31832700671632441       0.34274804266810377       0.35087926808235081     
  0.90943709866169964       0.86430135803402619       0.86220934431829022       0.90654834038451837       0.86486669137657335       0.89782105444552540       0.91951114822195934       0.89833858491941654       0.98284888222720812       0.78546900462334857       0.92278906292813434       0.91615618877887739       0.90953954562958583     
  0.42863690958348027       0.33846513309946130       0.32633708795651212       0.33952245286847854       0.28685349106666030       0.36137579758406491       0.37402252072434855       0.40014043223354911       0.47336411761396319       0.35027549094868521       0.35817747465441468       0.40711442307433388       0.32103696030075124     
  0.91851007576848342       0.87892977281438123       0.88600835163990510       0.92143203390250772       0.88169275103358247       0.91330512957030474       0.93474757300411304       0.91664452468840163       0.98519419168134292       0.79697331874003152       0.93374155378057522       0.92892580873240460       0.92488147239508678     
  0.44236231477947302       0.38752502233238606       0.35543383181849925       0.31484754612544397       0.33567736074859583       0.33926848660988440       0.42799563848840788       0.36517201468090932       0.37586171822523701       0.37365693124571453       0.35603207155776911       0.35546220084695224       0.33337316485707252     
  0.92991938855458267       0.89479783775542576       0.90980451021349529       0.93636523315121023       0.89904295807264178       0.92995765474869596       0.94805591058419425       0.93331834281865655       0.98759119731525724       0.80870463174913954       0.94580502571279534       0.94246053740699409       0.93940999669231073     
  0.40073248113430188       0.34462420543221683       0.31686787512186082       0.33894037252090575       0.38351747926987922       0.35095827953725434       0.44706142233220841       0.34823659139170848       0.56738371755526351       0.42556893419471487       0.40882536919071177       0.37849671193395534       0.38536689008294350     
  0.94181069237083992       0.91327459236952402       0.93242333650910769       0.95125499817081627       0.92163163363324019       0.94687879726019519       0.96115057178068375       0.94882187365927628       0.99010956612069168       0.82959371597276277       0.95937991983152560       0.95698923217991971       0.95301103772128293     
  0.39784387669829951       0.29563392755585727       0.31502062501895767       0.32305615625020273       0.32785467789578088       0.35736674945311381       0.39330260253055244       0.37222579163300434       0.53158945598798690       0.35777641109942238       0.34670230747445674       0.40020129357480722       0.32068588389781966     
  0.95510750972209402       0.93585550708534637       0.95462975728793031       0.96578733365358627       0.94670566645186216       0.96415046936206350       0.97424720959895117       0.96455140110148041       0.99276189059271736       0.85644540539866243       0.97346425655265290       0.97168148046281577       0.96679307665004111     
  0.50484043475180629       0.40277013408250845       0.28818031924041521       0.33679375100777920       0.33877299268484917       0.41008710461933318       0.41289345185937726       0.37612587518283225       0.34773994059192082       0.39579053603557796       0.42079087084148387       0.48130257988885261       0.31234212910475428     
  0.97571012640272969       0.96445756328431476       0.97688162987519112       0.98318545980944017       0.97278898512230638       0.98254483560361328       0.98688640185399035       0.98206442217234702       0.99604923924920385       0.90930110807807907       0.98670538368305183       0.98586725985401791       0.98256746478372203     
  0.38385701360851437       0.31098925328500143       0.26769692567282505       0.32636393588920093       0.46171909445293785       0.32078387661608093       0.33011226997007093       0.35674991484577601       0.40676531245913772       0.40888335825929834       0.43516455635965379       0.42006769403809707       0.35544252623139760     
   1.0000000000000000        1.0000000000000000        1.0000000000000000        1.0000000000000000        1.0000000000000000        1.0000000000000000        1.0000000000000000        1.0000000000000000        1.0000000000000000        1.0000000000000000        1.0000000000000000        1.0000000000000000        1.0000000000000000     
  0.34952573180048713       0.26895666335144575       0.32396223843322469       0.38710501952969112       0.31835563973375480       0.36589268359252286       0.30099565991758687       0.30002421931773660       0.32868164803283412       0.27186115974063074       0.37704912527819778       0.41533003718553574       0.37527702198015783     
   8.8554862769061966        6.1490428327608475        9.4459817650842606        11.197472934882754        9.4136769046858131        10.223893995077026        10.672397028112298        10.493411022193079        0.0000000000000000        4.0232280515026151        8.9249444491524628        9.1871051442980924        9.6954700348233640     
   9.8524374012924216        8.0933834840542538        10.604607382616562        10.654672881743718        7.5504263851890148        8.4229484796523106        11.285113009424736        9.7115294379476804        0.0000000000000000        10.322912368410954        9.2036766350125845        7.2355576472087568        9.6334233041413775     
   9.3044729529850940        7.5847759128161654        6.7696030281774124        7.6972421684077368        9.2944552916282532        8.6234645699528105        9.1835623665482018        7.8561235447834372        10.912813206722161        10.876002669166029        10.108900073449817        9.7860362536830170        9.2492011657572277     
   11.270783254255244        8.1651678406419030        8.5210418068319491        9.3917139834141601        6.3865982322893613        8.5333184824196877        12.468877014222494        9.3593401739095068        10.265812537337489        10.610836168913377        9.9236915243858927        10.100052799855527        9.4938437075957456     
   9.1682967566433451        10.975064359510974        8.7571218494152667        9.1690467305580672        9.0482910412158777        8.7521219674253761        8.7002120596681483        7.9698846830444694        10.123533728631717        9.6052521757626810        7.7512266705918860        9.4236183671434777        9.8458132528640920     
   10.473295202951336        8.4626936345968460        10.348033095902558        9.4709977402237993        10.353561051254685        10.621565443514815        8.0058037265210338        11.217920509655279        11.231050596276278        9.0463994770788645        8.6766855789154693        9.5114246446990052        8.8674538479795331     
   8.2725224118995389        8.2725331694236868        9.3644383879594404        11.001081419397730        11.059335850777165        7.5603341604145848        8.5826565136499049        9.2112678546117195        11.111127574831022        8.4062212498150810        9.4330035726749060        8.4471896030488463        9.7315787760654224     
   8.0042327903517183        9.6332304378796518        10.640219930748286        6.6054902219272602        14.046575277030680        10.583100234024693        5.3368276121804525        8.1300049366895895        8.4555236414303128        5.3213419282327106        9.4896302612721595        9.8692737463521798        8.3325240400193472     
   4.0334918042477833E-008
           1           1           1           1           1           1           1           1           1           1           1           1           1
   3.0999437693611142E-008   2.8081844416516212E-008   1.3801741320866375E-011   8.6520951906723855        6.3391175427898822E-010   1.4865854884528808E-012
   7.7406506555996802E-010   7.8242509702218065E-010   1.0004974222227762E-010  0.23999610201344296        1.0001911092097377E-010   2.1947625023944692E-013
   5.0000000000000001E-003   9.6463989593541637     
