   0.0000000000000000        0.0000000000000000        0.0000000000000000        0.0000000000000000        0.0000000000000000        0.0000000000000000        0.0000000000000000        0.0000000000000000        0.0000000000000000        0.0000000000000000        0.0000000000000000        0.0000000000000000        0.0000000000000000     
   7.3647299897081249E-004  0.30339747551375956        2.1458687927052095E-002   1.6992073697251340E-002   2.7943618392630615E-002   1.8091479104294178E-002  0.14802724848125831        1.3743321110513684E-002  0.64701085865795649       0.14880957431910652        8.7293730083002938E-002   5.8650479593376846E-002   1.2739512548582799E-002
  0.40279174315878363       0.40875318337973038       0.47479593253880636       0.38661708688831381       0.43337736162533835       0.43485453728190476       0.44294000382005533       0.46196825789361873       0.39171956437614952       0.42775292708618362       0.49657793020356844       0.48163902806219272       0.39715289655375779     
   1.2994720191319372E-003  0.41702538491994978        4.2914338928879019E-002   3.2638878424365338E-002   5.7117963933203945E-002   3.5406980639567445E-002  0.24394496029980792        2.7875719973887259E-002  0.70913888122177482       0.20977024378620754       0.14913792246915700       0.10501864356603494        2.6227174745942380E-002
  0.80640860598458952       0.45393149745043898       0.47004137322255146       0.44413760996478258       0.45303998680265256       0.60491723472877446       0.47961361082340032       0.51962803345756969       0.51391484645618890       0.67948403074549524       0.46214190473262795       0.49019732660650506       0.54522947576134750     
   1.7255750639750130E-003  0.47142448659984354        6.2691183841370846E-002   4.8410869314362684E-002   8.2444967515736059E-002   5.1276970392478645E-002  0.30274688168285302        4.2322811027196323E-002  0.74365388751036388       0.22304064541899568       0.18931841754944323       0.14177693556598020        3.9697044360694968E-002
  0.63636226809109087       0.56124694283427534       0.37425326782346352       0.50527119905736784       0.45321417625598182       0.42170776106433211       0.47206889369356042       0.45794334557518224       0.54411458132788770       0.48385070112264317       0.53818596395251406       0.51007706502980465       0.45966742020564827     
   2.1106231482403053E-003  0.51334468146548340        8.3542105725841892E-002   6.3933552094080234E-002  0.10788647991072541        6.7776720314282626E-002  0.34142864234565884        5.8096168023580905E-002  0.76290286137719565       0.23562151648459309       0.22290032953948399       0.17514312370856322        5.4093354858474427E-002
  0.57378490190344178       0.51847332564003956       0.52075559029016683       0.55114514149449767       0.41648605797885924       0.51632535279478720       0.46732262443241468       0.47341255040454422       0.44617766785093049       0.54212565169072435       0.55753564378357989       0.41780551408990674       0.50700553282802951     
   2.4952706373111235E-003  0.54713828000786235       0.10285075522182534        7.7268886936730327E-002  0.13089342826008563        8.3287149645334249E-002  0.37297508637341609        7.4244841429762079E-002  0.78131564979694179       0.24696644452533098       0.25009631985752451       0.20444842620339523        7.0146675002690173E-002
  0.45674308142942710       0.50261492367928917       0.44479716404711112       0.45213572820252990       0.44794613112711085       0.41865461693491846       0.50354038657727707       0.56319955517833775       0.50627877747991223       0.40873394191805579       0.48432688682284514       0.45611193246095277       0.48498472113217650     
   2.9008548191852453E-003  0.57130289972196602       0.12087688216977086        9.0843672272657647E-002  0.15309102452127779        9.6744449696622742E-002  0.39979719401745117        8.9523916020475783E-002  0.79622986263323559       0.25798385118627642       0.27657908299948775       0.22889386301273268        8.5243945154715353E-002
  0.50895368852960332       0.42953531657295879       0.45787830485318265       0.40896058427828141       0.50521114455666005       0.42161347378995634       0.40967226966626880       0.47030485957518903       0.52636182787961006       0.47437514263953873       0.54775692164524448       0.57710411839059772       0.66817632929013293     
   3.3212418579555685E-003  0.59202176527744144       0.13678313759487915       0.10430437773464404       0.17652013132471669       0.11003317240980645       0.42411983311232088       0.10435573716158331       0.80938349138264021       0.26829974131910450       0.29889663895026819       0.25145752921010889       0.10030898058419274     
  0.53821449046924841       0.46517922152152280       0.41569291499437605       0.40537079218661820       0.48498713949272176       0.42904807088187047       0.47033261580488844       0.45255960522352906       0.44064273947405103       0.45399086216054285       0.50240333555072481       0.47861986698676390       0.42847159187033151     
   3.7483595224187738E-003  0.61061758665009636       0.15562748185132813       0.11797464803636200       0.19959655010938504       0.12249095778635025       0.44625099521526773       0.11920686972717841       0.82002986643931486       0.27779088277015918       0.31849470649537326       0.27458325435068071       0.11497038134043464     
  0.47527241743563148       0.40521093637378919       0.42791092288003185       0.45928198388364144       0.51793382190083792       0.44434169901226978       0.45966742020564827       0.45097019464657084       0.50495374573368956       0.54644110405739754       0.44188017515536976       0.53899817266241101       0.43594682303056076     
   4.2260460666791663E-003  0.62885896811644171       0.17474993546189793       0.13175388761551010       0.22251040280965168       0.13765366866889955       0.46544387071835452       0.13446659267468192       0.82908022907966583       0.28681903773212797       0.33617578377177143       0.29605588644282732       0.12972549921439533     
  0.50474643347738812       0.44416002395551973       0.50170980030994483       0.40321278014844231       0.45343532871358039       0.41252235112330415       0.47640826792672264       0.42771458432300086       0.49098919938583141       0.48083666031899447       0.46172461912005874       0.50864094194186127       0.46108249884970637     
   4.7672892359189598E-003  0.64620044322051506       0.19437063995449619       0.14634878683241812       0.24389498122505351       0.15301847711746464       0.48177104226214740       0.14970574534669698       0.83753324607408730       0.29514192721477167       0.35372598429884039       0.31560199247164056       0.14455762624159232     
  0.47855831049838832       0.50630716786698937       0.42734145942660584       0.44148755625318403       0.51546528302512762       0.38741761233375621       0.44348394789932932       0.42495307008389244       0.47288792562527548       0.42252340376265080       0.49736536743482185       0.48503086687255093       0.43806728241938936     
   5.3474084988419952E-003  0.66093819542112919       0.21372914799836185       0.16085127531002644       0.26302784247739264       0.16810812048389809       0.49673855413254170       0.16503005634657322       0.84616444805855950       0.30243489254187822       0.37197027772865243       0.33439086360169734       0.15955454493658247     
  0.58403126254273763       0.48221766868060972       0.47903847992434673       0.40165090676980908       0.51899800482200875       0.47232293667168290       0.48583794464665647       0.46925305479969043       0.51016316273784157       0.47041693509959825       0.43548328999500457       0.41317250799813104       0.47012691189188743     
   5.9539997784330799E-003  0.67263748192647910       0.23232086225085696       0.17521825652101972       0.28221294802134211       0.18220010980813320       0.51142939777197516       0.18079385646362725       0.85380199655715761       0.30886454081085257       0.39070826132300257       0.35366087951587410       0.17477472697751167     
  0.50547455464533697       0.39873542241361520       0.45729871494021096       0.45055833730610695       0.53705994503043275       0.53431611643352173       0.40049633201070056       0.42995112094920229       0.49517644247458958       0.46090771109508494       0.42732952697844667       0.47792723193134734       0.47104549817773628     
   6.6186985967525694E-003  0.68376053780631751       0.25030182035322801       0.18901766805737344       0.30032684915034080       0.19687400323709672       0.52704543303576468       0.19442925599754821       0.86009263753222387       0.31493917949787903       0.40879011659913445       0.37376913094241881       0.19070036627217396     
  0.43906437849403984       0.41902368277599672       0.45808551259341995       0.46901784322728851       0.39315604489397327       0.46840443858700892       0.45354146576798743       0.42632377248039327       0.47240885910229685       0.49981662702471086       0.51383811587380224       0.50507873326006603       0.46438121535233573     
   7.3746131395692784E-003  0.69567712263861370       0.26778484079156750       0.20335965250704807       0.31836716431301981       0.21105530374415229       0.54152470716171042       0.20885396407998319       0.86627652824525869       0.32171874296383823       0.42434132290146015       0.39367399510180234       0.20773508454629985     
  0.49164137930371871       0.49837601246760627       0.43455481925436606       0.45548826092790190       0.50880516849397117       0.46790258243113247       0.45824952211053344       0.44465394983939494       0.50813722946480444       0.48771549531456798       0.44328241310358535       0.47561029865197751       0.55858223060877255     
   8.1866729200960366E-003  0.70689149427791953       0.28509630110960577       0.21872121227932567       0.33654494939711588       0.22590075944772298       0.55470275743634356       0.22328088137324190       0.87209727318934605       0.32833018502697020       0.43906959184105071       0.41245394210313407       0.22355269811442113     
  0.51006998434112627       0.46668119187361057       0.53825889267207794       0.51031125178745795       0.62188652968406233       0.52858397694397707       0.44847620987595016       0.43157667793242760       0.44958395234953241       0.50272834725933324       0.47133050496020218       0.41506254915636609       0.51442127839622798     
   9.0093536430296117E-003  0.71735686287412759       0.30144946548664314       0.23469268086248163       0.35482573882517210       0.24104564450486238       0.56694958702070386       0.23757479505100151       0.87718346684968374       0.33585633700804929       0.45471396576610512       0.42949029019848733       0.23819079760244419     
  0.42339251182952309       0.48529103543718011       0.45635891595491473       0.54361874084760853       0.43708372804289131       0.43582214715090700       0.39802722933782647       0.41980632547085389       0.49756788188845041       0.43805110455708857       0.52402363456879386       0.42594952103113676       0.44200654208162610     
   9.8673498593546474E-003  0.72712261997623417       0.31682252765414515       0.25073441065030083       0.37118473166606364       0.25737607168294924       0.57920489987348123       0.25251084532978740       0.88187727469978283       0.34355543659234195       0.46970221294479675       0.44542980942216898       0.25306657843494262     
  0.44232317299691037       0.49028345238175830       0.46866490503963920       0.45980687847479562       0.41323601688737355       0.45743472158086884       0.52524826265443147       0.40722103847618474       0.43621169567730539       0.52058582875347148       0.47592046735819621       0.44648511911271083       0.46998247295996448     
   1.0799497040892336E-002  0.73701826197814846       0.33179311771889186       0.26520272037730680       0.38794394636980617       0.27437998132059610       0.59236380291704660       0.26791061826278056       0.88617988503002543       0.35117671699000003       0.48295884306276105       0.46177236953455963       0.26827636489253648     
  0.45385545323923066       0.56322926041065979       0.37138654327796483       0.44795911616426354       0.43450100510431167       0.56226704137055661       0.48313963305284990       0.42657409438940908       0.47997616585893527       0.48207296478395034       0.44388965017112458       0.47451995890554372       0.51092511463870005     
   1.1832510203900807E-002  0.74727627240662453       0.34782966761520451       0.27889452312463309       0.40568507691217903       0.29004971067894353       0.60578866056042346       0.28416649240418235       0.89009296157107121       0.35851689990151925       0.49564700927003408       0.47884609248183929       0.28441500652729662     
  0.48712283226337533       0.43298941266641156       0.43915406805737733       0.42960592455344560       0.43899235024964112       0.51158962228931570       0.50872634164347985       0.44234147031829590       0.42814106277514996       0.54197486029594388       0.45419644804367260       0.48131626857388321       0.52690395816677849     
   1.2900632897437011E-002  0.75655511691888166       0.36491455228655423       0.29331764199083571       0.42371482918770265       0.30458999248556040       0.61794219650477433       0.30178046375621836       0.89386494405970196       0.36500009884952528       0.50876696123126652       0.49562842778783694       0.30174809463857127     
  0.44713200898932692       0.48446394396487580       0.44988426789503100       0.49827355312138510       0.50550456057708171       0.45397484759409573       0.40977160224815179       0.52546291900047704       0.43734623074535178       0.47478085561520972       0.42610067236962607       0.48010513572289137       0.42929036307017776     
   1.4007692860287314E-002  0.76507368129888675       0.38169007563279067       0.30897270638869745       0.43969403769696647       0.31922883898479376       0.62874051025578970       0.31895359024546754       0.89769392882064969       0.37120706061752018       0.52295853955149185       0.51188782708148550       0.31738408983061056     
  0.44367637406457489       0.39036185519278488       0.47984311157911269       0.47987366107205898       0.52756361509784511       0.48426841468715126       0.45507230233139939       0.48381800906598510       0.48389261215442564       0.44259891201259310       0.41913071927275558       0.46394161442328702       0.40388462611596715     
   1.5225049009179209E-002  0.77360108814825668       0.39789755929733089       0.32497186632488650       0.45405102221335886       0.33422819575045937       0.63892490993750728       0.33677822934176888       0.90144907279156838       0.37747895804247777       0.53816706472988907       0.52740517883624771       0.33175014901888839     
  0.40808157085146918       0.44669809275642408       0.50977588415341291       0.40433473214236848       0.41756155264895134       0.44129829203656329       0.42017722743556035       0.48905145578717452       0.44451111465067344       0.40587192506992026       0.40759338527676076       0.52515778751483455       0.47808943880073940     
   1.6601470763092509E-002  0.78198789106271238       0.41384219180849263       0.34105227382682463       0.46763535177466226       0.35133825104946032       0.64900644931596541       0.35439174061049550       0.90510981269435231       0.38383838681609134       0.55368322331918374       0.54193351911002974       0.34603857162523066     
  0.46770745230847460       0.50307218951880806       0.51820299250805157       0.46807984115098678       0.53392056019235745       0.53972900592676964       0.39312332896420404       0.51466551855734566       0.44833483842924915       0.45131632641668162       0.49968127158198949       0.52766331248935228       0.49082421106968649     
   1.8195311775529539E-002  0.78941371011521944       0.42927301158277342       0.35762857884321958       0.48254958994072250       0.36892995846905396       0.65923884063054461       0.37243334236942577       0.90874449457775519       0.39021591073885581       0.56870981721515401       0.55639870250524004       0.35946384758287975     
  0.43319687967902260       0.52428127698059401       0.42400194517008050       0.45169332504287418       0.47677871012878215       0.47621785558954371       0.50558576285011059       0.44607914837876517       0.42863995205005251       0.47083173647963045       0.39973461728681270       0.55378316644706205       0.40366903728648146     
   1.9881738061488050E-002  0.79614572837175068       0.44533555142832493       0.37468674036527189       0.49795139844467723       0.38620136680992040       0.66992097789702798       0.39063323923910703       0.91233137088358607       0.39653039462447787       0.58258038429061998       0.57132396941854213       0.37375988497368989     
  0.43559074165853751       0.51077819882117315       0.40516103828014527       0.41066747782443697       0.50176828178317900       0.51681314057475247       0.48824404511213082       0.44304933287372888       0.40283129936709833       0.42504951428330701       0.44378419215584536       0.47199714884207966       0.49259634144496878     
   2.1779663682982241E-002  0.80270622898855315       0.46222506588957868       0.39212403396743739       0.51324684696320710       0.40265107568524272       0.68051825806644362       0.40780880872142339       0.91582548398201713       0.40300095462391983       0.59538893602465937       0.58570436171449225       0.38693427921138918     
  0.54365247063098510       0.42045155592386690       0.46204805464572335       0.49435563922664683       0.45597838650837147       0.46009650680504444       0.50202453865860053       0.50297049215286438       0.42632180566663941       0.43250499259870523       0.48154470436158014       0.41503399458606893       0.41110917159174809     
   2.3822309815465698E-002  0.80912545421141435       0.47891127160931163       0.40971779658211277       0.52871049946549631       0.41792504748587617       0.69040466500709352       0.42387883311847219       0.91910547367249762       0.40931302370735773       0.60778478136981973       0.59860695168707856       0.40083362043859444     
  0.44585946803123394       0.45784890612535994       0.43921193251070789       0.46866681758882944       0.58024901690774311       0.44658099784504363       0.46954003999492894       0.51154614044476399       0.42737826322018280       0.44682142292770255       0.49801943596177883       0.49832478717827400       0.42886286483443392     
   2.5990048640273558E-002  0.81542693727311788       0.49505456166871370       0.42773109820305683       0.54399802748785275       0.43314990598943787       0.69971632752245150       0.43839841122386297       0.92217853130892735       0.41556062017402534       0.61980467386854932       0.61047751584864329       0.41611886037149887     
  0.46076827955733363       0.39277074626520536       0.45068289516786358       0.56703724471698636       0.43339828850169004       0.46909733551390304       0.47760854414003678       0.40204045592439724       0.44797603835884603       0.43518339527730621       0.47829791208154093       0.48769917060926732       0.46431660941410274     
   2.8623969933529163E-002  0.82147962530731988       0.50943431020755592       0.44612226017554468       0.55846846177833598       0.44946451875331578       0.70870144234503940       0.45269201845088747       0.92516249476064416       0.42207212299558239       0.63173974211232542       0.62146520024900864       0.43122162965411298     
  0.51927045332676025       0.49449786031623960       0.40405820892043859       0.49150068711312089       0.51434619841014462       0.50956827484656075       0.48464408615308457       0.44483897046567622       0.48019840158088933       0.51196940374854105       0.40906636899674581       0.46247823385818049       0.52154437921334573     
   3.1616548909558076E-002  0.82736066269507014       0.52407511975436250       0.46417848163324910       0.57241983332581503       0.46592679208691706       0.71714969685079943       0.46707570109031976       0.92812195575293011       0.42878741017587341       0.64391640240088599       0.63207219868182740       0.44597562078028619     
  0.45480095182145902       0.42838176124609073       0.46678011075633702       0.52515153567110895       0.43991135017910532       0.55122150635473521       0.47555406244698728       0.47441689129392262       0.49427314358624025       0.48277034884603576       0.56095831166725540       0.38363165476650773       0.40791912873313457     
   3.4844242019330438E-002  0.83342670602077329       0.53935145957298181       0.48190055720675440       0.58655071148166360       0.48061333286234897       0.72565018861120956       0.48187409311220120       0.93101070588694546       0.43556317454936272       0.65650261329417681       0.64307661439393604       0.46007930624499283     
  0.49018346018946252       0.51268075376939737       0.46819650595543061       0.46744261390458608       0.48061697504802642       0.51105510945359556       0.43206520766376000       0.45854985084188371       0.39340512486635038       0.53620791539859747       0.44081523434864334       0.39824279950878533       0.46759857847144093     
   3.8330219686520048E-002  0.84004614969358116       0.55632977428005836       0.49964664736544762       0.60112255612208165       0.49427069768046300       0.73370896548899933       0.49818258406686561       0.93378497923098958       0.44229124722941199       0.66937535006476612       0.65433525976976414       0.47444124481543637     
  0.45210020609049584       0.48901458620211080       0.43515363908658361       0.51394072222051124       0.43722246259683950       0.41445410341542988       0.45949643375270721       0.50863796189183763       0.47916895041008883       0.51673984434786580       0.41588536931007503       0.42001316903598418       0.43748440958758988     
   4.2022404639635247E-002  0.84666572918410621       0.57422905001986957       0.51753317859249126       0.61614179665759417       0.50843329047100294       0.74118681475736314       0.51396551396259404       0.93644690520733631       0.44902945678430506       0.68160537737799487       0.66548265161452858       0.48942434410612812     
  0.58687875728959726       0.51810698668121780       0.44247152073427326       0.52027778557220350       0.49717075209999034       0.46884038246817306       0.40428043914389922       0.43375466567865317       0.55065475799264019       0.43912814023740776       0.43809516900830436       0.50259384386601347       0.41413363240781653     
   4.6023309782807810E-002  0.85269962622711304       0.59177316798659885       0.53525717654141647       0.63095077278780831       0.52379351322389067       0.74853604361357429       0.53011707018579135       0.93891782447743943       0.45593372099827101       0.69299765495499521       0.67620277149304331       0.50617609317113121     
  0.47268463672592198       0.43976356917209092       0.53484941102800132       0.46210474720755762       0.40850807433212571       0.47180259971746402       0.53393522287207773       0.47604637106454517       0.39776034632698570       0.43063142020458012       0.44670136391914050       0.40012490891198887       0.39674180779268703     
   5.0270139023774627E-002  0.85839921416829668       0.60982693370716234       0.55314382457778932       0.64495299658518301       0.53921560391534529       0.75590416534959348       0.54608260359031502       0.94115532196216944       0.46309688587362180       0.70421971941905914       0.68663073987468659       0.52290791623169353     
  0.46338801529995410       0.41431189025335147       0.51522230129770175       0.47542909405254818       0.50882066537161641       0.41506461989866278       0.46335268661069567       0.50168098960791219       0.43656438944466802       0.49120096489227838       0.40646774171670552       0.44173965046378666       0.46542176753369158     
   5.4629161953672248E-002  0.86364700094391778       0.62603552875311930       0.57066786148996085       0.65849309504566078       0.55429001787153642       0.76318372199198825       0.56199314085604801       0.94329601031562560       0.47056609971907337       0.71506592880444853       0.69734364105753377       0.53896427770444599     
  0.44552408031488644       0.47215352367413682       0.39438298498168717       0.55201161659069820       0.52732833198470630       0.50109423625520366       0.50834241994050799       0.45755500078211664       0.39365461752985093       0.49134594594492959       0.52287849961811728       0.42110255035687028       0.51677763822995926     
   5.9164240658953371E-002  0.86879879097010182       0.64143516726687999       0.58684775086578378       0.67225821367010197       0.56997266898323340       0.77055841057291607       0.57756735087886590       0.94541256439183874       0.47816465630583588       0.72586076139545619       0.70853117741920635       0.55478793049610464     
  0.37975139662194290       0.41304690304440661       0.46151311947345047       0.47526371640319698       0.49440036263789239       0.45046578641314300       0.50809631425966473       0.46809062099958243       0.40642776385854262       0.58425409454312227       0.47262419246557746       0.46235642766316770       0.52545356155576717     
   6.4551343515878740E-002  0.87407989048479984       0.65656896566966805       0.60134302739970869       0.68624743676188737       0.58633135190189767       0.77798303383737955       0.59358175549748649       0.94765758832012648       0.48575968848365575       0.73665902182955967       0.72083993987508299       0.56992185756668978     
  0.41584917158232887       0.39957698613385123       0.46147173599309671       0.48766436666061685       0.48057254955750794       0.47826995323516230       0.43192344580635356       0.50325112904809277       0.40626312002466236       0.53895634979663487       0.57917707319643141       0.51349198933302553       0.40746087252060603     
   7.1125187759044500E-002  0.87945234588399601       0.67265911701302328       0.61546829217523003       0.70001487218933467       0.60243728007445729       0.78518264969477780       0.61006400591114895       0.94988077828152206       0.49332661528133015       0.74764315070552645       0.73357112763671373       0.58431999009306246     
  0.50138776872077451       0.48163126955214985       0.49846376369162332       0.47966575262578792       0.46631756777188205       0.41763997844987627       0.53884995415784775       0.56148169358051847       0.46803673707912857       0.47810835996225620       0.44741127147829440       0.46807461171732528       0.41445026084040082     
   7.8642199796605972E-002  0.88475462823911477       0.68933305094183928       0.62995160549451168       0.71321649657443165       0.61778676524910481       0.79221152970941133       0.62641449450956221       0.95202915405394362       0.50091594700071151       0.75854669252424201       0.74552564689875600       0.59966857024437559     
  0.49675296864100654       0.48570994550655855       0.50405563227662220       0.46320636812718163       0.40987744618906408       0.44758340393045326       0.43532761123186847       0.49621093215016215       0.50908258076857016       0.41291016253530555       0.42931633815873721       0.50111178953962165       0.47758819377512318     
   8.6989227398614422E-002  0.88988930686012446       0.70420249012591862       0.64576430683120345       0.72567843846901559       0.63279171098593778       0.79959055317973204       0.64223121010369633       0.95420927137705980       0.50866324702681098       0.76922348560915665       0.75710276106300334       0.61579334757618398     
  0.51543515869865009       0.45854523407908848       0.48624648589854391       0.44448035331031571       0.43105695362027363       0.42836892670653587       0.45229643313565349       0.48383007691978869       0.47886671142915738       0.45752317867821529       0.49774549644464761       0.38966397840895206       0.44281307909803730     
   9.6312686648589024E-002  0.89483449473173959       0.71806056585196942       0.66259529152014751       0.73777612101704348       0.64664066636601059       0.80734319178110869       0.65784324963828800       0.95643145197643220       0.51659691475130187       0.77983844876547026       0.76864594010266984       0.63229043085758430     
  0.48860911685480618       0.47621133588869557       0.45416701874235116       0.49004852199414328       0.43885835587742972       0.46502415773580374       0.44871162100028539       0.46652928153040807       0.42515078803193040       0.47215496876840712       0.48212979433429326       0.40879226824890852       0.51182711136316639     
  0.10676266846137407       0.89945502750170869       0.73121913062889332       0.67955654028771029       0.74961139433956414       0.66135617412744108       0.81528627234950279       0.67360156074801447       0.95863965141593499       0.52469771950256816       0.79015410691592003       0.78083070395348608       0.64884071501714724     
  0.49337834496810878       0.45145799869214692       0.42039216350131020       0.55614146135588394       0.46949691842913571       0.41971887007767250       0.41998800035923067       0.46456520199166190       0.47183058830180402       0.43975902778384351       0.42743718087475208       0.53232088901843166       0.45914201906398416     
  0.11838949002910548       0.90407828160973147       0.74478887496147650       0.69570850274777896       0.76100715902663707       0.67696227129226039       0.82329853190098834       0.68896687019082348       0.96069465561954803       0.53284832818871142       0.80043155106411623       0.79377807190377814       0.66555780245941598     
  0.46487483853107692       0.40461359641831607       0.54756609563217107       0.48186966422264482       0.44579927237447026       0.44596726236970846       0.46820924784458251       0.45547121013252517       0.47247504622061742       0.48630337496198506       0.44217118835107405       0.40940111317736666       0.41972875216450961     
  0.13198955160270989       0.90871864444716954       0.75872158880486995       0.71133372109410775       0.77216389117857964       0.69130686554289178       0.83090648716948179       0.70403374762213955       0.96266261197439407       0.54092563979949049       0.81109982005293779       0.80652243787695288       0.68280367146371146     
  0.43926156078934253       0.40031478725743314       0.48772605955386961       0.46427893528020514       0.50567911681267763       0.40284438295730979       0.49522711778882583       0.41317250799813104       0.49040631793418976       0.49784326404878315       0.45473058876039357       0.48950551034280809       0.46026448641387507     
  0.14744231493234305       0.91331882523234220       0.77227723212422084       0.72679546296610742       0.78465090951105421       0.70573917497132832       0.83790527031484952       0.71969799716735494       0.96459349143315498       0.54902181653578463       0.82097376272613365       0.81867447148949823       0.69935304603084669     
  0.46605783152963404       0.46045610064037201       0.53150124065882776       0.42521733325103639       0.40522590620660937       0.40891967898983012       0.45661088092526358       0.46819759416415574       0.42020749185004558       0.47583864426267203       0.47665852026203864       0.49362402822970575       0.42910482440228748     
  0.16312684813044548       0.91781213596638156       0.78464295596826616       0.74277282345042939       0.79802494450209616       0.72064102748984449       0.84465752179363540       0.73610092910664771       0.96650241632330247       0.55722748846311188       0.83053252369092423       0.83025310978130784       0.71537723862886271     
  0.39600401788224110       0.44105726270660872       0.45561937610808001       0.44472045466891130       0.47859371624748021       0.44571666329128107       0.54428184045905603       0.54278111608847734       0.49022763044400641       0.41957313456709316       0.45359633070901378       0.49424356722957519       0.42684755735065477     
  0.18100609814962720       0.92220839592433956       0.79829694926858552       0.75787126225647794       0.81130627943790867       0.73671003687887493       0.85154545181476848       0.75227070785625416       0.96842124245760164       0.56588102308259147       0.84004654868744011       0.84147378070078938       0.73151556892556624     
  0.45089660154500361       0.43154734265603512       0.40018700546360297       0.44601247783768233       0.42729846212745248       0.44505688310211833       0.43477602972500323       0.42317945218779007       0.56832746275423252       0.45952326800982396       0.44331741177233741       0.45339124567412076       0.47870061982472928     
  0.20109143147923844       0.92661657152063026       0.81324000137809616       0.77320175054717910       0.82494434648549708       0.75327769475673423       0.85865942872927226       0.76836336981388154       0.97031309682988298       0.57486717070025095       0.84943334744303278       0.85250074099338558       0.74737582637597033     
  0.41956542784005757       0.44673245202569134       0.52432612600194772       0.51120427735320040       0.46706989411185496       0.49426989391136739       0.48408296288811037       0.42704131222449299       0.46731437772343654       0.44252803162704502       0.47789497637896056       0.46591549161303408       0.42001085926611936     
  0.22399160336202673       0.93094237709635264       0.82735403202593194       0.78753928161108244       0.83875088867946124       0.76981219873228701       0.86566172745159797       0.78461757978782365       0.97222742385298033       0.58445513708320351       0.85858487072574541       0.86330896074137931       0.76343124905932203     
  0.45269790755219164       0.46931746751020331       0.56681200090719763       0.54824961367818015       0.48398672884556870       0.48822451401791150       0.48629672068938323       0.48879527963898650       0.44975536810028149       0.49350494061746342       0.39169293306350367       0.52413950673042065       0.51289302126086511     
  0.26416180876461026       0.93513470496463558       0.84072733804525168       0.80182799123542114       0.85210936648387048       0.78600889411076746       0.87262010517199551       0.80090172323557962       0.97413162147206134       0.59311533487776447       0.86703336694163502       0.87424639181278563       0.78021696530265516     
  0.37138051091176288       0.38860104866082645       0.51169639559017743       0.48118348292495561       0.46282758997154638       0.47829558802696392       0.41021590804402031       0.49969958654886631       0.44594411396050238       0.44296108377894983       0.42948679632614922       0.52340506657293728       0.55614124619281224     
  0.33078655238373322       0.93905439945854918       0.85440332139677944       0.81675684915375080       0.86403736437213052       0.80259096101126048       0.87971918398399573       0.81677079299830668       0.97598261034519906       0.60192986110223889       0.87598347546893174       0.88528920521483423       0.79710680623729380     
  0.48967758771485576       0.59385662100954861       0.48612013864370662       0.45618486207467668       0.54090892028719317       0.48364725151690202       0.47912885831111846       0.51831689185952601       0.42623532899080696       0.44833247953856653       0.45343794248940567       0.40597326991588489       0.43338146674948852     
  0.41333220143993071       0.94285735526575698       0.86729660079276616       0.83302660812604690       0.87619868325145711       0.81989027328916908       0.88696020799100639       0.83278286208902519       0.97773566392831157       0.61090825832044038       0.88574374947298540       0.89614632231035474       0.81423720898919838     
  0.39886413862462028       0.54935624915871484       0.55198713269639854       0.42535174654286556       0.43829494501860117       0.49988087513855345       0.52236568954204265       0.53653895821118758       0.52524156211496620       0.46496641490352897       0.53425225046461899       0.47871381152017634       0.47680362879971599     
  0.48239619319614852       0.94680425080587161       0.87995023841802678       0.84897169054242527       0.88796931295120896       0.83718958682716704       0.89436387329715483       0.84870853992556705       0.97960200185248236       0.62160414401964648       0.89516287476868706       0.90689689976952947       0.83112146752572114     
  0.43064671158832457       0.46304538672541212       0.43357721286300827       0.43781237320347138       0.46229750106230150       0.56820445966915856       0.50892521869635288       0.51504524657459383       0.54268118946436039       0.44735654235835348       0.50113829645945085       0.50911511563348144       0.40929322337570229     
  0.54699850708653874       0.95068804441523358       0.89280576385870292       0.86441955755761890       0.89951159026402128       0.85399145596238457       0.90176359814463969       0.86452683409709408       0.98133627793537093       0.63342669130820528       0.90496036275183844       0.91654298536977208       0.84824313627175274     
  0.43775014844996524       0.50111588131994844       0.46108568369851649       0.39231272794324934       0.46774914492315045       0.40060694194335772       0.46555779090307031       0.41485494427979425       0.49396896177355371       0.44427436942306658       0.49969472841367457       0.50950009141580010       0.46277566603578862     
  0.60817673769775271       0.95461727617828396       0.90572369589186363       0.88020356339008066       0.91125598475130976       0.87065571557731891       0.90938209347154442       0.88076425230590472       0.98292085909257909       0.64588602817866725       0.91535818128067792       0.92648150951104080       0.86551883772394900     
  0.39628519232936443       0.58734868822472841       0.54479225886593974       0.47697177020660741       0.41251612911570384       0.48133026286453384       0.49421860814198137       0.43003681432802210       0.47416142029957303       0.47263914460688106       0.50978326762957360       0.52577388550684145       0.54034027094348114     
  0.66366279272494522       0.95850168333405494       0.91841885768963005       0.89602417080486663       0.92341915392794238       0.88697532032548188       0.91714647057703658       0.89714298836349682       0.98447007522486241       0.65928957558886714       0.92607810465785345       0.93632741947177356       0.88278534092873795     
  0.42260736577134639       0.48249965507281134       0.52911991640275746       0.47409559037560550       0.52968342358200404       0.44986671277750379       0.45787928775735637       0.53743652960178157       0.46241952711300682       0.40805097619346409       0.43878767616884912       0.44000791086524199       0.52757305409926702     
  0.71655257483980506       0.96303327610924228       0.93090923282684124       0.91277362310160570       0.93605226019022192       0.90343577661027563       0.92513655172242892       0.91296049806561752       0.98602281996793650       0.67374254975512582       0.93666985700904482       0.94596720217343877       0.90031677897112572     
  0.49345878854237718       0.47774405604182124       0.48782240049705805       0.51813415386927064       0.44516621097273928       0.45905091676699544       0.58517019038042017       0.55881475427501426       0.42152944049897523       0.50986836076480269       0.44121802078080119       0.51979885646211454       0.42208706971617971     
  0.76855914280923066       0.96782117971272552       0.94320459714960581       0.92881544191714149       0.94821771659542065       0.92094017700832742       0.93413994842655068       0.92773894750900043       0.98762761100931107       0.68978741745206762       0.94703693803090017       0.95501959029997385       0.91731323794551523     
  0.49803456096571885       0.47067228332024036       0.45224625332030627       0.47241872338646074       0.43434377819737430       0.54806291871699586       0.44850015050703923       0.41271404481005752       0.59658862506455024       0.41339392229698274       0.53198891561371542       0.46087500223828259       0.44901498151572067     
  0.81770434432057859       0.97309832874723678       0.95522944717166514       0.94244757422961756       0.96002947636899927       0.93736107161048210       0.94338322893411464       0.94199311886848192       0.98924575454321806       0.70781257253430141       0.95800371348932678       0.96393620342456054       0.93464980610618131     
  0.45998517819910656       0.53124532800130875       0.52786497058051973       0.45336739086002814       0.40085810779436398       0.44547270100171704       0.44969490182086269       0.49963460354609029       0.46578776220452711       0.56498710260669005       0.50845453293537579       0.44784852030846589       0.51837010084809410     
  0.86199985367299203       0.97853088509634245       0.96673965776866588       0.95643079878272763       0.97093575702837720       0.95410735488126963       0.95409477280189892       0.95637653404850165       0.99089083436647396       0.72916816493497505       0.96738207192397518       0.97261644871125319       0.95179802118447010     
  0.41736792452815830       0.66483323794129368       0.51276752496906930       0.49853537559409433       0.61495788154473585       0.50645969019570036       0.53339925189826576       0.50032376638977316       0.55481666411563169       0.42926901905512355       0.50514743585965105       0.47655024912880062       0.49172376773214133     
  0.90321019041769712       0.98408773121467730       0.97826322635958973       0.96987920714985720       0.98104705302191664       0.97003088638235035       0.96550079788098753       0.97034333343152857       0.99269302152318606       0.75955031277000240       0.97842015505492086       0.98112051460492611       0.96910856434453296     
  0.41976946796977410       0.49162521540545551       0.47443680356534179       0.48851553494827515       0.42683517659341186       0.64742952902150874       0.49438735021101532       0.47217667287231302       0.53361920115214678       0.44326950314859809       0.54994928698402357       0.45884057970604580       0.61294488102329325     
  0.94830452642404051       0.99118914956600046       0.98904030337695525       0.98480063796830386       0.99079159534279337       0.98479946820182507       0.98029409962900005       0.98509679648251081       0.99530283624955707       0.82186698813643011       0.98939135585152671       0.99062833788661642       0.98482001073713688     
  0.50113347960623944       0.53452281473589269       0.47816245296086762       0.49990548236762383       0.46240922028740489       0.44870830451123117       0.53446696606037869       0.41487991159294829       0.62766035194810166       0.42563134338601855       0.44061271634955318       0.44885542686538343       0.56740442488886744     
   1.0000000000000000        1.0000000000000000        1.0000000000000000        1.0000000000000000        1.0000000000000000        1.0000000000000000        1.0000000000000000        1.0000000000000000        1.0000000000000000        1.0000000000000000        1.0000000000000000        1.0000000000000000        1.0000000000000000     
  0.49768982059708372       0.45366835099213276       0.52164169226868007       0.50448680872514728       0.47379688647261065       0.50072627512277346       0.50378912769739892       0.52256427692564966       0.43408285471637653       0.41894343399868006       0.48753410085447740       0.45728264267329322       0.50218920275165857     
   9.6760029576393620        5.3600458079541129        7.6107297882027085        9.6177557927368902        5.2809905658182323        7.6946900683575912        6.9711521316907668        7.1132644344878520        0.0000000000000000        6.7179109048795764        8.2821900807684106        8.8674530647746401        7.1071679836666783     
   8.2136281815866159        5.9743987966341230        7.0157214099298901        9.8875162545771378        9.4485891613354482        9.6833866982154966        8.6208687802759023        8.7512288511784639        0.0000000000000000        7.2634157683946574        8.4446939593166608        9.3940083057640287        10.913660786215040     
   10.305180464260763        6.6215338567322730        8.4583058842883148        8.4053557766491860        6.9553699559052546        7.9362535882032654        6.7704669168150460        8.9432274014521216        9.0206253026344498        9.3243674361829623        9.9370828513611453        7.5708865571286417        10.659772271777930     
   8.1288610115703541        7.4441157843776731        8.1609212569004939        7.6636683826017320        7.5421288604019949        11.135083713332378        7.3961712472973238        10.132498561437425        9.3224844015937318        9.6006351196274959        9.2649472752130482        9.7332302650671743        8.0907490807013236     
   7.9403632857982869        9.2403594595388441        6.7478294142873514        7.4170002802645731        9.5888123206994518        10.003553295701893        7.5263989018309569        6.0696406642922387        8.4068536894169608        8.5493116559764655        9.7844878929729333        10.594990261200772        8.8598494127519896     
   9.4060541294960043        8.0354138188262088        9.0057939824590250        9.9566443354917507        9.0014240573645523        8.5097637331405043        9.0196935968257090        7.6719785080124847        9.9846872918034446        9.1379821365442027        8.1773372706957446        8.0002101104142529        9.2877470480356461     
   7.7380536045648531        11.396933372657193        9.7479543732650047        8.0726278659684425        9.9096322022284262        8.6016151850640590        11.340963112758844        9.5475417725527922        8.7592085197718035        9.4109008590624121        9.0600230580811427        9.5038878997587286        7.5903875654834678     
   9.4482130802967657        8.8173770915912542        10.396922604603262        10.896258395797537        10.556335655273376        8.4966773515789455        7.7900887395821758        10.047597954858334        9.1788865392850436        8.8207238168377806        9.5785600337869177        8.2134629462399023        9.2252625378474011     
   9.7482807526722392E-007
           1           1           1           1           1           1           1           1           1           1           1           1           1
   1.3023744738417454E-006   1.1573060091528465E-006   9.0121251368291285E-010   7.8802988511240581        1.1809542348329975E-008   4.4993231364053796E-011
   2.6833040385206790E-008   2.5030203646958195E-008   1.7970581481381925E-009  0.19579541145882545        1.7963872385471724E-009   6.4435985599223357E-012
   5.0000000000000001E-003   8.5035004266783165     
