   0.0000000000000000        0.0000000000000000        0.0000000000000000        0.0000000000000000        0.0000000000000000        0.0000000000000000        0.0000000000000000        0.0000000000000000        0.0000000000000000        0.0000000000000000        0.0000000000000000        0.0000000000000000        0.0000000000000000     
   8.7910978565509013E-004  0.27230876069419929        1.3635441372288748E-002   1.6623647706156694E-002   3.2383679798194051E-002   1.8403263609148214E-002   3.8576304201682357E-002   1.1615966591056799E-002  0.65680120723123969       0.21811444250708900        7.4590877427766211E-002   5.4302866975576881E-002   1.4214076430295281E-002
  0.52792263587104560       0.40502443774799801       0.45431896750868295       0.50821792965155477       0.45278108311085052       0.57605743126262476       0.54927033410486414       0.46954796373362523       0.40314479913774676       0.40404130153467138       0.42889398687011737       0.48673962039256280       0.48143353942397038     
   1.5625610960976850E-003  0.41050444402324870        2.8488728414676482E-002   3.2638876953214178E-002   6.0861147480203708E-002   3.6571179995656192E-002   7.3730789403770272E-002   2.3937671675439663E-002  0.70789482808229109       0.28681378309164213       0.11614887728922510       0.10164691527047531        2.9005792558896747E-002
  0.76544060117796309       0.56648436302580985       0.51675890537224556       0.51400171858874355       0.53431168967580200       0.48955167714061076       0.53000211791838625       0.46866069462822235       0.56074008783888030       0.48308001572812387       0.43200369608398415       0.52429352304229193       0.49448875732053227     
   2.1095075964145246E-003  0.45996419979510311        4.4527784303702855E-002   4.6946018018626398E-002   8.6845587647090244E-002   5.3516342137097467E-002   9.9633830838709053E-002   3.7038694312392678E-002  0.73933829840556076       0.32873334259738679       0.15669981393660468       0.14003013828370522        4.4124523802503111E-002
  0.59694233645646466       0.43719695564157907       0.62480958109239126       0.44024730207844470       0.48548691151242440       0.52920728015415874       0.49572297424255807       0.50860531012184063       0.48348861512411523       0.54298025044177656       0.51570318907989920       0.51931389769262026       0.45030428838945824     
   2.5812442627777430E-003  0.48759766883357197        6.1204226830989902E-002   6.1143238306629280E-002  0.11055468890676336        7.0660458881017990E-002  0.12400295501863560        5.0152619173162181E-002  0.75855160856888704       0.35650553210528646       0.19042777158659041       0.17105774253191028        6.1555862903299473E-002
  0.53125673520418681       0.43171676401814008       0.52917539041935302       0.48316957323078330       0.44860528646630959       0.52100972799009204       0.53260249202168530       0.42419537106407884       0.49777649526068707       0.50778080427433414       0.41371351067706574       0.47923692840379095       0.50350919545911355     
   3.0218981582498718E-003  0.52055825939990519        7.7381538341945041E-002   7.5488135504294868E-002  0.13157031872904143        8.8609227015985892E-002  0.14835102824510177        6.3188710487361008E-002  0.77249242173600685       0.37683314307442195       0.22087130996271614       0.20144230448290787        7.9024832457375002E-002
  0.49230985080081652       0.44201727235970312       0.54569837196627791       0.53545816677664959       0.48344704869820015       0.50014305150160099       0.53074598343264157       0.52022476016850849       0.37394024220978561       0.55515069996022626       0.50230944461472182       0.57692435227022221       0.50144824784366893     
   3.4750076205691091E-003  0.54842285628071019        9.2423591197061339E-002   8.9630869540994543E-002  0.15144039755704697       0.10622808415539259       0.17303494679516007        7.6893635367021304E-002  0.78627943473004369       0.39439550721185174       0.24682544509370133       0.23121914025226858        9.4857001733487087E-002
  0.46264582970936963       0.54289137377095531       0.49145248217030962       0.49589525449023492       0.51734904069201570       0.50562485429237836       0.51146911462519351       0.50018209554731974       0.50952050116316461       0.46526529608200839       0.53187661654719420       0.51274602181797513       0.45035718863368585     
   3.9495557997798669E-003  0.57083590763103376       0.10676089825087125       0.10240921160721933       0.17098967096915990       0.12322378985357918       0.19556426124529983        9.1978487740133133E-002  0.79932311269833212       0.41076633465585605       0.26847658665994817       0.26054508915365815       0.11086824792163834     
  0.58179645850829065       0.45577492608425230       0.46770123866223295       0.46829935751904045       0.43913465466635532       0.50341555813988026       0.62316974751572107       0.49079566457584622       0.50410019052462152       0.47148946505127909       0.41264662729426588       0.56174620587470647       0.52561354896908696     
   4.4908246075043758E-003  0.59265718519956434       0.12138126533909133       0.11441495928668281       0.19315280506777388       0.13853339815474022       0.21487454876101500       0.10655232359559531       0.81126112437906106       0.42308245782732556       0.28864589868732748       0.28969873004037894       0.12199281439735088     
  0.52013446012771691       0.46293993578931036       0.54969308682798734       0.46576658569824930       0.52236998228897547       0.60946419825122056       0.51307347504519474       0.49734885144027913       0.49763097594053340       0.56373265796407068       0.44556280496203166       0.53623123943701323       0.50080823844318612     
   5.0842929886576712E-003  0.61263692428916894       0.13652217405647718       0.13203343883973587       0.21814188225586639       0.15278796035098166       0.23438660193946356       0.11844266340752521       0.82269841071320160       0.43324165052763008       0.30796955603035814       0.30684273982402327       0.13328696322054817     
  0.60496148942542349       0.48460717483875487       0.50665644440063529       0.54324657561140244       0.50198321863378337       0.41832365121243781       0.45111631026131943       0.42213901775861756       0.51048015005769676       0.49074484379491490       0.50461264279456042       0.44016799364650161       0.41126181404755308     
   5.7499374087292641E-003  0.63079679404601230       0.15288304454997248       0.15162056305299274       0.24408431411548989       0.16701253096588589       0.25302440977266838       0.12918701295226204       0.83220818063088664       0.44221114737374834       0.32913293206260674       0.31978713879734044       0.14391448755941061     
  0.55337284390970998       0.51250564032161694       0.45577449926762365       0.58343779382073158       0.44367595154772826       0.43382464696895884       0.49367079077905113       0.51798382728361470       0.48071534089135198       0.42937216192987582       0.46146688943217284       0.57488438027893574       0.46604302103247414     
   6.4191991845642176E-003  0.64647787624232400       0.16869817719780617       0.16586247819167102       0.27092186548841762       0.17875957539945148       0.26922020627300786       0.14411207081316837       0.84106580762072192       0.45210446180159752       0.35114865302309056       0.33154652573984905       0.15589189670786863     
  0.56848812345170441       0.53057791844746371       0.51299893456600709       0.57721129763875645       0.57156690601803772       0.41258824891361673       0.41784099685609294       0.48795737870354022       0.52793182182365539       0.42618065766046148       0.55461340937335624       0.43475107864565138       0.50318150560082764     
   7.1143724076971858E-003  0.66271328464937285       0.18330509212915266       0.17836694589330149       0.29952780106127269       0.19378755623042040       0.28470870873066628       0.15752717926585555       0.84911692483824308       0.46168900878904173       0.37173310227201850       0.34377184997714982       0.16933269319504815     
  0.54255484790141961       0.51798140058803444       0.52163146118146753       0.43120231417335581       0.49884504386399026       0.44237598297296121       0.48764344896238626       0.52515724170118294       0.48776537945097515       0.47764950327496253       0.55133780114061604       0.45802910403868990       0.57879559627446497     
   7.8691676437541644E-003  0.67842870700281832       0.19702597786293979       0.19316217145182221       0.32817631453843693       0.20720569711354359       0.30216790848216385       0.17052888081160142       0.85505170186559454       0.47455170677766650       0.38997906401834187       0.35919322791013619       0.18243068440042087     
  0.60333959091802714       0.43759345647444098       0.46977784474401718       0.49298602617452730       0.65279874658175152       0.48076974536588463       0.41478996266362811       0.45992400365998065       0.45247988197283928       0.48139267826348203       0.53372170405764496       0.45933479455380588       0.46104833753277868     
   8.7189950051229197E-003  0.69058837870754519       0.20976507307931994       0.20842255084427447       0.35466544383255066       0.21958351309733670       0.31896917915888756       0.18402788194554562       0.86159957277636479       0.48577907406984588       0.40637179905450577       0.38036585412740131       0.19478335335121422     
  0.47503439489321742       0.48502253552736746       0.46945602547385229       0.64179396851223103       0.49092945312738578       0.51371569495859570       0.48848888228086002       0.55346302294158656       0.43884465072151924       0.53672735719864906       0.46996105313205366       0.50173322005294307       0.45392053586340897     
   9.6562695035216483E-003  0.70226305279891243       0.22062152263045356       0.22310345616354604       0.38096584112849169       0.23265097151813066       0.33443459038643153       0.19650443920223232       0.86748106222065102       0.49480144417458505       0.42196055532907428       0.39829706746947280       0.20791360172697915     
  0.45776551801318111       0.50193861585861377       0.54167711527761275       0.45654798417219317       0.60213624343043393       0.50197560928844820       0.49268796126101344       0.43682380568792761       0.48971995733449003       0.59001772339626080       0.43882547601642380       0.51182267954065186       0.47036077999941234     
   1.0631521717419733E-002  0.71363930936454123       0.23150960874984219       0.23639612250902906       0.40557089788526718       0.24769498699344089       0.34907097307285878       0.20966923357456541       0.87342935304301950       0.50357497586334488       0.43770646205407904       0.41405865762152433       0.22014470794073587     
  0.47894570710962014       0.42681917060704050       0.50910080077383113       0.49375446486317270       0.60639541240853456       0.52734724825620827       0.46810140309044385       0.51012015788759879       0.50071854416415329       0.44496677221164077       0.52600080202956490       0.52473917264888414       0.46732884309973710     
   1.1823584009380420E-002  0.72558308221349921       0.24401383964429629       0.24978837981725674       0.42853489980620052       0.26264516311063985       0.36375971870783541       0.22205956014424577       0.87913632276243625       0.51180138060856950       0.45292402211324001       0.43045213064126497       0.23353756731945735     
  0.48610477305598443       0.54123679555343851       0.39425903977778498       0.44518503344150623       0.53297694474526525       0.45252930516035639       0.60086778098279303       0.47243023302646314       0.48895892882919417       0.43451474442206722       0.47318717373789893       0.46743655280293778       0.45872991200748570     
   1.3144113286648667E-002  0.73635872204338826       0.25771036348614823       0.26594464775026816       0.45064500981215566       0.27792751887496914       0.37900051688453273       0.23346160542566641       0.88455170769252511       0.51908823336324095       0.46723387333198790       0.44952988724607401       0.24929262882524073     
  0.46318809381318665       0.43324225048091891       0.53170084395050421       0.48925570104338695       0.48894882012680063       0.49702450426609790       0.45888822994067352       0.43257948043058064       0.43750638148268373       0.44336888380490724       0.48483197103170739       0.56236580477538012       0.63279927133223668     
   1.4555391776366102E-002  0.74569036953006163       0.27228468719094995       0.28382706057173512       0.46893652331613078       0.29377557243731650       0.39508385895179937       0.24634265979290448       0.88964656726043956       0.52712701115559546       0.48164559787290817       0.46747260814297870       0.26404150817325328     
  0.45707294100654744       0.50960348826968105       0.51157953701299774       0.56905576948532721       0.51509544759340686       0.52271241678213165       0.41308809903960653       0.43159255917907474       0.51929832083489158       0.55160952077032777       0.48237300184985726       0.61139656323862779       0.44378976448150037     
   1.6116455576644231E-002  0.75625574648874461       0.28657638753424386       0.30196943930539644       0.48509546927254221       0.30999735038042869       0.41082037993065001       0.26331901154391962       0.89443471180559853       0.53523930197253211       0.50035045137020251       0.48183722432227033       0.27748159843257142     
  0.63459607211760738       0.50791313548661055       0.46949753494501295       0.57810628269573561       0.47422560507464284       0.54622597255804572       0.51955221435089105       0.52114968096481951       0.57312478391715038       0.47731439314670593       0.59736332981718165       0.46169611700958035       0.55867601330364625     
   1.7801009977327836E-002  0.76667464289506404       0.29973141347159898       0.31974346099519174       0.50053317908455475       0.32669186871328226       0.42234963673592957       0.28023115044409391       0.89889749284350251       0.54228831088788310       0.51721101670010827       0.49657799525701146       0.28974998886102621     
  0.50867744932505954       0.50534472460753310       0.47994722465953932       0.42992491401141780       0.46042922338956632       0.56080329544286200       0.52942487126573823       0.51358026804342682       0.43450749093553021       0.48833522341758023       0.53814675496341635       0.48178754750057423       0.43641125607496734     
   1.9544026474691230E-002  0.77587914719067208       0.31127668322322061       0.33673407044673737       0.51476705977265214       0.34275289255859687       0.43343201679089388       0.29667797833143006       0.90282846152414964       0.54905551985685308       0.53369894048313016       0.51233246841740299       0.30666684014583306     
  0.41952448316368207       0.43465429526693955       0.42462475422540186       0.48175946533535635       0.49336685254924822       0.42414043087565168       0.38388902768796918       0.63204019855129323       0.43059445836884008       0.49828618466351321       0.55417231418585200       0.46505903795825321       0.57145776926932601     
   2.1762567774521676E-002  0.78395055984605311       0.32267894370248001       0.35320888104276155       0.52813450530338768       0.35718813386419468       0.44464939766141187       0.31402882977546231       0.90645902655586119       0.55558877185366395       0.54859159843629379       0.52633824121737061       0.32755126364512749     
  0.59285470198541990       0.60060642271073805       0.49373438882369453       0.47379764199716751       0.45898102857820844       0.50731805578607747       0.43291343527896969       0.53118652645398645       0.56770539094125549       0.45754669106978718       0.47932385566117491       0.51357377225179202       0.61709514766460127     
   2.4123526951791516E-002  0.79199165776391356       0.33443306222709512       0.37057520245908437       0.54301170978344093       0.37043989738668237       0.46250392637414495       0.33216485207295054       0.91019972215688694       0.56228208549547265       0.56106885898088488       0.53826042535075169       0.34598578619902282     
  0.57008218699434687       0.43472165114376687       0.52226081000287317       0.55151578699048764       0.53561395342935714       0.53598611796205631       0.50864615107431055       0.55812171809853295       0.45985992177254587       0.40149488171221848       0.51095522544607597       0.44985454862596796       0.65149990327433771     
   2.6915990308115183E-002  0.80007639414688436       0.34670851005687270       0.38862530275145996       0.55544124647621307       0.38565942860273594       0.48215363607648021       0.35082053718084150       0.91393207884168848       0.57030826960351422       0.57558323131311084       0.54921624424126847       0.36454341848942207     
  0.52376912751820459       0.55913341106897296       0.46590531927662804       0.46943412415296570       0.40104608664997909       0.54195409852759968       0.58684241284515759       0.59061474606404052       0.54864597706863250       0.51020125143996220       0.48039813424461919       0.46004138487845936       0.61231501777892205     
   2.9988796724744263E-002  0.80785526376781169       0.35972078470488572       0.40491721977441048       0.56534367769451588       0.40067671036657454       0.49981008506659602       0.36958330790003596       0.91730556585578604       0.57710476991969795       0.59236510256361963       0.55754526859923792       0.38188514001664203     
  0.55545079313853229       0.43124842715782652       0.43839845627795987       0.51609808276224745       0.37896295574444328       0.54007107264551912       0.57840541561407077       0.61211175492686554       0.47160421060224916       0.46778869232726988       0.53606478865145635       0.42299231290591904       0.50256236792107656     
   3.3245169670285540E-002  0.81518120534663052       0.37458618227921125       0.42120093322012492       0.57448744914503191       0.41686763564129453       0.51542713196314482       0.38772347273916147       0.92048806140828165       0.58296564019460451       0.60770615143630347       0.56866132220836818       0.39622352849791420     
  0.55673246935335652       0.49306691172760247       0.53628823490694044       0.54450083954602557       0.43484140380973835       0.45129432887299104       0.56008845246685246       0.48460150663231311       0.54153809879339598       0.39166888398833427       0.49492083549564214       0.42174406487734634       0.39661063030336119     
   3.7114546899851331E-002  0.82207615254228728       0.39093793352689271       0.43653952041055710       0.58538694840156102       0.43313715471951725       0.53053717678118750       0.40586957449506805       0.92369425659400017       0.58873136929521597       0.62380412597954993       0.58069098154459442       0.41127375776596015     
  0.55655672285947200       0.44970382974175949       0.52769457046799739       0.41752721737830945       0.43675623927421686       0.52029916935141796       0.47296482422523894       0.51363039432466451       0.52936715295483761       0.48705714058320293       0.55590742923078329       0.42613157681231006       0.53125673520418681     
   4.1429161354280708E-002  0.82876432932436672       0.40813427395051849       0.45182879478795213       0.59809779095367821       0.44964126491616468       0.54608826281901091       0.42509165265963306       0.92686971182488975       0.59483992058634472       0.63967423784564681       0.59275974960612854       0.42702311274110588     
  0.50789693450323248       0.46302521146481757       0.56811537882483498       0.48475913671650855       0.43559585233624420       0.43797545301001450       0.53249767940274029       0.60786348072702745       0.50905956975264643       0.51093191885924216       0.49579985484918193       0.52359599323298534       0.48930497895330732     
   4.5938014470277316E-002  0.83524988111953524       0.42280379240089366       0.46773678546072645       0.60986546438196088       0.46678688838450494       0.56202806438300212       0.44367086520110122       0.92996045647927217       0.60167677707205669       0.65459324259263452       0.60412662028225195       0.44782314049777189     
  0.46499564196348647       0.50289229890366360       0.45958852810735934       0.49621920058706720       0.45970045581278646       0.51790380810603986       0.46917071529753612       0.60462839722651529       0.49171474868782528       0.44465283684384344       0.45737692540226371       0.47328634005000447       0.53169695777297432     
   5.0299325308398861E-002  0.84163659341918118       0.43572053967298802       0.48234995158965344       0.62592284014945399       0.48344383918457062       0.57826961678536160       0.46008704593868005       0.93277880478624964       0.60839229354279523       0.66868056755587957       0.61559792660013413       0.46208297528078218     
  0.45267387169677187       0.47072806297727532       0.51339643966962956       0.47044206006253847       0.54853629446100405       0.54152380959349811       0.55969273096335559       0.47566095162799399       0.50543801464489402       0.49467701639416911       0.49355446999420055       0.54802006871187270       0.66572269695450903     
   5.5125409916737651E-002  0.84839703919757514       0.44781567936339151       0.49569893208814247       0.63909942173582601       0.50039224143461336       0.59418403528349384       0.47707027735692759       0.93545832039002008       0.61483954974764754       0.68198992531046432       0.62719665936769520       0.47882225178820054     
  0.45332671151768389       0.51491454308588869       0.51372012408742429       0.52321031538270935       0.47898420946403697       0.47807861556891473       0.49015444499491917       0.47058279851888862       0.45778539440839766       0.58376502221821158       0.55704642917358937       0.46530557129448857       0.48132895005352710     
   6.0502299619367796E-002  0.85502216472515313       0.46167847952494900       0.51035537536752118       0.65558391243912173       0.51800995077922918       0.60838378357240996       0.49458841244382901       0.93806670952557492       0.62151549168634068       0.69396225269803602       0.63992679376615280       0.49526991731359776     
  0.45826564706942563       0.53816495775249729       0.47227132169459035       0.52413631246425352       0.50361837139650290       0.52366854537683316       0.48806274066912836       0.59007098868476082       0.45572759113955813       0.51339643966962956       0.59377541448941573       0.41888648366651099       0.52793568210189801     
   6.6426851866972614E-002  0.86128538994958914       0.47641246255090935       0.52577485451051809       0.67099949126417624       0.53202075642615243       0.62023526243159155       0.51264167367936919       0.94057201667021373       0.62819929006248310       0.70446516801383052       0.65262658094257231       0.51020246439390882     
  0.50638977418170539       0.42843111518308336       0.46421860927366609       0.52269712150554437       0.47248905262749225       0.49802737247653395       0.47148395393013970       0.51698361433302564       0.47132155628010769       0.47936266005483058       0.50124921855519355       0.46502108434431910       0.54711983615415682     
   7.3334024774789008E-002  0.86743907639673101       0.49075990780430168       0.53696566323264849       0.68738223598597437       0.54705021685484967       0.63068349224404285       0.53102163310669104       0.94293793539042647       0.63500387929390101       0.71471769110603511       0.66516313153740014       0.52678667535432600     
  0.45179026216959234       0.58004765249422374       0.56314329806557006       0.44592825187177942       0.45963994043360595       0.52239250265761161       0.52172999623228411       0.63138765634499527       0.54133257173222482       0.48915211507181899       0.51927125748089853       0.52100174645338659       0.49924338234786486     
   8.0929240857482820E-002  0.87335487400074874       0.50617840043383588       0.54893729565553095       0.70322422440878174       0.56282401990780617       0.64461374579154163       0.54925320369547048       0.94518328660692297       0.64206465472798047       0.72635776973942845       0.67693060051579124       0.54166544769037450     
  0.56744179306089348       0.60059922700927593       0.44846207339307748       0.51546672739454558       0.56195495405213336       0.46098902948378362       0.47272005733894429       0.53363906658522531       0.47631363561796547       0.57390500555642676       0.58593839333697817       0.48580185133727471       0.46913303545743451     
   8.9579616729968420E-002  0.87893904770551234       0.52286092211885027       0.56180566389166831       0.71815632348798564       0.57795788736460996       0.65833613897984777       0.56688347246739523       0.94732225192711883       0.64904468325322429       0.73784246171656065       0.68829753984277342       0.55717864706717968     
  0.63326601281568418       0.50564861820769835       0.54462142759466159       0.49281198279663113       0.54916188620066364       0.55693909915758122       0.48669651800573593       0.53626097900094760       0.51733292117338714       0.51650799067732922       0.54898427322591892       0.50209193249026396       0.61903353769161917     
  0.10032158615766253       0.88428994906960812       0.54064911009069327       0.57550106465648476       0.73249886919032181       0.59314909296556573       0.67270760026391252       0.58393012981679049       0.94940278772014530       0.65622537533570058       0.74938241290287533       0.69905568316475231       0.57510281633691007     
  0.47419001118709575       0.59125961372845470       0.48879073030134007       0.41953194855254616       0.59386534371093114       0.50718703932244058       0.51143796875420822       0.47802271972148258       0.57594508640256248       0.50090882531176262       0.46717388521447700       0.52110566529816948       0.50538219501029324     
  0.11141594322633154       0.88991660511506943       0.55815046001019808       0.58944698953162156       0.74661314882308594       0.60849162368388965       0.68670335724716436       0.60111762127489787       0.95154984265240738       0.66343491834725299       0.76136466035372419       0.71056477126015194       0.59294212322097584     
  0.49112674693232106       0.43928516596744810       0.46146688943217284       0.51214158239220176       0.49972933168338712       0.49700176176211447       0.45095629969814011       0.47347928215056762       0.49233709280615967       0.64704188200666302       0.62233526595320876       0.49884920653742587       0.52080004223985210     
  0.12324352354179485       0.89554501884467153       0.57442559384053071       0.60355444629474797       0.75997739353304417       0.62395805076504973       0.69950368810747843       0.61640397377262057       0.95383488488633761       0.67076342491035013       0.77280295210606464       0.72263737325316679       0.61051484357532082     
  0.48401907210370243       0.54681091660884773       0.45694700787308462       0.52872308007615609       0.43450871537501012       0.49066350134439818       0.46907321321689732       0.45802313731409222       0.53650665534315245       0.46593441234169070       0.51223391828006548       0.50302955785272752       0.50636405367686743     
  0.13546881862663540       0.90093383440086572       0.58931499223710737       0.61878064955309697       0.77263419848644499       0.63918128782573058       0.71163672098734099       0.62956613609413636       0.95590399387266722       0.67813147186767997       0.78191266512672797       0.73453941628433828       0.62747002624257420     
  0.49924069023501866       0.54182031228992089       0.49641229046017366       0.42392612708798333       0.61665256851169903       0.49125246122099303       0.56220183648637956       0.53705918019894405       0.57841520323349804       0.61994170845123375       0.54954824737734242       0.52064646570925865       0.52807686687659461     
  0.14805660382397584       0.90617187573018654       0.60361380090708816       0.63397750776367501       0.78506784914327210       0.65482318438584786       0.72452171066740911       0.64318182212372321       0.95775869687134407       0.68478549184608517       0.79051503607624740       0.74717636077668581       0.64356440818555616     
  0.45304643182142512       0.58990562369774635       0.47051369576434837       0.45865578012137381       0.52822358463752139       0.49092205687915419       0.61090777798961415       0.48673962039256280       0.49620032205124520       0.55367564728293184       0.47251781115533426       0.53655736870924597       0.46187317584144516     
  0.16193405209443706       0.91059088871521421       0.61850343902932858       0.64962037990984511       0.79724553173800072       0.67177031032576429       0.73692709881988061       0.65794510644197624       0.95974116216300742       0.69090250085995242       0.79941161604531163       0.75930155363848761       0.65901289557210341     
  0.43504323313465865       0.46277141585678283       0.44781912203485402       0.54460176489022472       0.59879385802294305       0.57453574695811627       0.56547269822894131       0.55859568903123491       0.54407184524109264       0.55548294151927580       0.47131791900432002       0.52169995508766664       0.52378584383354154     
  0.17982979572459129       0.91456551755477611       0.63425598510583703       0.66581222400554763       0.80896248054865316       0.68920428871540074       0.74794286230514850       0.67254289957704450       0.96149415341029043       0.69684841131186293       0.80891795616826312       0.77221793785017501       0.67362162415943150     
  0.45847005022173698       0.47577526237493567       0.60243255792007122       0.51837360444987945       0.48089878599561509       0.48046081265590651       0.49907820476041992       0.52129888932847646       0.43033628468287122       0.53283239246582248       0.52457146932511389       0.55396979225338361       0.41420520429117758     
  0.20410955869012537       0.91868208366248760       0.65098454980675446       0.68124368220774101       0.81844540762593820       0.70497114019622031       0.75909186743163348       0.68655477281331401       0.96297717726325449       0.70295636660434824       0.81851720779286863       0.78457183971252886       0.68937053178666441     
  0.45382803593230775       0.51217698240635412       0.53566621432092809       0.56569980733265246       0.51632463206407575       0.50002769900082245       0.51856853342441800       0.41842482641904893       0.50703035620184633       0.50791915679753596       0.47616634809685265       0.48838289493597697       0.46547319284346073     
  0.23518507054344137       0.92308563901941021       0.66880663371546079       0.69898722199912922       0.82535423970475008       0.71917829423034152       0.77001809934868359       0.70026863186972488       0.96440308849657330       0.70948593555675354       0.82773989082745725       0.79623398749071617       0.70618369185705077     
  0.52051140688512532       0.58128387638675783       0.51095694239826805       0.65030713500938042       0.47899989639528417       0.42501009632254566       0.43377173031963057       0.52035624189023977       0.54416876414191051       0.49520358449206464       0.48603582753267843       0.49080106052198441       0.53834155680384255     
  0.27439430326649378       0.92723586892914811       0.68589818006383196       0.71676058913775020       0.83282600783381733       0.73201398149094343       0.78008353073328363       0.71429526674133437       0.96571179531124607       0.71723785766733283       0.83532673782659850       0.80754468208179253       0.72411719882054904     
  0.47343985991780985       0.53981592988493488       0.45453256549096727       0.55687705351291505       0.47241371227840823       0.58435629475341244       0.44891572285846937       0.46882144251581676       0.43366466210381466       0.54151154478188379       0.48653142707172287       0.49250070894983694       0.52983832008994369     
  0.32649314387823369       0.93051802705984510       0.70432111420632559       0.73464484685843934       0.84125747531973771       0.74415943247036787       0.78953085656941524       0.72932092388382685       0.96740857357003140       0.72493959542888564       0.84277458927917703       0.81920201599482245       0.74183022132983889     
  0.47049854603797286       0.49195163341898518       0.54319868382794156       0.45638631979295002       0.47403782550967888       0.50432022866860893       0.43886317624406179       0.46773789797877491       0.56739231102904897       0.56283313408048463       0.47951801687368639       0.52995442512753432       0.51329372144187180     
  0.38427593894278500       0.93329298390842330       0.72560540416688213       0.75254891192959428       0.85004789404257364       0.75244948427329528       0.79923411342682427       0.74423986274793652       0.96900112586126608       0.73056712870189056       0.85128528269397430       0.83126577031790505       0.75948042903884749     
  0.51619039309697412       0.50334680206254123       0.74300795334659653       0.57537040288540475       0.52255929669023315       0.47190342800892410       0.43611335751842989       0.48934986357511151       0.60823500814841724       0.52965224552164769       0.49193849606751855       0.63079512041023444       0.49551932357233697     
  0.45254245030224682       0.93613875783101996       0.74772650857461975       0.76992427107358541       0.85920137444684286       0.76566475554907543       0.80991242658817675       0.76289858522498666       0.97076729883017021       0.73527451015509326       0.86020872183943120       0.84284390398917630       0.77654567107040740     
  0.52247951403922344       0.45693974671354348       0.49002982897501512       0.52558305905191227       0.46731764989161811       0.50620201904746487       0.47377417176806641       0.42396215952826655       0.57636863830004215       0.40436845905503954       0.53886325854832895       0.56932986111841133       0.46922610080270916     
  0.52256741066786094       0.93901409503226996       0.76936018673755124       0.78739680929835210       0.86799926501309344       0.78128741647821309       0.81933364401077002       0.78169346992434841       0.97255361813122465       0.74002721433225038       0.86934647777131480       0.85353082564218929       0.79157405836763073     
  0.46088150073473866       0.54797211893588160       0.63279275207680485       0.52012442338649056       0.47166273549368160       0.49727883773435000       0.45796211125051589       0.49916703722499345       0.46395479164114367       0.46665228169914713       0.57926096126176296       0.50010717064681365       0.46705122602651883     
  0.58812022202946801       0.94301442981233474       0.79011571765021360       0.80653023407710422       0.87792871904748582       0.79892688916796917       0.82941227386181471       0.79801298748331118       0.97435019893577346       0.74540971663412270       0.87789007860075685       0.86488787035567227       0.80676165058113114     
  0.57835982171791767       0.63372076138345346       0.57878140902742625       0.52134470343826711       0.59130282166918369       0.57231223760772798       0.54295826457246454       0.46289010678116899       0.49554920951359438       0.57744141233378177       0.48629063483095941       0.55689504464538420       0.42137648360998764     
  0.64273024761835018       0.94616238418418153       0.81037236231508314       0.82756265119250405       0.88934643617125220       0.81894411321738891       0.84036082752869490       0.81528398258688117       0.97599243598623908       0.75297625053438511       0.88613058519085264       0.87765662818948686       0.82301175372195101     
  0.40780576065415158       0.56605195806528097       0.49954621879462202       0.66141831749631586       0.52396305693492395       0.58681889622716532       0.51652823301357242       0.54167058999713391       0.55835532907690044       0.61085892950455467       0.48946058894591304       0.62425032586261686       0.43615622137736104     
  0.68152954731154503       0.95000701964563017       0.83104990084248498       0.85051065801028058       0.90072455160821141       0.83878674968525824       0.85142571155043301       0.83206845150324971       0.97768735920972061       0.76225987482903945       0.89503922577883244       0.89085966625430335       0.83935447932105134     
  0.42792765110727965       0.51824269225601083       0.51649699127374726       0.63758664022098643       0.47612320351755466       0.59456601711183577       0.55284660867350144       0.50293141899623839       0.50328605746279187       0.53994466332927138       0.44779713038027769       0.53225003918289882       0.52386720443730450     
  0.71132213552578683       0.95404149569990571       0.85182187558728206       0.87003536779867874       0.91129460150099240       0.85820367263330910       0.86239402490270745       0.85032615870497408       0.97949534277529138       0.77227637150014450       0.90417245577003347       0.90360445366033715       0.85608224618526496     
  0.48065179098704569       0.68559330219628845       0.56277182689275462       0.68751477893329827       0.48863851338681502       0.57090995179502957       0.57538070093518534       0.52688738618299524       0.46604706792444361       0.51003440684712686       0.50384918608819618       0.60466519338509217       0.43241312734798093     
  0.74475423828330656       0.95813812297102807       0.87128879159037032       0.88730569856592212       0.92118244687713313       0.87656125113753103       0.87366645753796179       0.86963141330123805       0.98132759431890382       0.78263925034031134       0.91372324634407265       0.91499423093960497       0.87249787742433804     
  0.43485795023290641       0.49390289195528980       0.56085947813849202       0.58983009295552380       0.54027953831531228       0.62988884535102074       0.54330604303263552       0.54357431181613125       0.62924234098075849       0.53092629200582020       0.43377954038111449       0.48421051512975694       0.50326482361575886     
  0.77957098997878793       0.96238472045549184       0.88897659089639691       0.90260285195217405       0.93053819472918475       0.89417047374892333       0.88537768591312127       0.88686460114525034       0.98320264968657134       0.79354053370152056       0.92343997514333198       0.92612326737844042       0.88919361616514092     
  0.49319951695526532       0.45206420772469003       0.57700845714367621       0.47355873121414205       0.56020872617663142       0.50513821256824565       0.57075869584597083       0.51012183036581926       0.56350218768587668       0.53916309584391109       0.51826536032091486       0.48353189449275774       0.55197452946235503     
  0.81817360510074022       0.96648084017486069       0.90552338689130174       0.91688704588523173       0.93928286038813258       0.90905972319256334       0.89845989071102283       0.90404142490909412       0.98494736994637311       0.80466124339678469       0.93316292815301061       0.93703799785612696       0.90630417544278896     
  0.54558632626521164       0.53027729998729478       0.53284558279958127       0.46586692409873098       0.55562805874938870       0.54342803280095608       0.50754101386515282       0.51930534357407376       0.56662756408622683       0.55589760848281988       0.52812610204820920       0.49599821470402594       0.50978821948577424     
  0.85007286830485540       0.97055915595662123       0.92091826452997083       0.93188852629404995       0.94741335133729443       0.92197110609798949       0.91049001233801208       0.91993281461794829       0.98688765452219174       0.81633437849000823       0.94305537900352154       0.94721490995086710       0.92267864018631274     
  0.44315616107587186       0.67939867672849052       0.50009969234154406       0.48237015281092510       0.49324642394347812       0.52233921811253992       0.53428703871794292       0.50267888157200846       0.56278317030036507       0.70478037575987684       0.51235380754408233       0.54552788609570435       0.56147347107505519     
  0.87787686489941252       0.97483286782297440       0.93596715582146084       0.94920804123227598       0.95614461663265837       0.93546976148757000       0.92642233039489896       0.93591579216305687       0.98874357550210756       0.82836210393919052       0.95328209092502980       0.95706950366066357       0.93737880259045203     
  0.46552384870543223       0.52773921066817198       0.43962921010729811       0.44774176739335164       0.48812394482520705       0.47480709212869460       0.70428508701456238       0.63099744676750202       0.58773388367016544       0.49458011003203850       0.46149090504518836       0.51300070283939103       0.57000382011422790     
  0.90320218444095468       0.97967016270024831       0.95400701043016978       0.96587006355863492       0.96596403714983969       0.94879644829805476       0.94147471463304810       0.95215578815125523       0.99058915598016317       0.84282881930293052       0.96424093115332610       0.96692204279835992       0.95127493733738799     
  0.48960905410291072       0.62480024081500229       0.58338986592379749       0.51339643966962956       0.58977732286328055       0.44124494445382795       0.56176079955629432       0.43788562092253680       0.63651616923844789       0.55838951543199633       0.53918097167372347       0.44605774833376421       0.54532939510099887     
  0.92801025774642942       0.98500539561168643       0.96945972189465535       0.97830185335495889       0.97712707799639220       0.96427801306894989       0.95872924962854400       0.96850131369749737       0.99275841006068133       0.86061625075515280       0.97541570981188674       0.97704085407317354       0.96693579970163868     
  0.51711414952513257       0.60474097948911487       0.47396294563159869       0.48183579055332626       0.61581927138381509       0.51390623583136297       0.54842256229088759       0.55378886609681222       0.49608004849793652       0.58292402527651843       0.63766199037283033       0.56368094934376678       0.56561899911187075     
  0.95930877816923033       0.99127406919331262       0.98527533172776227       0.98934129617887845       0.98897591538376417       0.98329340642852425       0.97889177490432211       0.98428588782388893       0.99622720725355984       0.90305703884532273       0.98794355379087262       0.98783966417084779       0.98360059325112348     
  0.52538831778163153       0.47096882165093268       0.46322199567838168       0.47124982424186174       0.60494112366925734       0.46458479721814111       0.49555038978250349       0.52855981600188451       0.57994123740540904       0.59794345523914161       0.53920468508053254       0.52178529387684047       0.64013998233582692     
   1.0000000000000000        1.0000000000000000        1.0000000000000000        1.0000000000000000        1.0000000000000000        1.0000000000000000        1.0000000000000000        1.0000000000000000        1.0000000000000000        1.0000000000000000        1.0000000000000000        1.0000000000000000        1.0000000000000000     
  0.54983256077582821       0.45465309573692081       0.48015209482501453       0.39217746535552245       0.62499622766530394       0.52370743819706644       0.55956569394299382       0.48209048948497968       0.46354031338451196       0.39522567679982412       0.67302214052118148       0.60304379303152811       0.48362751472382576     
   10.494952005985411        13.339896530265294        9.1203069095660201        12.366076642636576        3.9035945158845595        9.6268587994607575        7.3589517219255409        9.3760400680128022        0.0000000000000000        9.4624001512533003        7.5194028607087180        13.088613867840925        8.5125034055214304     
   9.7147926956817319        11.531532685440022        7.2607527604121698        9.6388712646487988        6.8807418587271467        10.318684426768431        8.2424647402118492        11.730439098496356        0.0000000000000000        6.0159612802827942        8.4298251633968029        8.0900783934850722        11.218647758717520     
   7.5405352170683422        9.4589196773997646        11.595123746212977        8.1600988385642612        7.7938844444033224        9.1067513573090864        6.4838188770379448        10.022987948396212        8.5522274124941813        7.2131585541924066        11.013242601299970        9.2278527667957526        10.396835975560322     
   11.578182465944005        9.9205574145035023        7.8322188583707915        7.7757955462221933        10.308150894530856        8.6197068214435379        8.4521491131449391        8.7908786188168477        6.9324861510166080        6.8665746436794866        8.4210536820903563        8.0314016679192459        7.1829994851601677     
   10.842787785041963        8.7586931874648393        10.518345162975651        10.123008565125055        9.1125811110918402        10.269138110638004        10.013820205715987        7.6786794812638721        10.617259075404304        9.7776870630268498        6.1715220860499276        6.1257414155359733        7.3199907752378541     
   7.7489300918625785        8.3366823384037314        7.4037624441953840        8.1286269181180142        10.166592662270775        9.2764215559256797        7.5224635342055395        8.3294510028560111        9.7622032632723688        9.3299979936327126        10.375844081568431        10.354532795344515        10.851730486149306     
   8.9991473570960245        10.155258761473057        12.197852425279235        8.5859540117761277        10.285469088281761        6.8468847788819449        12.464961528429340        8.5225846571066342        8.9421469593189595        9.7289609699767592        9.7402211955461944        9.4470088441120392        9.3633673885255018     
   9.7005443688268365        9.4855376939876646        8.2607302864144874        8.5589535326637343        8.9396450937042342        7.5868943971539231        11.468906458769700        8.4779065245065279        10.111288364604929        3.3048153041635784        7.9194714072700432        9.3452457535093103        10.081168529676285     
   4.0489792837497911E-006
           1           1           1           1           1           1           1           1           1           1           1           1           1
   2.8585380705985381E-006   2.5693061771594467E-006   9.6041955489401941E-010   8.0117396338386389        4.9308571824333557E-008   1.4764611094700022E-010
   7.1405134243924571E-008   7.4814590045180797E-008   8.6296780774653669E-009  0.27907825878357145        8.6281468183023389E-009   2.8442308510950775E-011
   5.0000000000000001E-003   9.2448051509014615     
