     
 Collinear #          13
 
 part:           1
 comp:           0
  0.99999999828513453        289.00012501438130        289.00012550997764     
  0.99999999983631760        289.00012546267340        289.00012550997764     
  0.99999999998370581        289.00012550526861        289.00012550997764     
  0.99999999999837141        289.00012550950697        289.00012550997764     
  0.99999999999983757        289.00012550993068        289.00012550997764     
  0.99999999999998346        289.00012550997286        289.00012550997764     
  0.99999999999999822        289.00012550997712        289.00012550997764     
   1.0000000000000002        289.00012550997769        289.00012550997764     
   1.0000000000000002        289.00012550997769        289.00012550997764     
   1.0000000000000000        289.00012550997764        289.00012550997764     
 comp:           1
   0.0000000000000000        0.0000000000000000     
   0.0000000000000000        0.0000000000000000     
   0.0000000000000000        0.0000000000000000     
   0.0000000000000000        0.0000000000000000     
   0.0000000000000000        0.0000000000000000     
   0.0000000000000000        0.0000000000000000     
   0.0000000000000000        0.0000000000000000     
   0.0000000000000000        0.0000000000000000     
   0.0000000000000000        0.0000000000000000     
   0.0000000000000000        0.0000000000000000     
 comp:           2
   0.0000000000000000        0.0000000000000000     
   0.0000000000000000        0.0000000000000000     
   0.0000000000000000        0.0000000000000000     
   0.0000000000000000        0.0000000000000000     
   0.0000000000000000        0.0000000000000000     
   0.0000000000000000        0.0000000000000000     
   0.0000000000000000        0.0000000000000000     
   0.0000000000000000        0.0000000000000000     
   0.0000000000000000        0.0000000000000000     
   0.0000000000000000        0.0000000000000000     
 comp:           3
  0.99999999828513453        289.00012501438130        289.00012550997764     
  0.99999999983631760        289.00012546267340        289.00012550997764     
  0.99999999998370581        289.00012550526861        289.00012550997764     
  0.99999999999837141        289.00012550950697        289.00012550997764     
  0.99999999999983757        289.00012550993068        289.00012550997764     
  0.99999999999998346        289.00012550997286        289.00012550997764     
  0.99999999999999822        289.00012550997712        289.00012550997764     
   1.0000000000000002        289.00012550997769        289.00012550997764     
   1.0000000000000002        289.00012550997769        289.00012550997764     
   1.0000000000000000        289.00012550997764        289.00012550997764     
 
 part:           2
 comp:           0
   1.0000000227671384        289.00000657970298        289.00000000000000     
   1.0000000021815416        289.00000063046554        289.00000000000000     
   1.0000000002172458        289.00000006278401        289.00000000000000     
   1.0000000000217155        289.00000000627580        289.00000000000000     
   1.0000000000021716        289.00000000062761        289.00000000000000     
   1.0000000000002169        289.00000000006270        289.00000000000000     
   1.0000000000000215        289.00000000000625        289.00000000000000     
   1.0000000000000024        289.00000000000068        289.00000000000000     
   1.0000000000000004        289.00000000000011        289.00000000000000     
   1.0000000000000000        289.00000000000000        289.00000000000000     
 comp:           1
   0.0000000000000000        0.0000000000000000     
   0.0000000000000000        0.0000000000000000     
   0.0000000000000000        0.0000000000000000     
   0.0000000000000000        0.0000000000000000     
   0.0000000000000000        0.0000000000000000     
   0.0000000000000000        0.0000000000000000     
   0.0000000000000000        0.0000000000000000     
   0.0000000000000000        0.0000000000000000     
   0.0000000000000000        0.0000000000000000     
   0.0000000000000000        0.0000000000000000     
 comp:           2
   0.0000000000000000        0.0000000000000000     
   0.0000000000000000        0.0000000000000000     
   0.0000000000000000        0.0000000000000000     
   0.0000000000000000        0.0000000000000000     
   0.0000000000000000        0.0000000000000000     
   0.0000000000000000        0.0000000000000000     
   0.0000000000000000        0.0000000000000000     
   0.0000000000000000        0.0000000000000000     
   0.0000000000000000        0.0000000000000000     
   0.0000000000000000        0.0000000000000000     
 comp:           3
   1.0000000227671384       -289.00000657970298       -289.00000000000000     
   1.0000000021815416       -289.00000063046554       -289.00000000000000     
   1.0000000002172458       -289.00000006278401       -289.00000000000000     
   1.0000000000217155       -289.00000000627580       -289.00000000000000     
   1.0000000000021716       -289.00000000062761       -289.00000000000000     
   1.0000000000002169       -289.00000000006270       -289.00000000000000     
   1.0000000000000215       -289.00000000000625       -289.00000000000000     
   1.0000000000000024       -289.00000000000068       -289.00000000000000     
   1.0000000000000004       -289.00000000000011       -289.00000000000000     
   1.0000000000000000       -289.00000000000000       -289.00000000000000     
 
 part:           3
 comp:           0
  0.99999991988285897        253.23448112260132        253.23450141102558     
  0.99999997515549877        253.23449511954070        253.23450141102558     
  0.99999999215852353        253.23449942529319        253.23450141102558     
  0.99999999752078161        253.23450078320195        253.23450141102558     
  0.99999999921601734        253.23450121249411        253.23450141102558     
  0.99999999975208331        253.23450134824452        253.23450141102558     
  0.99999999992160193        253.23450139117247        253.23450141102558     
  0.99999999997520839        253.23450140474748        253.23450141102558     
  0.99999999999216016        253.23450140904026        253.23450141102558     
  0.99999999999752087        253.23450141039777        253.23450141102558     
 comp:           1
   1.0000002110023019        31.498687388166882        31.498680741872739     
   1.0000000654322758        31.498682802903108        31.498680741872739     
   1.0000000206518798        31.498681392379705        31.498680741872739     
   1.0000000065294488        31.498680947541761        31.498680741872739     
   1.0000000020647535        31.498680806909750        31.498680741872739     
   1.0000000006529313        31.498680762439211        31.498680741872739     
   1.0000000002064748        31.498680748376426        31.498680741872739     
   1.0000000000652931        31.498680743929388        31.498680741872739     
   1.0000000000206475        31.498680742523110        31.498680741872739     
   1.0000000000065292        31.498680742078403        31.498680741872739     
 comp:           2
  0.99999989014766577       -220.62442538618339       -220.62444962229418     
  0.99999996593455054       -220.62444210662315       -220.62444962229418     
  0.99999998924818745       -220.62444725018145       -220.62444962229418     
  0.99999999660062855       -220.62444887230973       -220.62444962229418     
  0.99999999892504488       -220.62444938513281       -220.62444962229418     
  0.99999999966006992       -220.62444954729730       -220.62444962229418     
  0.99999999989250465       -220.62444959857808       -220.62444962229418     
  0.99999999996600697       -220.62444961479449       -220.62444962229418     
  0.99999999998925038       -220.62444961992256       -220.62444962229418     
  0.99999999999660072       -220.62444962154422       -220.62444962229418     
 comp:           3
   1.0000000000000000       -89.404597705607671       -89.404597705607671     
   1.0000000000000000       -89.404597705607671       -89.404597705607671     
   1.0000000000000000       -89.404597705607671       -89.404597705607671     
   1.0000000000000000       -89.404597705607671       -89.404597705607671     
   1.0000000000000000       -89.404597705607671       -89.404597705607671     
   1.0000000000000000       -89.404597705607671       -89.404597705607671     
   1.0000000000000000       -89.404597705607671       -89.404597705607671     
   1.0000000000000000       -89.404597705607671       -89.404597705607671     
   1.0000000000000000       -89.404597705607671       -89.404597705607671     
   1.0000000000000000       -89.404597705607671       -89.404597705607671     
 
 part:           4
 comp:           0
   1.0000000400559856        119.18907993755695        119.18907516332106     
   1.0000000124214476        119.18907664382193        119.18907516332106     
   1.0000000039204848        119.18907563060003        119.18907516332106     
   1.0000000012395289        119.18907531105937        119.18907516332106     
   1.0000000003919660        119.18907521003912        119.18907516332106     
   1.0000000001239502        119.18907517809458        119.18907516332106     
   1.0000000000391964        119.18907516799285        119.18907516332106     
   1.0000000000123950        119.18907516479841        119.18907516332106     
   1.0000000000039198        119.18907516378825        119.18907516332106     
   1.0000000000012395        119.18907516346880        119.18907516332106     
 comp:           1
  0.99999996260894564       -83.661458440515673       -83.661461568705931     
  0.99999998840495252       -83.661460598647309       -83.661461568705931     
  0.99999999634034542       -83.661461262533876       -83.661461568705931     
  0.99999999884293700       -83.661461471904346       -83.661461568705931     
  0.99999999963411157       -83.661461538095168       -83.661461568705931     
  0.99999999988429622       -83.661461559025980       -83.661461568705931     
  0.99999999996341116       -83.661461565644856       -83.661461568705931     
  0.99999999998842959       -83.661461567737931       -83.661461568705931     
  0.99999999999634115       -83.661461568399830       -83.661461568705931     
  0.99999999999884293       -83.661461568609127       -83.661461568705931     
 comp:           2
   1.0000001566336159        72.826866532262358        72.826855125128702     
   1.0000000485724256        72.826858662505714        72.826855125128702     
   1.0000000153305366        72.826856241603465        72.826855125128702     
   1.0000000048470139        72.826855478121487        72.826855125128702     
   1.0000000015327311        72.826855236752692        72.826855125128702     
   1.0000000004846912        72.826855160427243        72.826855125128702     
   1.0000000001532727        72.826855136291073        72.826855125128702     
   1.0000000000484690        72.826855128658551        72.826855125128702     
   1.0000000000153273        72.826855126244936        72.826855125128702     
   1.0000000000048468        72.826855125481686        72.826855125128702     
 comp:           3
   1.0000000000000000       -43.623900089965133       -43.623900089965133     
   1.0000000000000000       -43.623900089965133       -43.623900089965133     
   1.0000000000000000       -43.623900089965133       -43.623900089965133     
   1.0000000000000000       -43.623900089965133       -43.623900089965133     
   1.0000000000000000       -43.623900089965133       -43.623900089965133     
   1.0000000000000000       -43.623900089965133       -43.623900089965133     
   1.0000000000000000       -43.623900089965133       -43.623900089965133     
   1.0000000000000000       -43.623900089965133       -43.623900089965133     
   1.0000000000000000       -43.623900089965133       -43.623900089965133     
   1.0000000000000000       -43.623900089965133       -43.623900089965133     
 
 part:           5
 comp:           0
   1.0000000754667822        205.57643893984451        205.57642342565333     
   1.0000000234024131        205.57642823663772        205.57642342565333     
   1.0000000073863216        205.57642494410689        205.57642342565333     
   1.0000000023353131        205.57642390573864        205.57642342565333     
   1.0000000007384766        205.57642357746673        205.57642342565333     
   1.0000000002335263        205.57642347366084        205.57642342565333     
   1.0000000000738476        205.57642344083465        205.57642342565333     
   1.0000000000233527        205.57642343045407        205.57642342565333     
   1.0000000000073848        205.57642342717145        205.57642342565333     
   1.0000000000023352        205.57642342613340        205.57642342565333     
 comp:           1
   1.0000001034354211        52.162786222312384        52.162780826833185     
   1.0000000320755493        52.162782499983031        52.162780826833185     
   1.0000000101237558        52.162781354916440        52.162780826833185     
   1.0000000032008003        52.162780993795828        52.162780826833185     
   1.0000000010121626        52.162780879630397        52.162780826833185     
   1.0000000003200733        52.162780843529099        52.162780826833185     
   1.0000000001012159        52.162780832112894        52.162780826833185     
   1.0000000000320073        52.162780828502775        52.162780826833185     
   1.0000000000101215        52.162780827361154        52.162780826833185     
   1.0000000000032008        52.162780827000141        52.162780826833185     
 comp:           2
   1.0000001331208337        147.79761417210446        147.79759449716548     
   1.0000000412810603        147.79760059840689        147.79759449716548     
   1.0000000130292197        147.79759642285279        147.79759449716548     
   1.0000000041194128        147.79759510600479        147.79759449716548     
   1.0000000013026478        147.79759468969368        147.79759449716548     
   1.0000000004119327        147.79759455804813        147.79759449716548     
   1.0000000001302645        147.79759451641826        147.79759449716548     
   1.0000000000411933        147.79759450325375        147.79759449716548     
   1.0000000000130265        147.79759449909076        147.79759449716548     
   1.0000000000041194        147.79759449777430        147.79759449716548     
 comp:           3
   1.0000000000000000        133.02849779557280        133.02849779557280     
   1.0000000000000000        133.02849779557280        133.02849779557280     
   1.0000000000000000        133.02849779557280        133.02849779557280     
   1.0000000000000000        133.02849779557280        133.02849779557280     
   1.0000000000000000        133.02849779557280        133.02849779557280     
   1.0000000000000000        133.02849779557280        133.02849779557280     
   1.0000000000000000        133.02849779557280        133.02849779557280     
   1.0000000000000000        133.02849779557280        133.02849779557280     
   1.0000000000000000        133.02849779557280        133.02849779557280     
   1.0000000000000000        133.02849779557280        133.02849779557280     
 
 part:           6
 comp:           0
   1.0484750600134201        1.3159408135318026E-004   1.2550997765411407E-004
   1.0046463324474737        1.2609313873577008E-004   1.2550997765411407E-004
   1.0004627122392842        1.2556805265692692E-004   1.2550997765411407E-004
   1.0000462521005131        1.2551578275421592E-004   1.2550997765411407E-004
   1.0000046250189045        1.2551055814013343E-004   1.2550997765411407E-004
   1.0000004624999788        1.2551003570247606E-004   1.2550997765411407E-004
   1.0000000462499792        1.2550998345894793E-004   1.2550997765411407E-004
   1.0000000046249984        1.2550997823459751E-004   1.2550997765411407E-004
   1.0000000004624998        1.2550997771216242E-004   1.2550997765411407E-004
   1.0000000000462499        1.2550997765991889E-004   1.2550997765411407E-004
 comp:           1
  -1.5169963596560186E-005  -0.0000000000000000     
  -4.7042388294780882E-006  -0.0000000000000000     
  -1.4847622722790318E-006  -0.0000000000000000     
  -4.6943324873512996E-007  -0.0000000000000000     
  -1.4844498843921892E-007  -0.0000000000000000     
  -4.6942337294032713E-008  -0.0000000000000000     
  -1.4844467611188550E-008  -0.0000000000000000     
  -4.6942327522599983E-009  -0.0000000000000000     
  -1.4844467096304029E-009  -0.0000000000000000     
  -4.6942329262029641E-010  -0.0000000000000000     
 comp:           2
  -5.5318183429293308E-005  -0.0000000000000000     
  -1.7154289448873858E-005  -0.0000000000000000     
  -5.4142748071887204E-006  -0.0000000000000000     
  -1.7118165377290239E-006  -0.0000000000000000     
  -5.4131356659959640E-007  -0.0000000000000000     
  -1.7117805250500915E-007  -0.0000000000000000     
  -5.4131242767921534E-008  -0.0000000000000000     
  -1.7117801687289281E-008  -0.0000000000000000     
  -5.4131240890364209E-009  -0.0000000000000000     
  -1.7117802321582754E-009  -0.0000000000000000     
 comp:           3
  0.94362759483109793        1.1843467834105650E-004   1.2550997765411407E-004
  0.99459987344082257        1.2483220789034232E-004   1.2550997765411407E-004
  0.99946224996108535        1.2544248465874640E-004   1.2550997765411407E-004
  0.99994624751872951        1.2550323118139096E-004   1.2550997765411407E-004
  0.99999462497699732        1.2550930303509712E-004   1.2550997765411407E-004
  0.99999946249995064        1.2550991019249488E-004   1.2550997765411407E-004
  0.99999994625001787        1.2550997090795502E-004   1.2550997765411407E-004
  0.99999999462500244        1.2550997697949824E-004   1.2550997765411407E-004
  0.99999999946250029        1.2550997758665249E-004   1.2550997765411407E-004
  0.99999999994624966        1.2550997764736787E-004   1.2550997765411407E-004
 
 part: i_fks+j_fks
 comp:           0
   1.0000000193373790        289.00025660846268        289.00025101995527     
   1.0000000018541744        289.00025155581216        289.00025101995527     
   1.0000000001846574        289.00025107332129        289.00025101995527     
   1.0000000000184583        289.00025102528974        289.00025101995527     
   1.0000000000018461        289.00025102048880        289.00025101995527     
   1.0000000000001845        289.00025102000859        289.00025101995527     
   1.0000000000000182        289.00025101996056        289.00025101995527     
   1.0000000000000024        289.00025101995595        289.00025101995527     
   1.0000000000000004        289.00025101995539        289.00025101995527     
   1.0000000000000000        289.00025101995527        289.00025101995527     
 comp:           1
  -1.5169963596560186E-005   0.0000000000000000     
  -4.7042388294780882E-006   0.0000000000000000     
  -1.4847622722790318E-006   0.0000000000000000     
  -4.6943324873512996E-007   0.0000000000000000     
  -1.4844498843921892E-007   0.0000000000000000     
  -4.6942337294032713E-008   0.0000000000000000     
  -1.4844467611188550E-008   0.0000000000000000     
  -4.6942327522599983E-009   0.0000000000000000     
  -1.4844467096304029E-009   0.0000000000000000     
  -4.6942329262029641E-010   0.0000000000000000     
 comp:           2
  -5.5318183429293308E-005   0.0000000000000000     
  -1.7154289448873858E-005   0.0000000000000000     
  -5.4142748071887204E-006   0.0000000000000000     
  -1.7118165377290239E-006   0.0000000000000000     
  -5.4131356659959640E-007   0.0000000000000000     
  -1.7117805250500915E-007   0.0000000000000000     
  -5.4131242767921534E-008   0.0000000000000000     
  -1.7117801687289281E-008   0.0000000000000000     
  -5.4131240890364209E-009   0.0000000000000000     
  -1.7117802321582754E-009   0.0000000000000000     
 comp:           3
  0.99999997380315198        289.00024344905961        289.00025101995527     
  0.99999999749109569        289.00025029488131        289.00025101995527     
  0.99999999975016629        289.00025094775327        289.00025101995527     
  0.99999999997502731        289.00025101273815        289.00025101995527     
  0.99999999999750322        289.00025101923370        289.00025101995527     
  0.99999999999975020        289.00025101988308        289.00025101995527     
  0.99999999999997502        289.00025101994805        289.00025101995527     
  0.99999999999999789        289.00025101995465        289.00025101995527     
   1.0000000000000000        289.00025101995527        289.00025101995527     
   1.0000000000000000        289.00025101995527        289.00025101995527     
