   0.0000000000000000        0.0000000000000000        0.0000000000000000        0.0000000000000000        0.0000000000000000        0.0000000000000000        0.0000000000000000        0.0000000000000000        0.0000000000000000        0.0000000000000000        0.0000000000000000        0.0000000000000000        0.0000000000000000     
  0.13259565999425940       0.14483566991795416        2.6340790558082954E-002   1.5179934535240105E-002   2.8582668283275853E-002   1.5284854966520208E-002   1.1501937954915494E-002   1.5104862460430512E-002  0.52055867795706545        8.6255802697434492E-002   6.5765690244937280E-002   3.4384514716291364E-002   1.4426488403870699E-002
  0.27375732760851668       0.30147710899537855       0.35116106447104461       0.33264291068718954       0.34208891254702517       0.34945390769116341       0.39723292793769560       0.30621101703432280       0.26489831224054733       0.28786854567014220       0.29051603552703403       0.27940575346857227       0.33141752455637075     
  0.20858158566456986       0.19997359512989260        5.2535720180247165E-002   3.0106108485742317E-002   5.5955752873171449E-002   3.0471167309092648E-002   2.2193792229452766E-002   3.0177661854089700E-002  0.66107135261931105       0.11700790477788343        9.9618630039233325E-002   6.4047952508719239E-002   2.8857011661837111E-002
  0.27940575346857227       0.30085876033751902       0.31700568535773982       0.34116919568619059       0.38717731830831192       0.37462441166107158       0.40434906587744712       0.32597457296189991       0.33847849039542532       0.28636640947800579       0.26489831224054733       0.27940575346857227       0.34560304928106861     
  0.26379980081884508       0.23987482482286440        7.8320037372658302E-002   4.5636822614597852E-002   8.1868773608955614E-002   4.4107302597470276E-002   3.1679730794112931E-002   4.7564314045769517E-002  0.69652621042722773       0.14153950887553415       0.12589838431109937        8.1343679924559639E-002   4.5063592353364060E-002
  0.30940687808851852       0.33083074757306918       0.34291137336055039       0.34417264419214749       0.38627578043359312       0.39368294024378581       0.33939736749606592       0.34152023911660245       0.28077979425295957       0.29312794437061390       0.28808105630790920       0.28752633671423883       0.34493558812818564     
  0.30625041004015796       0.27390308365197652       0.10348084608527572        6.1637044710459908E-002  0.10681700705915188        5.7489757171895930E-002   4.0947992089819113E-002   6.5302208551689653E-002  0.72464749485696689       0.16207241909857301       0.15022186332327256        9.9658259427114815E-002   6.1940316962568333E-002
  0.34896179468385613       0.32909268487482196       0.32525913989631994       0.37589965404533038       0.38747653039867797       0.31531317125571340       0.34547620942325424       0.34876794941783745       0.30337907026732053       0.39157528695772675       0.28489029543875205       0.31317154425771698       0.40023246486527142     
  0.34011177978225443       0.28980897778316095       0.12851522355701692        7.7775932281640314E-002  0.12932644335064444        7.2415090168994181E-002   5.1297266269294012E-002   8.1202055898915756E-002  0.74709916729576020       0.17993997636926204       0.18418924754075341       0.12595186023544591        7.8451914470046402E-002
  0.29801211647595499       0.31287062649602737       0.30268468429280054       0.34777350806107965       0.33571385502950368       0.37117664569775533       0.33815207833257865       0.29986495881829517       0.27474359412856042       0.35450138696126554       0.37233882567767868       0.29967009437288789       0.36989339418539219     
  0.36995643109574811       0.29953333043467334       0.15574334426494491        9.4024154369273319E-002  0.15102525184247906        8.7235404146578405E-002   6.2321746620197342E-002   9.6886450396851814E-002  0.76551882009769434       0.19609169885504360       0.21589159628884921       0.15801163255190290        9.4768505931519628E-002
  0.33899812420935671       0.28601144666303735       0.28659115690291181       0.35544994746723813       0.35682277522045319       0.36629812198912964       0.37056002871466276       0.35030698723154052       0.36284718558398027       0.35703478166642660       0.36698728276624187       0.36217908023627066       0.34260919129291495     
  0.39572161022576152       0.30791983103008991       0.18419340830914066       0.11014201094890483       0.17300496982945718       0.10436071039104278        7.2478301820435201E-002  0.11299111831961961       0.78211507189605500       0.20893701849847754       0.24433584716759327       0.18723111262675340       0.10912915269371617     
  0.30181607293288182       0.28138311940274729       0.36024889382602376       0.37143889066521352       0.35028542368396787       0.37134484879446800       0.35243767218872041       0.33702262805710798       0.36033399694531087       0.36134774022011340       0.41660739873250541       0.36267334374533938       0.30844780989885445     
  0.42052465839311398       0.32130200310073487       0.20638782403246944       0.12665798998305178       0.19414732124942455       0.12133695380757817        8.1990976315580846E-002  0.12928186512291792       0.79607348462027572       0.21801276713437837       0.27186518012164590       0.21537407770637645       0.12366882054707001     
  0.27983797661646265       0.33874839109540100       0.34597520037458412       0.36601111715204188       0.35384488971353556       0.38920932689656756       0.34454923739960724       0.33864886366664188       0.28338109828208236       0.34036449324711615       0.41075075827617591       0.31911312799329322       0.34970192925550253     
  0.44486892422412816       0.33476684353761321       0.22780822645143378       0.14377953997738013       0.21312720592325402       0.13745503027611136        9.1472568082343414E-002  0.14680577567266281       0.80801690002170945       0.22713866223716492       0.29301492748786889       0.23415021408483347       0.14091335455415116     
  0.31940168961184701       0.36836089534064687       0.30263928249674615       0.43564723053617721       0.33767917631357264       0.32711355180329216       0.29462571637901619       0.37196310325567183       0.30908301384247777       0.42546627173550644       0.31552242424047711       0.34241802194589366       0.38148146396365840     
  0.46223805255534700       0.34850893553279749       0.24638362209219328       0.16076486042429455       0.22996525628001635       0.15318162234244739       0.10102559005927544       0.16403032963206693       0.81885509947523516       0.23610992723357863       0.31267143793880475       0.25164273879833515       0.15796060692628006     
  0.35214713478268617       0.32326482567580039       0.29057131735205155       0.29385639490895288       0.31132674802823218       0.42915993286696724       0.38907000080642762       0.35689426465740903       0.31450846209477529       0.36570035270352158       0.36591461853380230       0.34010983381427617       0.35645083996386712     
  0.47335219216395863       0.36189844865623089       0.26529283887974831       0.17802398303895875       0.24490390806698945       0.16865993764721227       0.11201823750429490       0.17974148359897518       0.82749377449171957       0.24463668616155942       0.33139825420589902       0.26748791027158242       0.17378401312737501     
  0.30055893694042540       0.36431397157538559       0.37957882885805405       0.36520390453999152       0.32615380704369634       0.33979958943002642       0.35544926699665635       0.42444488795739427       0.31464886579332296       0.33982167310090855       0.30000324078723628       0.28425217632053190       0.28561566618671808     
  0.48516549006882487       0.37498321805002433       0.28557631644036852       0.19495026252346082       0.26046448433961694       0.18432679456301895       0.12417787930682853       0.19527745735853219       0.83552150636445077       0.25275891799889399       0.34997233733528460       0.28522481484483969       0.18970982702682421     
  0.28024470427717074       0.36203202139446955       0.34367104870391429       0.29433393258055074       0.31515914782508325       0.29671521995460759       0.32430975259702199       0.42142181094787512       0.31796077398655692       0.36009392495289100       0.36632136599289750       0.32111379407992735       0.38712607189808212     
  0.49712232842783283       0.38848310576614931       0.30458772424618452       0.21109743640314560       0.27768887724382391       0.20001088150302218       0.13633516558056463       0.21119162382348078       0.84103188852622135       0.26062899238105269       0.36836787897069512       0.30384640079422626       0.20599645238110426     
  0.27409549311167974       0.30997164299952473       0.34080460565515219       0.32089020135947283       0.35221707198676444       0.35037552343473932       0.30639820888437280       0.32294736257489143       0.31590352163374813       0.40267976455681637       0.36175210256763152       0.28439360976019989       0.31359390865079906     
  0.50963410818103949       0.40158816780893475       0.32326453181227521       0.22759688288940133       0.29467668949391995       0.21569499010183119       0.14806797146055178       0.22683296986782575       0.84661016284420743       0.26814319440775713       0.38565007338887342       0.32247843152096256       0.22315014408445552     
  0.31084769533624179       0.34064776669104541       0.34740375172012050       0.35345307207902898       0.30003933905909158       0.31896071134336357       0.34710596837943747       0.31715320961052179       0.32963481200479117       0.42386723488343442       0.32164962890850857       0.30500060839620730       0.38547406556071229     
  0.52288870630250195       0.41474410459953820       0.34272967022083728       0.24606125526302719       0.31139256372050739       0.23157257755032709       0.16000489781353844       0.24082166311473494       0.85195519470368342       0.27568915909418684       0.40087213558002555       0.34126608079711035       0.23835407928511265     
  0.32171109012084542       0.33474163859485156       0.39650930893598657       0.43554371639958261       0.35634558761706253       0.36005943005491692       0.30974727663538265       0.42521887516266155       0.32977102353843657       0.35332285478169473       0.33532350835087843       0.33836314016684305       0.33167108898078684     
  0.53697473777498128       0.42643021608129444       0.36391098583003523       0.26383577931587399       0.32749410777473931       0.24752948790356952       0.17199671519616383       0.25446473762573857       0.85796109551709576       0.28239220944515847       0.41500161446284478       0.35577062675145843       0.25462439168262141     
  0.35314001504916048       0.31351981654096711       0.31728635594497639       0.38177741855386560       0.34956571543417686       0.34038330764868330       0.33541927946470135       0.31457939677368635       0.32777310994180353       0.33986547985105320       0.28569858142338639       0.30698621707048052       0.34133646110006982     
  0.55100943105767397       0.43793503254082777       0.38275488146198194       0.28100698046334499       0.34282495719466805       0.26429734923750131       0.18519974912797726       0.26954186717097695       0.86470626326378108       0.28985880872872810       0.42767014159029892       0.37001171260486110       0.27053411852581039     
  0.32391261992893822       0.32352555350669721       0.33103590030723395       0.35873302074366098       0.32862840555694883       0.37019147911744621       0.34266038413658861       0.38554646290702504       0.39982118560126362       0.37846834955077574       0.33341562054253471       0.31579705750121401       0.42445016248622675     
  0.56466942259217734       0.44895562545681972       0.40014871773106081       0.29845872765962078       0.35827106062422232       0.27990920555144577       0.19856682387624489       0.28487365107211432       0.87046211598161194       0.29565113814468391       0.44062678088323004       0.38654632053221849       0.28590589143404171     
  0.36816865389291825       0.33455793221657837       0.32192719594536201       0.32025328255883934       0.29914091459023329       0.40127903962259642       0.33315725207020075       0.32419976295709413       0.32787160399317000       0.34935181729281134       0.34656136827084533       0.32195795920540599       0.32877608624042820     
  0.57729504328564474       0.46014293980183035       0.41297448313950935       0.31196227814118671       0.37339274659214594       0.29144027382745274       0.21181573557212094       0.29469531736530230       0.87516160263924780       0.30116902483241909       0.45382387044858952       0.40382818913085022       0.29955378898354756     
  0.33945726545996785       0.43170950679265047       0.30929999998624214       0.31312642289637826       0.34904334290087030       0.29809953852452636       0.32464672763903546       0.30805191638687984       0.32737250389270039       0.28420794811966660       0.35063053349658996       0.38189636308243147       0.36303242165401184     
  0.58930884624967894       0.47124438238676014       0.42519483184056600       0.32560527004204393       0.38874238712059311       0.30325075534800233       0.22518722163372820       0.30484119025837697       0.87930814532673662       0.30707570699446685       0.46772109523862426       0.42157177342026958       0.31338704663922989     
  0.31835727306032580       0.32690120573586479       0.27940575346857227       0.32297289567238779       0.30094989631246827       0.29176613070802299       0.32525500175369337       0.31161565815578157       0.30053572166105957       0.32045922805726801       0.38476627469447011       0.34451861347097434       0.35989601693138068     
  0.60132677471124596       0.48200876718689833       0.44154736575302167       0.34050998642390584       0.40428486707818284       0.31533348287032187       0.23826028136497837       0.31438592704891266       0.88240580309493244       0.31322636716655322       0.48122394771122529       0.43889821098918808       0.32553620109398695     
  0.38978377922989932       0.34771290969436836       0.34249400487968407       0.34196419318788041       0.33367646462065659       0.40417689137597779       0.30766613843798529       0.31084769533624179       0.27420327926703331       0.32975108837250161       0.30694261719428145       0.37778587030128652       0.31212968068559821     
  0.61335258518891123       0.49316861271460932       0.45921862362764121       0.35501364461493723       0.41979457476496312       0.32774717271112164       0.25147451026288609       0.32578198506282113       0.88541597220926294       0.31683654713179843       0.49371737476195965       0.45537382895656459       0.33757110878255175     
  0.30071692832853880       0.36964485260191909       0.31113212496965703       0.30858042766402810       0.34299708606374879       0.29532185913924414       0.32716827487837491       0.31496146459800389       0.32287099842239259       0.30823361016949075       0.31857859090227542       0.37843156574583686       0.33010502163639333     
  0.62394923711638484       0.50467358683942387       0.48122724580114512       0.36288377156517709       0.43539587037588645       0.34103616829424949       0.26453170647650354       0.33890006582646609       0.88826515811041606       0.32064879620289932       0.50547012583962037       0.47164864353116259       0.34999213077025265     
  0.32366150789101455       0.41953275954219682       0.29572649375244231       0.26489831224054733       0.37932303047008770       0.32897100094971155       0.31839564382813412       0.31256599962668541       0.32865548325611954       0.37357441540608688       0.31669346449519231       0.34408601978158648       0.31925192605229941     
  0.63400775312389301       0.51377584612739435       0.50180777059150949       0.37098222010507320       0.45056723875995436       0.35392485665536000       0.27703188205504509       0.35211072550517974       0.89138867737941685       0.32427822907881049       0.51672120100159469       0.48800632238330599       0.36263677672640948     
  0.36518154635542982       0.33214749747164463       0.32112696603585350       0.29058443304601728       0.33787897570483355       0.33725104456650989       0.34258858819110322       0.33469516091769685       0.27687192035342273       0.28764946454281615       0.32631154726068057       0.39004155947064273       0.37462830604081870     
  0.64361007252174041       0.52191607964126230       0.52046057780788346       0.37838470162682930       0.46559050985900535       0.36675265910445765       0.28964743302366691       0.36647085590028167       0.89447257971457061       0.32893156218042380       0.52780564626492577       0.50344176201360835       0.37619665341898667     
  0.37712284878854274       0.35431021711818561       0.28548294766569099       0.32250036932286602       0.36751306965814784       0.32518266788054623       0.32882057813082266       0.33380503973843656       0.31779868883926438       0.34657649113639349       0.35937210382008755       0.32244058360011868       0.30704961846119760     
  0.65287019946380520       0.52980338056627163       0.53843310365812813       0.39104380879302608       0.47948169126513518       0.37731915742397604       0.30276982961510590       0.38138877082390915       0.89787696202119827       0.33422741817667401       0.53915438140423921       0.51810437442366875       0.38973730929273276     
  0.30684788576678279       0.31084769533624179       0.34626674930999995       0.35487373954784973       0.30614220375426177       0.30207082565099297       0.39280848829658221       0.42942750532296176       0.28915337956101639       0.33455036155768414       0.33947795538694159       0.38385596744760958       0.29857440665905627     
  0.66119377513267519       0.53781341382420800       0.55491911321775400       0.40418918548831284       0.49235894283673154       0.38722308736972516       0.31631847545450592       0.39686033085330547       0.90152240625120472       0.34051563499367909       0.55107563084011280       0.53258771626532564       0.40300039888350009     
  0.32026281803615220       0.40512568363594198       0.34177207006835669       0.32291730318734296       0.34777018823778438       0.31407833775942701       0.29524276606861116       0.33393125808677215       0.29960611665066228       0.29573319563356298       0.36014386108404206       0.31372175319507090       0.32151954523248583     
  0.66930413967478641       0.54620347852042717       0.57184840102527412       0.41721593714275029       0.50584015904100743       0.39547270053786215       0.32989863398199193       0.41254558298607913       0.90552684750006751       0.34705074942337205       0.56268174765716550       0.54588349722166896       0.41647001538840128     
  0.34076475758223090       0.31086855362917692       0.35576763133693057       0.43127361868498121       0.31887463614108441       0.27074344727029298       0.34562020636115215       0.36221667053597273       0.31154879756649689       0.39132209386659284       0.33643235954771966       0.36417310872741704       0.35124145014597191     
  0.67837779913344975       0.55457341499080715       0.58746857358353033       0.42992439715206360       0.52033474253156287       0.40502314738746353       0.34411719162780036       0.42798405022189479       0.90911784428277642       0.35373200627248202       0.57428136266355057       0.55961335865287121       0.43023093424199071     
  0.31903661904136504       0.37408694518316099       0.32993224981972485       0.31318256399465227       0.34713556322077677       0.31510215608624553       0.35757538941376354       0.34333519695593195       0.35220761905201997       0.33089180251721928       0.34843940454688194       0.39796084330329173       0.29470504401255254     
  0.68722465942040556       0.56306964097033019       0.60250317928714581       0.44164661974464492       0.52930028714355870       0.41565922303981634       0.35886837747074068       0.44385583861189193       0.91217707003735971       0.36026973446602828       0.58620058259396424       0.57250314385472778       0.44198910998461016     
  0.33874402286975608       0.34815699610897155       0.32910089804995246       0.28761723335773304       0.31468388871404573       0.28635161902211087       0.32528987593337894       0.36802617023836021       0.33912300979437265       0.39286627813540159       0.35037838328663679       0.32106514551672466       0.31734897110477783     
  0.69754882593673717       0.57161288882902073       0.61749044277920728       0.45357747530109616       0.53798013352186502       0.43048032462712466       0.37304008452910875       0.45989926463649305       0.91525915427591376       0.36682146594519943       0.59846884525246191       0.58478097822419972       0.45371757378828514     
  0.35193562673268691       0.32918986851379067       0.34952779709883441       0.34084844202416692       0.30373969560498354       0.36684800036781678       0.29346759833853348       0.32502452495864992       0.32431056742644854       0.31056963644205832       0.34220737130554812       0.33894693466392922       0.28832310792063010     
  0.70863869722750006       0.58070443556911666       0.63236394146015784       0.46581918001072109       0.54640745445600691       0.44610198015390090       0.38790562275776558       0.47564342610658217       0.91835027144781822       0.37356034099286295       0.61044781272285986       0.59796131369086170       0.46059264304847047     
  0.34370891737776005       0.34865176388734248       0.34273728334073322       0.33501908255405838       0.27376553036528051       0.31252253364208832       0.39971364411887111       0.34682588597118275       0.32097996368368220       0.40584101691967595       0.32704005888571930       0.32146306646493111       0.29687721531450234     
  0.71882480397167114       0.58991774645272244       0.64637104521154420       0.47593411583490342       0.55899126387701825       0.46185002313086893       0.39576913683171494       0.49186023234279841       0.92137226563205232       0.38070314227782215       0.62202496763347892       0.61091727982974187       0.46813924821979136     
  0.36902552636972763       0.35981232127657709       0.33392447553057775       0.30892169753508814       0.30706976714543555       0.32201605544075951       0.31677453237557335       0.34988400039784584       0.38491895235775908       0.35420010098307603       0.31138619775216192       0.28238762302351128       0.29335081295783266     
  0.72808277953981770       0.59951247470307323       0.66088880985486909       0.48765140255929784       0.57303264087146566       0.47684416364015925       0.40400889881136287       0.50412319439184539       0.92434582833596413       0.38831264708455149       0.63611554169930884       0.62666230249114108       0.47554814454985972     
  0.39648124459492690       0.37995392622479673       0.40512202988980445       0.29889459309028071       0.31381156548412142       0.33473726307607687       0.27098299281667448       0.32365874312693099       0.39168152241622151       0.37417230626652342       0.33233443124697237       0.42017177954584650       0.27095242572621941     
  0.73755367879996725       0.60916931820585241       0.67663537802811657       0.50215225532907382       0.58934748468747800       0.49241386497864936       0.41193468201527100       0.51442844396222842       0.92734819902077914       0.39616992582598948       0.64929940985480061       0.64344205886576722       0.48808247357061757     
  0.37427788089099151       0.34860349755630848       0.38895811676387398       0.32407662252700875       0.32807869627308245       0.35155689826239495       0.30299141365242388       0.27980674547187268       0.38211397549420612       0.38920524820773539       0.44176718917998875       0.46873063176231178       0.27940575346857227     
  0.74731332575875764       0.61910873333470717       0.69197037181293186       0.51743477795107018       0.60597783129758964       0.50840056772835640       0.42813717838884474       0.52461389809056691       0.93048239170385016       0.40481501897962419       0.66237774034328079       0.65888195617630052       0.49979090651095626     
  0.35880934959270555       0.38183877444422559       0.35611355072324408       0.36696392132390820       0.34027375329255016       0.33537519060694160       0.34177740759769737       0.30275895535826902       0.32240500407555545       0.35950396010774299       0.35162538177779534       0.32188863638452442       0.33011910419877316     
  0.75693680797999019       0.62933458728344793       0.70628556813797849       0.53418932649524831       0.62427281214188712       0.52534973770632531       0.44451916646117107       0.53633722776350845       0.93349755787880173       0.41327518385619905       0.67549910800615154       0.67263950176294729       0.51745105505809930     
  0.33556916630049005       0.35320169508207472       0.41849152075466489       0.37119634261686169       0.37531220600664505       0.35061984868767476       0.33627251620796589       0.34029077951358533       0.32653088995269575       0.34844487216046638       0.34956317249156055       0.36753961725723971       0.47730018555912529     
  0.76595632215472154       0.63977148870376366       0.72079976639970000       0.55007125865751083       0.64296575109577025       0.54239485385695907       0.46221228251572388       0.55179707532815259       0.93648615515564371       0.42153216240311342       0.68887914962686136       0.68657938537604890       0.53588895917618062     
  0.39151218345508026       0.40210056166318031       0.44135324485465632       0.31971957971635134       0.40974619773140164       0.35170340480904116       0.34755776397360671       0.37009792039680023       0.32986494008801437       0.35260879852259119       0.35654163485409668       0.44684315957602688       0.38647301668671730     
  0.77513736633861086       0.65021074323545203       0.73476462897444794       0.56618271627402295       0.66038581924948336       0.55862260506210015       0.48035952636772744       0.56746517633671412       0.93951398325531188       0.42929800140420427       0.70211663637804977       0.70383428300571416       0.55363605153689410     
  0.34011614817209634       0.31087934372369852       0.43762544695115341       0.41414424618701307       0.29324712855876151       0.38162056026017394       0.30685364538129972       0.35425921060500415       0.33968254249346636       0.32935642614465366       0.34056617311458259       0.37423180957309493       0.34462850387565869     
  0.78344614841267179       0.65995496236304463       0.74880931531541017       0.58215035128096726       0.67721766072516343       0.57410231118247335       0.49605149775450380       0.58458658085348758       0.94237963773160582       0.43821463611360573       0.71437111237992224       0.72065057074101269       0.57109748100153224     
  0.34663121592903950       0.36959470599197697       0.36433799234755287       0.33121772392075149       0.38614095271094345       0.29848933705009828       0.34135506865338261       0.30430652799737340       0.41641190650118970       0.34160151530961325       0.38870462216143870       0.37827410961463687       0.34404130141083794     
  0.79167862111947995       0.67051222221261730       0.76160401312591197       0.59992409295716187       0.69427321359649807       0.58977279418046591       0.51106718756607727       0.60157086282390215       0.94513930332261020       0.44724167059566461       0.72587378576782069       0.73499885965795131       0.58879404550835546     
  0.32556254385470557       0.36510071306767267       0.35702432223336117       0.41144665524186180       0.37940580959355713       0.35054113181923724       0.35583817779835963       0.37595866308849935       0.36583041655570891       0.35856039791842809       0.31839530592999266       0.33708633126388982       0.35353995835390117     
  0.79979200249961524       0.68055031963182244       0.77458996797083768       0.61741804214702833       0.71134573601692341       0.60775182953974116       0.52892123660293244       0.61826051376550206       0.94787164109948041       0.45600175614004362       0.73741699712399156       0.74907709371471820       0.60652230748807745     
  0.39676714344878333       0.33644050327334168       0.34374135617842921       0.34370761835745811       0.43296960550795599       0.37831894990082565       0.32665693831907960       0.33475878402176457       0.32844787577266521       0.35369691439756651       0.40353402184084702       0.37967410620751774       0.34059681598711550     
  0.80802571353958619       0.69015128998342501       0.78690016177141053       0.63469720253402218       0.72782207702414092       0.62658657588889188       0.54583664709110014       0.63450781538271850       0.95056590457375045       0.46470949319546084       0.74898214100028726       0.76184539618928526       0.62439026976862655     
  0.39154092281768604       0.32054735527755834       0.34375470948206471       0.33109500883732157       0.30079389253523753       0.36683791328887200       0.34576233019935482       0.36734154494855092       0.37472570114141357       0.32821984633251278       0.36916037891072073       0.36177371140031500       0.44587800764202429     
  0.81593305129860738       0.69946596870756805       0.79843283075651639       0.65166006586664127       0.74154544362150765       0.64435886541454190       0.56571006399585755       0.65152883560517705       0.95324980234647472       0.47332591986372446       0.76076447472456188       0.77341656981644524       0.64245429269745413     
  0.36652176868221231       0.35780271536863523       0.31393911887750692       0.40921634316624400       0.37405872385554234       0.35536783843746961       0.36075901647119962       0.32890766709888736       0.36742016203714584       0.30778138697144614       0.39071194702334860       0.36560683954254836       0.36492927257434532     
  0.82328590028939930       0.70907198340422206       0.80874157411862979       0.66664516925181716       0.75543320405772207       0.66235415587894431       0.58757300382356881       0.66858052882211938       0.95575333469497836       0.48163677898139207       0.77254975634183121       0.78476008118481522       0.66095239396506245     
  0.37437947864948823       0.34120540990155551       0.28729587821778241       0.27756027128689825       0.35805788463671928       0.41298203936459682       0.34551837704847121       0.37912971245813393       0.46580676640075735       0.31167370893529672       0.37708551084201031       0.39260427022766070       0.40281426479920729     
  0.83060798085640553       0.72154679100909125       0.81883318793051718       0.68081904813171756       0.76821998703140559       0.68020420572035056       0.60913603601910393       0.68325811314868390       0.95821302072400227       0.49028028210423813       0.78403725950164516       0.79561201945862858       0.68048482396588184     
  0.37997905610937494       0.39461487902652748       0.34312648132005469       0.34622825555610404       0.40410127385566585       0.36838207559123543       0.36358226521331832       0.35602774346236815       0.39520272491997671       0.32265740397821763       0.37106165637430816       0.29434557923599375       0.35572427039967319     
  0.83788448566549012       0.73353171129281480       0.83030869196478008       0.69525323959856444       0.78132188136284730       0.69819925734714816       0.63042455565702904       0.69833234733657357       0.96057005666404716       0.49997001266157853       0.79713942687831096       0.80630352655436521       0.69997473326523119     
  0.34340294855152836       0.33084259594811766       0.30520599658196651       0.36335144722705642       0.36570513472354721       0.40067094517190011       0.35136725911736461       0.33558987462441248       0.36903147363559924       0.35308965343640714       0.37269036374342163       0.37103021225033950       0.37637137872734677     
  0.84550976603303218       0.74555359053758818       0.84188896924710277       0.70942186999731982       0.79548557534252384       0.71607306050876041       0.65114422491449830       0.71365863960733245       0.96280862771174547       0.50971641946293988       0.80970929096246069       0.81666411747590884       0.71924880209339326     
  0.34723083791547743       0.41170073625815590       0.35792849422204470       0.35986156494930938       0.33013301087558300       0.30970477466653751       0.38942035572992179       0.34039767027373052       0.40819851645987526       0.41771527490269617       0.40456100487311630       0.32601894312439761       0.38516700776660684     
  0.85328491681721685       0.75745309985552445       0.85319092898620852       0.72389432352584393       0.80973740252345183       0.73307830233478632       0.67040487172799257       0.72877573270830509       0.96497073361756502       0.51938595575429192       0.82136008476822564       0.82693814392471510       0.73814497477497709     
  0.34354046637036034       0.39590779978698531       0.35949774326529921       0.33748263263279765       0.33437578725124384       0.32592338985056246       0.38239045678314804       0.33335030339603339       0.33866996985785497       0.34981915130797103       0.45465296114923404       0.37941097581986688       0.39359947108819726     
  0.86046603994183979       0.76839185485536998       0.86394155920308613       0.74031809688314143       0.82355418899139421       0.75040286858826521       0.68988038037640931       0.74581743787448174       0.96714498442242458       0.52930544466828844       0.83250670329581489       0.83776878294786483       0.75509721580899680     
  0.39495022682245129       0.35995201082808936       0.36271619170446989       0.41031994105075381       0.32253925535356320       0.31986652785789416       0.36285002999257771       0.38412481397097664       0.43552842909064826       0.34024226811765024       0.35497019499403792       0.33376328028594138       0.30861998988478939     
  0.86819473773838740       0.77857327857642378       0.87530188714305290       0.75655455134841243       0.83765008573198774       0.76798037177457878       0.70962872380501851       0.76251496185709566       0.96926794761900414       0.53919265032158392       0.84367197813098904       0.84930962657369324       0.77246168229390733     
  0.36334254133054494       0.38678391856958605       0.39038881389404978       0.39159824114611735       0.39181711213900394       0.35699085083326026       0.36988869779817385       0.33268402031356675       0.38689550350084362       0.38476965676412900       0.35085754647389789       0.32651170418621106       0.39442032635503538     
  0.87583513696796922       0.78923836764817068       0.88671001762435120       0.77275315096641595       0.85132622810390746       0.78580980166965897       0.72952542294192402       0.78189220067402754       0.97140639977411825       0.54887587107427882       0.85452402139982031       0.85882397391742149       0.78726806353051526     
  0.35175425448243869       0.35519584886477895       0.38441091236221614       0.33915468675836835       0.35750130852042694       0.31762457657474991       0.34219046481542986       0.35667802552834715       0.35646101182725820       0.31991255845906935       0.37505333024959586       0.33855582932523570       0.38322400977740351     
  0.88371682021007769       0.80091520034850605       0.89810971444222376       0.78968060143427632       0.86519964340591371       0.80476813339350117       0.75000811348343976       0.80084055088835260       0.97355559409553138       0.56093576942562062       0.86538788942784173       0.86823875791016336       0.80292603571270782     
  0.44799425940318455       0.35832015514483206       0.37193015002941959       0.42792183660786998       0.36576065764429649       0.31365232237334328       0.39297761966180167       0.35643364752732454       0.34644777070750371       0.37237739903131251       0.32616092729889234       0.37441423756911663       0.33490428409164485     
  0.89154134773593063       0.81283121566665939       0.90939515403631999       0.80567477887646644       0.87824666459774015       0.82401625443278104       0.77065943669635606       0.82138608942132696       0.97570582257457095       0.57259589172444714       0.87672421356220731       0.87915487590517472       0.81830836920544781     
  0.36796386398440079       0.33978449881188738       0.36498205447326998       0.37491867160037412       0.44125467996331491       0.36508200026733911       0.32318067510226328       0.39333900206454953       0.43059808694217688       0.33144244594563904       0.39540403402421082       0.40046588898556368       0.31152812892718801     
  0.89924804735988662       0.82478594828007512       0.91972747699733470       0.82193089936040209       0.89120159441192837       0.84449939879696168       0.78826459400525861       0.84272431455545116       0.97786920614894801       0.58496446618022979       0.88772252162362286       0.89053152356400189       0.83411873603037634     
  0.37205313456856792       0.37818267656542809       0.34522029990174630       0.31601805725700510       0.37900903127535496       0.42184090619763082       0.34005102091105210       0.34725396027760941       0.35956411522666215       0.37533308972807478       0.30577494400127669       0.33848755048193996       0.40531546680223129     
  0.90773344630613129       0.83700793152221753       0.92839143077835484       0.84104407854608410       0.90379766596704836       0.86515346382000524       0.80726518822756776       0.86194362299179161       0.97996961206958100       0.59779131349045445       0.89973555926214610       0.90146566404066963       0.84986161146513239     
  0.40676710999284488       0.36182339733821356       0.36920907659469504       0.33716138742426360       0.34255694144088489       0.38765342777996564       0.40012374184814675       0.36329866696209107       0.35014366478151515       0.33210305776005494       0.37882117385041664       0.33115825053499082       0.37547578113019586     
  0.91614297468068728       0.84884139435711359       0.93706125714752930       0.86007320805356191       0.91622109390418993       0.88420149676823101       0.83066057979814845       0.88029558342831027       0.98216152374170551       0.61101421893666263       0.91244130447698157       0.91203174423584310       0.86607024834256796     
  0.36486360785771998       0.33636199181364812       0.42861662268442313       0.44831296314711677       0.46616938489394844       0.40686403531623533       0.45101757302568929       0.37111474982184756       0.39514888410176152       0.37232091692216873       0.33074760909867329       0.36039498707678325       0.30396067231816137     
  0.92571812009418997       0.86131051180732698       0.94548561831284950       0.88041090946280531       0.92829009254154327       0.90404151616373918       0.85383709942030594       0.89727067214167910       0.98441659894019751       0.62538587077682739       0.92521411678670284       0.92395770029204594       0.88733571868155858     
  0.40697859898537586       0.34549869942988409       0.34798312820180216       0.37283655509119257       0.33983658351117779       0.43860171117373431       0.42623298169011253       0.33276324504685245       0.51810444893051633       0.38263579654536822       0.34554624732931943       0.35740102049210798       0.35980400123719164     
  0.93624551606610995       0.87999342761615373       0.95403353777178090       0.90144360921563649       0.93984376436504902       0.92035282826663989       0.87827708558221662       0.91268831350714108       0.98666204006376057       0.64148604568175871       0.93802031669034913       0.93681402315408702       0.90801086538195208     
  0.43334754549591403       0.39925256235554907       0.34597878042056041       0.33494183154626850       0.34903844375698029       0.38641703723298970       0.40821246335393396       0.41227411625735838       0.43910443286989920       0.36405624990274410       0.40659165105672623       0.40205248893230888       0.47224049572690058     
  0.94690929509402588       0.89804138196776306       0.96308889049762780       0.92211249037047094       0.95243818687618143       0.93585239004474885       0.90221813489358837       0.92851352390669850       0.98887427773620240       0.65995613841002942       0.95085798607994532       0.95006775920526187       0.92647832105384653     
  0.44600020123461032       0.38668911442755738       0.41496206771233418       0.39067606607801197       0.42006035238983880       0.38085825090384012       0.37658529192351947       0.34285267001915420       0.37058981895607818       0.32373406936736732       0.34037865755397656       0.45095489038950659       0.37888422843692615     
  0.95718902844134246       0.91472295918975544       0.97242541927283310       0.94225486749234022       0.96436686537648486       0.95170150947179999       0.92417202562590361       0.94590962922926036       0.99099473761855483       0.68599247371470207       0.96270089326937303       0.96447588867322609       0.94409311060829693     
  0.38657414055819167       0.34835035740585063       0.38378908566419567       0.39705441344187342       0.36213924370306644       0.39195922188660121       0.35339026056555040       0.37180282103271239       0.40279206044436561       0.38609428572824334       0.32339157557303283       0.34084472369956020       0.35433213701912292     
  0.96811000916602452       0.93223541980772262       0.98171013982227351       0.96194759921959938       0.97601504814050455       0.96696253736723536       0.94659371969957173       0.96369280443572747       0.99353292296173290       0.72630976768890132       0.97458815153727885       0.97855132169946113       0.96213036668110685     
  0.42194600865067561       0.32270953761179377       0.30053245413693741       0.31644796152252819       0.32254931991713465       0.33610454966889713       0.40294176102502643       0.42023510269723724       0.44082892310188881       0.42888187081580997       0.35607907494526697       0.40613959206881872       0.32537322555304937     
  0.98256209982914022       0.96265905052184642       0.99083347702548408       0.98098495968907262       0.98808044590250144       0.98356265878321880       0.97274432216524465       0.98176854658177704       0.99677985679374692       0.81571660001866819       0.98733788632761077       0.98904951020786835       0.98096290962172261     
  0.35740410232160374       0.32613376238915909       0.47107387522769489       0.37058579476274445       0.35409738420321357       0.33304503309909078       0.39828813068164182       0.39472741462602356       0.46807996318112233       0.33408856058867392       0.34950726830917545       0.39799351860269772       0.34633540457727896     
   1.0000000000000000        1.0000000000000000        1.0000000000000000        1.0000000000000000        1.0000000000000000        1.0000000000000000        1.0000000000000000        1.0000000000000000        1.0000000000000000        1.0000000000000000        1.0000000000000000        1.0000000000000000        1.0000000000000000     
  0.34030293680593848       0.32801130799413247       0.43329882292591643       0.32887707097202923       0.33960588364086525       0.33012589492283090       0.32682960051115578       0.36108703695922439       0.34668283975368497       0.26489831224054733       0.32263905493039308       0.35244592975329087       0.36470742102422060     
   10.815580840061646        4.3678136090277695        11.889436148883460        9.4577113906178667        15.839907783817381        9.5144928927375272        2.6507236780934114        9.6485497833900364        0.0000000000000000        8.4623561813499926        11.174730036822570        9.3170681189413145        8.6137289405832824     
   9.6215476157546131        8.7600938840707148        9.4823818108432967        6.9641703343567025        11.307417371212086        10.733798717623834        6.1790084520361122        7.3594898574312584        0.0000000000000000        8.5849367612551468        8.6985564004003688        9.7796910658514111        9.6050603554429355     
   11.590835725917371        7.4646384327492195        9.2429244499796059        10.953938636037153        10.283507964215801        8.9908627461321160        10.207660950642829        6.6923648186767259        0.0000000000000000        7.2272144984683964        10.459164718715581        8.5913435594045904        10.771215851046922     
   10.563914619869781        10.006806732613896        9.7737540412013058        8.8083997877784235        9.6731811238840084        9.1832782090420739        8.8797151437103210        9.6846861518020972        9.4061622219581071        9.8322988131687712        7.0538861176765346        8.3896646468913740        5.7503032174190682     
   8.2228315370546987        9.9356083112429658        7.2663123819918267        7.9733939519726080        8.6027664701809332        5.4040107065404346        10.121177477892100        8.0865791527726838        10.166603235695673        8.6810215671758328        11.696667787243632        6.3023048122322454        8.9721762609040567     
   11.170070327648524        8.5969799172163199        9.4100305610407009        6.3424081009945033        7.7858463501424229        9.3141466537253681        11.279578710511030        8.2670973333747977        11.239494326002003        9.3672829571205174        5.8100212867397785        9.9741035077171514        7.4192873188884958     
   8.6385373494672528        7.6069912294727029        10.778348223656302        8.3316805658535511        6.7553191826650894        9.1396897223344507        16.246952509281677        10.328731323494182        10.787420033940013        8.6531042669061122        8.4726463435911956        5.9536580700133559        8.7333983644081918     
   3.9848653087740638        6.4718312922103021        5.7625350491996583        9.2085018735509792        7.3539739092855632        8.1602189477854630        15.285440754642574        12.820060563675103        7.8377349615252392        8.3932078980137366        9.1353292092221281        9.9286258874865325        10.422682817706850     
   3.3892407370923540E-008
           1           1           1           1           1           1           1           1           1           1           1           1           1
   3.1261436714860739E-008   2.8323527482800300E-008   3.1467068198660699E-010   8.2812091263037146        8.3699981812263319E-010   1.6072386893808483E-012
   7.8408665430707030E-010   7.8514171977743315E-010   1.4815707267614079E-010  0.27596778110418263        1.4811058023420106E-010   2.2444733792207776E-013
   5.0000000000000001E-003   8.4649081100251049     
