   0.0000000000000000        0.0000000000000000        0.0000000000000000        0.0000000000000000        0.0000000000000000        0.0000000000000000        0.0000000000000000     
   4.9607261640751748E-003   1.1944152976198863E-002  0.20301818197779264       0.13921534030051952        8.2091838225506267E-002   3.1791110891720521E-002   1.7660219296903642E-002
   7.9718972037841000        2.8774128224056867        1.7234691697516340        1.6643937513803064        4.1100693764342289        7.5867338163509057        4.4431147345165085     
   1.0087321851311323E-002   2.4106615931990632E-002  0.26453318012798216       0.28550520590914163       0.14957605164035051        6.5581420370534591E-002   3.4787781538939071E-002
   5.9502229766636718        3.1028841754414587        2.4062624289654337        6.0275713280125460        9.9945729763016491        5.1556936252590493        4.7775818324664803     
   1.5457107618881784E-002   3.7402831367044947E-002  0.29464713033667539       0.33227635568931335       0.19443340809002752        9.2824158165336151E-002   5.1216692284841256E-002
   4.5840144165782997        2.5317064607674804        5.2781929701020882        6.3883953870581056        6.0409454184421500        5.1134288821422063        3.8194458872788615     
   2.0744722305063645E-002   5.0095408190964127E-002  0.31835473530083480       0.35099420264710601       0.22647896178045590       0.11986336142329065        6.7457139449361131E-002
   4.5326024730857082        4.3155061607968959        7.5798750151426448        3.6653484426228347        4.5601475692342799        5.3796938806584080        3.9028707724684555     
   2.6168928610024952E-002   6.4243720321417244E-002  0.32591767244672964       0.36801912513981466       0.25046192228092623       0.14207650226517332        8.2953109603867911E-002
   5.5798502803135053        2.6645967541551943        2.6990634955830477        3.5984001587689973        5.0635063065525072        4.9704561180397357        4.5812632254202317     
   3.1368910396385639E-002   7.8511429034377467E-002  0.33602560209854065       0.38358125463767290       0.27293647916995706       0.16322088743765309        9.8363101863878144E-002
   3.8682183101041989        3.8894095284529473        3.4843261436810384        2.9231530075058343        4.9557430821815780        4.2284199118084027        4.3792106283876242     
   3.6723619216349805E-002   9.3307915519995760E-002  0.34648204744150646       0.39696692422946650       0.29410314929639270       0.18268510312523251       0.11252649876212752     
   5.1358793219115464        4.3316961810201731        3.4021546728982086        3.9994818601900413        3.9312622609550765        5.7140618727454475        3.6080794555535740     
   4.2190326460714883E-002  0.10846719723576138       0.35661499758248777       0.40833801491367561       0.31337729048467716       0.20293540724887174       0.12644343539323191     
   4.3718464311175529        3.9818619463272276        2.8752245551907594        2.8386726541116967        4.4705289528755889        5.4498160360597527        3.1998924445023591     
   4.7816527487853200E-002  0.12382191186222918       0.36581349222260812       0.42017701166248572       0.33118035965866427       0.22261851586420509       0.14113177929515763     
   4.3188220572205527        3.1127221390325608        3.4075759205518987        2.3416957234459095        4.7849897049716352        5.1784827601071814        3.5923009978547600     
   5.3768222767151444E-002  0.13953526230335567       0.37488162131662722       0.43243281086463609       0.34882246639177750       0.24155387330859271       0.15578172447858035     
   4.2893254812622690        3.7356299934409405        3.8515779674734709        3.5114939455105967        6.1921784446890555        4.3084694049225440        3.1862908086128305     
   5.9935349124573309E-002  0.15614616279935187       0.38327833381205684       0.44487432997150306       0.36608097585484184       0.26013215187133376       0.16989177258270677     
   3.7410925540679867        5.7063289853686223        3.5293504789829835        2.7588652817121790        3.8582603180197199        5.8934897934853190        3.4235633896702597     
   6.6176171790132174E-002  0.17317941073030974       0.39185076333195945       0.45733865218179781       0.38212555982018592       0.27907178203749916       0.18388816576703609     
   3.6865991505352147        3.1414536359883729        4.5257954065912127        3.2537430929459754        3.5999758471783556        5.8766707773060523        2.6423947751033783     
   7.2334847535701199E-002  0.19034982886792931       0.40029578227471241       0.46885583566443700       0.39698093246459987       0.29869072718480244       0.19693514736545001     
   5.0001124036407765        4.6506366201839162        2.4210362340305402        4.2930609157152171        4.7205556020669572        5.3764028397652996        3.1559884362812496     
   7.8584621376522362E-002  0.20783400429399623       0.40840496152186262       0.47889180780944463       0.41216301061448274       0.31934677868107736       0.21000054326071507     
   4.0444504706132429        4.3496466608183129        3.2091376867281616        3.1498399235308256        3.9028987732976521        5.4184192925185801        3.2536219690739276     
   8.5053396933453443E-002  0.22545503184232046       0.41682064577538752       0.48883021478817196       0.42708080820939726       0.33813787313282251       0.22442711174447713     
   3.8842356805132345        3.8894169482631957        3.6263143157423023        4.7468957455330010        3.8916338445675605        7.9279721730400565        3.7675548692940870     
   9.1552596213251958E-002  0.24236475648491060       0.42543538009592308       0.49803629444972192       0.44126941103759854       0.35791276998523353       0.23904099965987574     
   4.3794260658865847        4.0782224127145605        3.8353966257669083        3.9243766715044663        5.2165959136328217        5.2371604813533672        4.3256645422015882     
   9.7985263536444905E-002  0.25820940248780133       0.43336930787435052       0.50782845621398420       0.45563599597209925       0.37675570447572265       0.25178343992034879     
   3.4494659798611318        3.6140417023356912        2.9419027768586918        3.8841556958212755        3.3247341954721712        5.6410664248083364        3.1139744504818050     
  0.10460242915759725       0.27466670355463807       0.44105133643125444       0.51724649015113222       0.46945698337925301       0.39537269099199690       0.26562162687560126     
   3.2639913073448423        3.1477880812013690        2.9477403362995571        3.8541272873099408        3.1262386474850037        5.5166908848093703        3.4365821795152800     
  0.11138246715170469       0.29094080131245709       0.44863224810039570       0.52682574734356657       0.48489256834211103       0.41228108907725430       0.28330692260310192     
   3.8855157660990667        4.7214454412984956        3.8362079864139407        3.2161509284745020        4.6997025650884856        3.4089018595459319        5.0901290451626098     
  0.11874339195781336       0.30669129324975752       0.45622446037114600       0.53649400630530319       0.50051077695239898       0.42917291866903406       0.30006165988032230     
   3.7807938138459511        3.4797467677202163        3.2043904547924478        3.8686315105271185        3.8557869984125221        5.7126153203878145        4.5880729614114664     
  0.12624062527141849       0.32236675290341416       0.46388479031981877       0.54638173980757110       0.51451330806355133       0.44428227339764464       0.31626378743275801     
   4.0765410962772446        4.0213821346797269        3.0033620286007192        3.9873240514653725        4.3986629197222662        3.9805631939446187        3.9965773526153843     
  0.13349478427892852       0.33750746995118885       0.47179271361042135       0.55657501458921288       0.52854339822903951       0.45976441743530050       0.33229292488073453     
   3.6778168050513376        3.4910030056648513        4.3219262147890074        3.9893403389502633        3.1823785301302596        3.3426833380936749        3.6598839028452930     
  0.14093178562876024       0.35241801481421720       0.48023108041808821       0.56626139131546682       0.54265048398945137       0.47326879737612065       0.34853958564769688     
   3.6036480847088397        3.8928959284522966        3.0501001889320389        3.8554357225460296        2.9508328697044859        4.1982617773524824        4.0954993359432237     
  0.14863954182247327       0.36868060773665545       0.48880996229143631       0.57557838358249480       0.55692586483598161       0.48703348446035089       0.36544944191924722     
   3.1037645115385293        4.4499851590442221        3.0321112288820706        2.9407179456649768        5.0725591508760584        3.8579357397570160        3.2837684846124549     
  0.15624825360439226       0.38482130560487843       0.49753041863532965       0.58453818411301572       0.57056855290433284       0.50140517451443301       0.38316837087865940     
   3.9608968518354093        3.5034777484646571        3.6132739803348555        4.2640973827080604        4.9130645359908955        4.0792470275800232        3.4934455134715341     
  0.16498800820624912       0.40032874162378623       0.50636183125251921       0.59295458456846883       0.58437007545325581       0.51541787493149083       0.39963316279761052     
   3.9213916235105635        3.6375818171052656        3.6407577922426575        4.0791961930270650        3.2682114521396692        4.8449369383144099        2.7565839660077471     
  0.17416842372995811       0.41525926626706638       0.51500577395105440       0.60041576683945785       0.59867315511096386       0.52807174067738705       0.41444611140517779     
   3.8900259451945929        3.1271933630667981        2.7301472152605251        2.9166699263940070        2.7622863703533342        4.1228940041779527        3.9840626596137945     
  0.18308555070609864       0.42941336353101778       0.52359359026600216       0.60672300863103013       0.61256878084485544       0.54132957377656821       0.42885410197336543     
   2.8588430138808794        3.4044060943769723        4.8174415826950314        2.9632520708493200        3.4924135176302968        3.9927672727194885        3.7401698383751341     
  0.19202644653010695       0.44421889332193315       0.53257779084360313       0.61348256653808031       0.62560183972153882       0.55651350576066860       0.44280103535133719     
   3.9599484253886392        4.0638235427771709        4.7749671218283272        2.9863988424908703        4.6760872366251167        3.5702372068241210        3.3911334705678198     
  0.20109899666470796       0.45892151637734097       0.54165502930488085       0.62104225882306519       0.63765717355943519       0.57163642422728389       0.45766655366218933     
   3.6081189968149032        3.6662574658024059        3.9382472476672112        3.2048103985940077        3.4300519704787376        3.9168503633891745        3.3353048195167596     
  0.21046463126675649       0.47333827699292552       0.55018073521262245       0.62868119903662256       0.64722028532635956       0.58618670078229917       0.47530283702991644     
   3.3901428092086938        3.9192339391578637        3.3708285027504159        3.1207525624349759        2.5353281627635256        3.4920387106293447        4.0764026125099626     
  0.21956204621906525       0.48796753363602163       0.55884699134346061       0.63644831841680871       0.65755332085335971       0.60025188490172288       0.49186580381748790     
   2.9225012783668092        3.8513800482963285        4.4458647678282563        4.2455834358664024        3.8331746947834699        4.0967747658093190        3.3923592172248789     
  0.22860317079054920       0.50379617248381758       0.56673103390951896       0.64395361338456147       0.66816177939174715       0.61294113577255793       0.50346225165039937     
   4.3135919046487023        3.0395261847927371        4.0229006628940640        3.6635808117000903        4.1830389078210786        3.4557730612186921        3.2113354808593013     
  0.23889661902441828       0.52049697566426789       0.57448947878763390       0.65115477833860291       0.68081866080197706       0.62549943624891358       0.51639490004945754     
   4.2088384411947395        3.4800337062563376        3.1293920352578133        3.8014835402709042        3.4774454209210206        3.0898586173717746        4.4202358851692409     
  0.24939046390574385       0.53741817779930534       0.58464212311914854       0.65852730735671938       0.69427143815832237       0.63819669237184806       0.53024901558203985     
   3.6689125610946753        3.2191868502051650        3.7176550441146379        3.5662188053376855        4.3041456320253531        3.7558357665728472        3.3942826066596496     
  0.25920431681558065       0.55430201355547881       0.59471293521176982       0.66590245048190866       0.70681716384824200       0.65175125882358009       0.54446046399903447     
   4.3416010869933324        3.6256658576251302        3.8985059550794716        4.0898735342495920        3.6754092318864044        3.4587319229663853        4.0501990489106321     
  0.26847744769754983       0.56977602573271569       0.60470537624662812       0.67316147973430296       0.71878376116486964       0.66448114377335643       0.55908485303206512     
   2.7993524076215039        4.6792177442335730        4.9774986698468711        3.2494158672202120        3.7149302734706624        3.3504156992214971        3.6639376051848322     
  0.27875989671059248       0.58406423644026850       0.61381485307620498       0.68056662876682306       0.72989700115378398       0.67767757310631038       0.57386142426663544     
   3.0848747922514015        2.5000464307684722        4.6988569682525965        4.6797238429654575        4.0405136296990278        3.2676251923231017        3.0687396563975193     
  0.28918308873532517       0.59917083341639543       0.62322609318651534       0.68786741618792857       0.74051368781367477       0.68842165363589369       0.58959089937670650     
   2.6638682414293364        3.6717627460274675        3.5039608437550598        3.0939648088320792        3.8043575114492523        3.4192313674635764        3.3368920240881548     
  0.30090017461073071       0.61484116566993119       0.63219895818332095       0.69489340085848261       0.75091977367701135       0.70013810782643793       0.60578956190566935     
   3.3737626974462795        4.2533680478039173        3.0228996193907829        4.3353386903819251        3.7251520402837772        3.4199271856600610        3.7972956109836913     
  0.31246209662882113       0.63250571698718527       0.64195028773149154       0.70189233271379403       0.76114712124519124       0.71391257441365230       0.62135028728394759     
   3.9357897421320880        4.1187177948635485        3.4897765823340436        3.7339077549535156        2.6330240047514253        3.0922827062171439        2.7352896580045396     
  0.32440425550235769       0.65102486432817397       0.65174083538258520       0.70888446939555239       0.77129713559773716       0.72786158347137619       0.63680881273188039     
   3.3536321745700017        4.0226221220233818        3.6608756627002710        2.9149998466111584        3.5577565064365784        3.1180829958871823        3.6132854199923825     
  0.33621944031720191       0.66769815251995746       0.66239012048844992       0.71560791598870777       0.78162039725352306       0.74232623931230668       0.65245465388284418     
   2.7359606592746757        3.1154929290545139        4.7237289116189416        3.7805202679865100        3.2773995720136067        2.9569127619094315        3.8570592237533381     
  0.34884797165203196       0.68353622694600324       0.67303194293094315       0.72217758105861618       0.79250442155508938       0.75703773528605134       0.66943507587857387     
   3.5141060873094498        3.3005808272083810        4.0507834125212430        3.7049576022035802        4.9553680563497595        3.6776177389093534        3.8085465510768941     
  0.36081324004615251       0.69897175061637418       0.68385738134969554       0.72806356199080902       0.80372208086138519       0.77164022045673442       0.68731831336137639     
   3.8612091666552981        3.1711409784117932        4.2563733154853161        2.7083683562453111        4.2902529167845653        3.3295039408995759        3.8854427255209312     
  0.37043706698483969       0.71352410310026004       0.69465075507554952       0.73343587122624898       0.81482115715529679       0.78565935698744704       0.70397242136169058     
   2.4912645535469511        3.3864743332482603        4.7045616945560766        3.5637859035833985        3.4785847565404917        3.2024825621246285        4.1816716732352823     
  0.38164166047709891       0.72821875879717202       0.70655719048954579       0.74065237208563373       0.82591923420803548       0.79871746186328840       0.71963388773096948     
   2.9520415381997571        4.0318484136331625        5.1262095589989265        5.1258801485672434        3.6760532647023485        2.4577735012875324        3.0911672505224419     
  0.39582935549755238       0.74223697071410966       0.71830733584717343       0.74830665363440141       0.83671125995711926       0.81074911569641550       0.73540340885076727     
   3.0337409209042558        3.2593455936721982        3.4889881029870091        4.9565991994377665        3.5304357183581749        2.3585475991833116        3.7558051209972971     
  0.41075580570814785       0.75801279928057941       0.73189676490342181       0.75539835995715998       0.84713610492141522       0.82225958872257476       0.75167850391523139     
   3.1819988729735287        3.6744531676194256        5.1996842057722992        4.3221109858791511        4.4564155170897237        2.4908825999156998        3.1231437581002033     
  0.42844591779438712       0.77385733302138171       0.74547408566117979       0.76193788841552967       0.85729138932867255       0.83387266411672956       0.76816405190701098     
   2.8148326526370919        4.9850935931849198        5.4489698115876033        3.7214765313871370        3.2781721271925690        2.7416500928931860        3.4082529016263141     
  0.44792146904358715       0.78975493635248661       0.75972972744427103       0.76819680709786065       0.86686489440541037       0.84586085115860343       0.78522770958643706     
   4.2730716019824264        5.0692699241489612        4.2254307179787434        3.0600829498196940        3.0049278595083364        2.8169237864490149        4.8311947225376848     
  0.46950075461425966       0.80587940082869225       0.77431033269204796       0.77449665038188420       0.87601281782741125       0.85874479520873892       0.80282782287817889     
   4.0168667006985883        4.5908772606055166        3.2234817069383159        3.9286755868720165        3.8239120213415894        3.1163022546944852        3.9383651480608899     
  0.48961217249047068       0.82356251906771383       0.78894691466035860       0.78090687509702938       0.88466136837365728       0.87266726401535566       0.82036044852750334     
   3.5300758243161159        4.6001366249485773        3.7500384164966962        3.0167394206632419        2.5241261462497047        2.7508989384566283        4.6831676581972115     
  0.50856772853496657       0.84103347425977915       0.80411688274263837       0.78758132708587014       0.89387886414900741       0.88603460102465126       0.83802354804535761     
   4.6290969630376662        4.4839196311753646        3.5947907015194880        3.8601457473743417        2.2433363689840320        3.5857567306962546        5.0609066317730447     
  0.53615260943110044       0.85715493397018305       0.81875097019358145       0.79479431238173781       0.90286947493276759       0.89868123204942463       0.85706127594585091     
   4.2381041590349007        3.4255001081116445        3.3298919657159241        4.0911590642124702        3.1170136757938263        2.1438445021982369        4.2640954977824022     
  0.56413478722584487       0.87373673420809195       0.83266895961167264       0.80227973359992988       0.91145500952650527       0.91028899921290685       0.87530692010409505     
   3.4586635741203673        3.5165103287111839        4.0639831247926654        3.8917596325815742        3.1474168400565778        2.8894501501874603        3.8165470901363086     
  0.59107468599415802       0.89080739050841495       0.84769541329897025       0.81197132261726601       0.92089589880153577       0.92089724006683460       0.89197502552482621     
   3.1209819417666540        2.9091883753131831        5.2811350091726164        4.0075955856254168        2.9389956745206289        2.1860669062239073        4.8675494902209495     
  0.61532115591319791       0.90782620311385953       0.86331610277388826       0.82290427360790930       0.93008369511492595       0.93137436842264587       0.90774551553886562     
   3.1772577125777968        4.1988279005659326        4.2742928680923518        5.3463848314478142        3.0099554639629327        2.4598331809547926        3.4040088757146814     
  0.64512868316401650       0.92233108974200839       0.88076372450236184       0.83412716389561303       0.94179689366610875       0.94229557940579589       0.92104718177614009     
   3.8693521779325399        3.7001213525190368        3.2543690992234295        4.6508976118530105        3.1781223239523926        2.8052335396145138        3.1209414718839414     
  0.68066604722967694       0.93748848640772553       0.89893938025615006       0.84627029562937695       0.95296550614004238       0.95341330790933665       0.93501223416659640     
   3.6700363061476917        3.4442013654994690        4.3701354767417024        3.7341346644522813        3.8620693079081372        2.9521113066947051        2.9326083051839342     
  0.72716223531401059       0.95440085546248388       0.91850892047301846       0.86242192287519848       0.96363342854420497       0.96461172664960759       0.95098780150053763     
   3.3668015938669047        3.6809023605444793        3.9312744876393912        6.0164361540290665        2.7509528534691099        2.4374019395693773        3.9468604206704820     
  0.79851338587840470       0.97020005081766136       0.93939316661408656       0.88658755557533153       0.97450181073080999       0.97572588818170358       0.96714816273598148     
   3.4991334373412255        4.3615370629616788        3.6708120005149212        5.2635985094263482        1.8902882715492391        2.1393141930673414        3.3824248637535206     
  0.89156461363583694       0.98524063166865750       0.96832245144102491       0.92964000674432012       0.98688035920562134       0.98792955793014181       0.98367485489216588     
   2.6681923676866752        3.6320895166149971        4.8338126806003929        5.7451078639053348        2.3086404122917896        1.8423569567089493        3.3031685676366038     
   1.0000000000000000        1.0000000000000000        1.0000000000000000        1.0000000000000000        1.0000000000000000        1.0000000000000000        1.0000000000000000     
   2.6692140927067185        3.6040751071799724        2.2579419314500480        2.4202124523028012        2.3683105096824764        3.0122414198440119        5.4527792206952173     
   12.291915525167070        7.6769967752068196        0.0000000000000000        5.9624918102853668        7.9129145890542842        7.6657226458455288        8.7810335775234716     
   7.0387302052944536        8.5022275672602738        0.0000000000000000        7.2474057167621160        8.8843069874393201        9.8322970718769298        8.6166888438070650     
   5.4832000858007932        9.4351599184511414        6.2441154746362999        6.7110319754593020        8.2495715957645945        7.7397508832633291        6.7969027392063008     
   4.8793475220189233        8.2444874332577829        7.1213471614859669        7.4169159995677143        8.6483830360899585        8.3824684354172287        7.3070810178798737     
   5.1935640136522574        7.9850770845378367        8.3826121779315237        8.1909832975284900        8.2473184553791761        7.2384476242166045        7.4631862317694360     
   5.7706332898457049        6.9882776798406363        10.246313188270657        8.0858536503197396        7.2607095193935622        9.0305374139006851        9.3798795018800440     
   6.5807252068986877        7.8927205275823882        9.6316941645463103        7.8705298693201104        7.4843254894606668        7.1179063572784456        7.5678779315765929     
   8.0989920397628392        7.8122692834654375        8.9262265265101988        15.615255522830820        8.1090773234741693        7.9346820301536143        7.1941145903482671     
   87.975141208250918     
           1           1           1           1           1           1           1
   23.489760899355467        19.857246435959013        7.4195254604053282E-002   7.3752351403781056       0.31423587988267915        1.0909241938014567E-003
  0.11827167896800159       0.11847692615156841        9.9377250383707698E-003   1.6970577541175560E-002   9.9364697173574251E-003   1.4485512775652790E-005
   5.0000000000000001E-003   8.0075653117281185     
