   0.0000000000000000        0.0000000000000000        0.0000000000000000        0.0000000000000000        0.0000000000000000        0.0000000000000000        0.0000000000000000        0.0000000000000000        0.0000000000000000        0.0000000000000000        0.0000000000000000        0.0000000000000000        0.0000000000000000     
   7.2256002073205525E-002  0.22399135206816514        1.9645122463162183E-002   1.4337814940782930E-002   1.4291793445817063E-002   1.3734482179151993E-002   4.8489997687913783E-003   1.4055082371742902E-002  0.56083159801129523        7.7075645271011392E-002   6.5609022861161478E-002   3.8348406896659568E-002   1.2800727007935792E-002
  0.35603510397726890       0.39075168726617221       0.37332607169173260       0.43112383420936046       0.43502670534598598       0.40389100148429030       0.42124979158718751       0.41617894044025489       0.33150636949912921       0.36881127059425362       0.36881127059425362       0.39625422854849884       0.44804679563559630     
  0.11212418614320818       0.33167377574641543        4.0779253706451607E-002   2.9191062764109418E-002   2.8697242240864819E-002   2.7219721582230516E-002   9.6204312189789535E-003   2.8482050295207409E-002  0.69692637123895274       0.10594612505436847       0.11588809976864327        7.3392024471166079E-002   2.5579856706481559E-002
  0.49124553188275838       0.36881127059425362       0.38243996010377068       0.42475180477547092       0.47056442003101662       0.41333649934130456       0.45583885458070589       0.38425180622926935       0.36244428413106572       0.37497551452956540       0.36583518217354000       0.40359453602660422       0.39973907439518319     
  0.14071975274784976       0.39852231366385732        5.8451924956765988E-002   4.3480825178002343E-002   4.2623507900490909E-002   4.1567891169430007E-002   1.4242331547414284E-002   4.3313670459779803E-002  0.72829449677771951       0.12711747247958297       0.15505342514916570       0.10704896856894192        4.1390544495622142E-002
  0.53545942245629830       0.35162480692578013       0.42823186230294441       0.45408572110093903       0.46257285331207532       0.41853599879426978       0.39909640565097398       0.39770840764949500       0.37564587058637433       0.41148381062062478       0.37703065760125609       0.42277915436003366       0.46825064494864693     
  0.16582274228212140       0.44110541078702337        7.5034624373002817E-002   5.8734476471985889E-002   5.6240930195632810E-002   5.6089095260861949E-002   1.8769381702918576E-002   5.8151506189954731E-002  0.75775416325899181       0.14374441817986963       0.18649366056245087       0.13765093244137466        5.7885510602866348E-002
  0.50406632033903342       0.33536366328756861       0.42640140858000558       0.46113948285113049       0.44293352977770101       0.51480673297425328       0.40776935670478776       0.40368583576429240       0.37222310307712680       0.45621209843194988       0.45937565471505287       0.44236014638739718       0.51556586453290176     
  0.18932970213082984       0.47249083833462324        9.3089245411954097E-002   7.2893314059588182E-002   6.9746344990984893E-002   7.0046157114065408E-002   2.3488118986410476E-002   7.2816630931360607E-002  0.78258114097802323       0.15953945786707105       0.21639976216447090       0.16544419173823044        7.4909725016672174E-002
  0.55404241888882955       0.38411490591683117       0.45852235163956168       0.39062096760683718       0.46522716979165313       0.44029140408971740       0.42253651980352736       0.42170563296859287       0.39283870624290018       0.51655118901841679       0.44481002087517835       0.40989666417974507       0.43745348157786046     
  0.20548209971729789       0.50184913063818370       0.11096206807552798        8.7599083044210865E-002   8.3307405250142255E-002   8.3436543639343760E-002   2.8562787608138948E-002   8.7256247612207072E-002  0.80362709155161771       0.17447058011848710       0.23982043332089958       0.18994248893578453        9.2259407224688811E-002
  0.48968058058219033       0.42909888826189813       0.42502924843272361       0.40387346626494947       0.40319646932622422       0.39602131279789055       0.43244760125579246       0.41789139995728336       0.44266604135062076       0.51823642906428924       0.39231646223652450       0.40844107429941812       0.48798697521897022     
  0.22172572882223870       0.52862075601263225       0.12906919444276488       0.10218753073245060        9.8122441106171868E-002   9.6723127633332837E-002   3.3935889824624456E-002  0.10114825328959264       0.81704342627238213       0.18826132352107852       0.26433608831112149       0.21370745444460590       0.10658346715311932     
  0.51424667726229334       0.43650510122660841       0.52112220950149157       0.41431657172116676       0.43834027596895653       0.44381892419404262       0.36554786130314515       0.46938461535490822       0.38031420073094818       0.54245698954127586       0.55514594094959391       0.62287874010564881       0.42508784109436193     
  0.23394074078365257       0.55167278740978187       0.14608518439099669       0.11636762610417835       0.11299033248559623       0.11127395964627826        3.9384374780125776E-002  0.11462848516643229       0.82919394000927105       0.19996307910255268       0.27940800277603828       0.23404916738113682       0.11960285180956494     
  0.54759239351392652       0.39402882778264586       0.36078239234303250       0.39427376428646771       0.48754784426163617       0.36202484253766437       0.42773665748394707       0.38380373160717401       0.42251736638707005       0.58551144055913262       0.44829375560640289       0.41976349053820622       0.47110983975746801     
  0.24499509385259244       0.57370837248222750       0.16124254461421519       0.13009852029365265       0.12750219068614183       0.12665276371699205        4.4595497070718318E-002  0.12747668210467175       0.83991923469472274       0.21169257324444857       0.29501052803254363       0.25495244138091444       0.13356105599280144     
  0.40575911139183723       0.41200728357709487       0.46535653465920535       0.41367105033627510       0.48385024025803897       0.41722508290198973       0.48120202758797420       0.35503405631099089       0.35560924014709255       0.40923391925575403       0.42116740325721291       0.38711170399364619       0.41087036333459798     
  0.25635807476571509       0.58904435098417618       0.17541888623836116       0.14392748268801794       0.14220601396029336       0.14163322033273412        4.9792984959582988E-002  0.14063272496195151       0.84920134800906943       0.21918116486128489       0.31154966611191492       0.27442120286785515       0.14751021861612215     
  0.45211977651837804       0.37533869089925931       0.38400481118447821       0.38982303685185282       0.49679040554357629       0.43103083763585365       0.36796909934388156       0.37198941648686085       0.36374681441404433       0.42854435820940678       0.40498229657117352       0.41531282834061550       0.46587925353544496     
  0.26768326486463778       0.60505049421265966       0.18873598663906607       0.15850193361102527       0.15616792048655384       0.15624704609548887        5.4894056053915403E-002  0.15457692454064875       0.85824193385210878       0.22625038101114706       0.32787839642311190       0.29301802181516950       0.16272549502291789     
  0.42723393954584526       0.41069199042582383       0.38031093513244357       0.42691983219109780       0.39630397310583881       0.48632923259932320       0.45147661097665920       0.45024293246754055       0.45532468369884443       0.49513917134246399       0.50788499464234071       0.46328799809216603       0.38722682424828131     
  0.27779718870283038       0.62020337444825124       0.20305464464471504       0.17337395999621005       0.16823843577988146       0.16997982281471824        6.0054304480729633E-002  0.16763785921585261       0.86697855670862167       0.23384935064980306       0.34652270949380509       0.31070771782377771       0.17823905662896791     
  0.39669651831254399       0.35698648961316909       0.44383075947774625       0.41603948256927842       0.40297232133507954       0.36881127059425362       0.53587712798120879       0.40103045415716154       0.41962218270982515       0.49580634565658849       0.42893264894687827       0.42287411694361171       0.39819584342732939     
  0.28753981858099298       0.63442218433952025       0.21731989740786761       0.18795363044338453       0.18081928654022025       0.18349670637827836        6.5191411296355375E-002  0.17950655128240095       0.87448543551567059       0.24166652096450625       0.36502685591456474       0.32762481263862397       0.19479912899124566     
  0.48575620435515332       0.34885077637453271       0.43198019023153927       0.44525432497378498       0.43264771326936219       0.45135862026488160       0.42205234616264858       0.41536193348605860       0.41158991239268622       0.51807354932968852       0.38261166409660702       0.41855643705854656       0.39287804303596024     
  0.29633504977229130       0.64811370705389304       0.23227689495500614       0.20249510979993551       0.19401002492190883       0.19859816671302286        7.0549368460982934E-002  0.19234389786538045       0.87920313359425017       0.24877357120157981       0.38398063145591910       0.34455113967621248       0.21139836912910231     
  0.37260377934899924       0.38328841768378208       0.44423337696822418       0.41890137559836571       0.40429987608142925       0.44876703992724681       0.37467967953081888       0.38542921343302378       0.38940465044730421       0.53110460525640779       0.41264067267409010       0.41819738643081444       0.43873455431268638     
  0.30550905127725819       0.66119488046853392       0.24743985293101262       0.21648571805520950       0.20705257714279465       0.21386024091764275        7.6135224521018133E-002  0.20521654439950215       0.88284764482443889       0.25552568311307244       0.40183505617367399       0.36048269561818591       0.22891752177857497     
  0.45754551238805624       0.41302923253034246       0.37274959576339961       0.39978032195841279       0.50463484688558868       0.35212893663690387       0.39477070662751979       0.39022062258004947       0.34135409885605439       0.53516962149378733       0.42219889872412442       0.44746637711134130       0.41360881067701077     
  0.31560035177026663       0.67397976723706543       0.26111643016947422       0.22994552231710047       0.21708811034500078       0.23140785528008626        8.1998432507012206E-002  0.22100180655004448       0.88614673034549807       0.26237944366045640       0.41661319042182343       0.37559378764522494       0.24634113926826715     
  0.39283917242095751       0.38886927338126831       0.41288817331259353       0.44676933872952318       0.38788268323864578       0.50331145151039680       0.48653919610231244       0.50207021670397411       0.37483422766220692       0.44778804893072710       0.42674029914512829       0.40282377365870109       0.40553898081649964     
  0.32524604923478767       0.68568282297046634       0.27435652422809303       0.24257394960476605       0.22619913506029732       0.24876516161040355        8.8153292913290590E-002  0.23746057226407022       0.88933230198322177       0.26937856608673416       0.43049403291966071       0.39245890446191484       0.26444648086815786     
  0.42297894944993830       0.37263900163166214       0.41243022592816753       0.41058108460208192       0.40238493158458277       0.40637566027727962       0.44554824498779044       0.44174795838628006       0.33150636949912921       0.52558731978929341       0.45845668246284099       0.44164602323366814       0.40769393390325004     
  0.33247473391492582       0.69676119085760213       0.28835742831356809       0.25645382528492727       0.23411125227113830       0.26456975511947645        9.4306822807369545E-002  0.25319887247118650       0.89237305370861286       0.27645310782075044       0.44304263100594610       0.40980082354641473       0.28304877332032835     
  0.39452795620093473       0.38900961684691177       0.43491351161128367       0.39406709657393968       0.36164251361265742       0.40044705614926368       0.45052982467178970       0.52023742130225681       0.38634598360201344       0.43194908676708482       0.35479754427976307       0.42101419033471232       0.41251227174325478     
  0.34052530986884866       0.70657731520832479       0.30251323051759554       0.27202387142971540       0.24599868471380759       0.28058145858668260        9.9797707155757420E-002  0.26880558823251516       0.89521055522728843       0.28358624548103661       0.45643188846922067       0.42511223686388122       0.30021907998001685     
  0.41963986462769381       0.39187843874103662       0.38516219423082365       0.42319549562250380       0.40999301614648581       0.54713070239580874       0.41514705389755480       0.49597450909780239       0.36254398571058372       0.40502396842415039       0.43750406914193707       0.41918321385067991       0.50864361013024229     
  0.34952909350258260       0.71721762280095847       0.31660637908147893       0.28700313698497965       0.25702127647676354       0.29628410846445724       0.10600883242363163       0.28462472597370897       0.89795226395957051       0.29005278665990814       0.47111659724887023       0.44019833716005846       0.31673684069590763     
  0.41488552729949701       0.39051249953058043       0.41857171835167722       0.38419418848841308       0.41217307294162137       0.45842303672162121       0.40077263086917631       0.41395379386753550       0.38903976832766629       0.44499456802274256       0.45603062514748338       0.43271101100042436       0.37447532145513723     
  0.35834193994258384       0.72739201902288597       0.33096400567073830       0.30058980124598661       0.26875714217859697       0.31256919306271447       0.11168716461683349       0.29996256121979631       0.90147409960468639       0.29539971647779262       0.48576052916847473       0.45377230488117415       0.33178364449266534     
  0.41539396747702306       0.36024798399114005       0.48030676687424051       0.44570800040535052       0.40778076004864033       0.45188593148839196       0.45696251799471821       0.36293814120082984       0.37345679970129003       0.39791353312598637       0.42334867363658391       0.41535652962852038       0.46386032007147077     
  0.36687271475876387       0.73670100401572702       0.34505510651458521       0.31506659695093142       0.28015622605357438       0.32896442264736792       0.11703270260900286       0.31419429720633907       0.90541514391260003       0.30115132365976682       0.49978541236388480       0.46722453222584126       0.34677727189862045     
  0.51502438870761125       0.45482240891648984       0.41013217170287863       0.38974573395607737       0.36183766698309350       0.46667911522632011       0.42131265721559885       0.48005315979202462       0.38740610498391803       0.42733531400435992       0.39971596009163401       0.46086872059573497       0.46882338186507710     
  0.37525307557465526       0.74589562196187031       0.35900671059977740       0.33034449825790091       0.29041367971065757       0.34521232284549919       0.12422606438298038       0.32812478399243566       0.90934504942928485       0.30723899826672296       0.51288133409390058       0.48064981219826003       0.36125021587945616     
  0.39907088760424642       0.36630442506069522       0.40114317608990269       0.38331884856878490       0.41106405705149973       0.44698146591095589       0.46967482864631466       0.42769767453427027       0.37039150580431957       0.46270275089596719       0.43652009635260752       0.39792760106556663       0.44974858400002965     
  0.38350874997706380       0.75527589959249464       0.37219602381719907       0.34624303625507358       0.30091598432642758       0.36126996236195869       0.13132880151140974       0.34194930230101306       0.91330016924276125       0.31335272830831695       0.52534196174376491       0.49400027275263309       0.37640871071500254     
  0.41309993104662163       0.39913465620728045       0.41069882393885909       0.41371477242587723       0.44287508240288470       0.45745859899518776       0.45814160505500529       0.43419623836750476       0.39226587667900920       0.47876163774592001       0.41602521491571182       0.42074608911172612       0.43489660942538150     
  0.39489541467319905       0.76487650687907582       0.38456262548523612       0.36172120388032103       0.31120408222690177       0.37741327424219767       0.13957928001117356       0.35510391991831186       0.91706489526135138       0.31939240512215666       0.53713995479191912       0.50789916845091099       0.39395319912664895     
  0.42094125419075651       0.38006405373668273       0.38177083731652234       0.41714996344441085       0.38889639610566273       0.40854476522592587       0.42860472196429283       0.40015466919764558       0.45886378459948796       0.45214299505344036       0.44227489252474755       0.41027156251550945       0.52405956179313773     
  0.40554745020366295       0.77444386500740447       0.39602877718671015       0.37838912567792021       0.32208935670913236       0.38742789782716636       0.14777534465241757       0.36535775765899464       0.92077693581484410       0.32517803455702854       0.54843232397573638       0.52148849605609626       0.41087154346185861     
  0.44670400479085370       0.44306363263278470       0.41857003513415020       0.54109105911345301       0.44224588033448531       0.36881127059425362       0.44294147975194564       0.37602926254309244       0.43643285490114619       0.40092256426994849       0.39267904572461182       0.40984164581557092       0.52584877733437640     
  0.41685736616718544       0.78381267780132979       0.41024587284873604       0.39533225548276962       0.33335510019411402       0.39874913997820338       0.15673928173985432       0.37608127007242997       0.92430463391165807       0.33055389801077312       0.55937544048453924       0.53438872484870148       0.42552370055461702     
  0.48905022106998980       0.41811560534777842       0.42902399059461876       0.46779907588360636       0.42405476648771767       0.38142210803820836       0.52692342589661534       0.37540469697848700       0.45950947408289089       0.36636524186865438       0.37125140784222183       0.44068326792494916       0.46437056065782883     
  0.42816756425465119       0.79308744843211021       0.42477094303769258       0.41151856131253028       0.34460235382280657       0.41138238247040404       0.16574681160821947       0.38868040787177549       0.92769693592383384       0.33603520041573648       0.57031370908995871       0.54664244290107189       0.43963374850899578     
  0.39991745535148637       0.42456868403364512       0.44107464941934393       0.47699200998027769       0.42059083357815352       0.42763507477010221       0.44160592563349488       0.37942752807937558       0.45079800541828274       0.46616183288579333       0.37354185713206894       0.38958810428754415       0.47375199033488780     
  0.43873629151590993       0.80212593506097851       0.43985359757775844       0.42778644527708676       0.35603447557340850       0.42459761507188210       0.17565039075063860       0.40192824703185381       0.93098920591832746       0.34162304707430946       0.58061272070647441       0.55788075907197621       0.45242251864200755     
  0.44438547365840059       0.41055610768203205       0.41131759800415124       0.40274649017241126       0.54220562067591604       0.45605378810531788       0.50495357490350967       0.41827005749271823       0.40085153719199984       0.40718279951175307       0.40043830978201639       0.47073944770328002       0.39373736019186617     
  0.44972778231522564       0.81116853980438175       0.45485114927434933       0.44366733673712860       0.36776406927034216       0.43740453915963895       0.18645474199888082       0.41527451538437654       0.93424393202479938       0.34758032826926549       0.59090983428681798       0.56991441893961381       0.46541571669630061     
  0.40172300743472017       0.42869806720505965       0.41383902080674179       0.38848807101620358       0.42642042909642486       0.37280145028027029       0.52299659896937412       0.48730987909098922       0.42158132990123948       0.46280304060433053       0.46145456990078032       0.44682651943357177       0.40045717447840617     
  0.46182976247015628       0.82021154408132746       0.46935076659537844       0.45998741902877588       0.37953930516319073       0.45063374355068520       0.19618766397504595       0.42907009154705850       0.93749217385061212       0.35403886742784768       0.60226067475135214       0.58313762998974117       0.47773271365671316     
  0.44295653632902343       0.44906786039596552       0.47396413716792063       0.48693710549503061       0.49457653059080842       0.42927842948162881       0.55568496579637816       0.46305636398609579       0.42582918352480786       0.45015939820571316       0.36071008315543973       0.44255703250892781       0.42083712953318414     
  0.47454791563122084       0.82930344582818161       0.48503132415446748       0.47686447394672998       0.39176377948380336       0.46357112995604682       0.20248671009194583       0.44294242062269479       0.94065015260549756       0.36043199843020735       0.61397361487800750       0.59717451901417617       0.49006288608235093     
  0.42884281460367929       0.49125201603496926       0.41323141855189155       0.47843124164045248       0.37865476048116375       0.39200978520858110       0.47774226290068589       0.40379858515351003       0.51898807193711927       0.45435559338725567       0.41038004890396285       0.43556016153225069       0.36921880266375706     
  0.48666296261273667       0.83849792502680831       0.50244723900461019       0.49402666157728847       0.40431609425829051       0.47919588276814751       0.20933718241184435       0.45860072815679181       0.94371472584844385       0.36680849993276171       0.62961516527384664       0.61171247238231863       0.50247788058914089     
  0.47349320101025383       0.43176643887233213       0.41242280442202200       0.55451016750859261       0.46720306758538349       0.42435743818140270       0.48104119828217368       0.40736952470773347       0.39441635131802671       0.39952569678797178       0.46929786261081308       0.47479286666111670       0.35675023208507806     
  0.49845863584266642       0.84740892401174295       0.52013937244517816       0.51158811323787001       0.41666309589496514       0.49608583998944250       0.21624399056762139       0.47552317540734323       0.94583658631481549       0.37332431181362152       0.64502859826498404       0.62419750545614117       0.51575124395154737     
  0.44755150981306574       0.47804768843541545       0.46755148705243765       0.44449902891855941       0.39124440822528184       0.43966389711042636       0.40766139137414670       0.44177515666636236       0.42379181658937060       0.37942761983876283       0.50010375292332987       0.40370829613467835       0.39326972319261516     
  0.50818309245792992       0.85575972793243804       0.53817809431269370       0.52951681425524755       0.42950084796013993       0.51108659981351268       0.22438514456494582       0.49222658506102768       0.94794916064713142       0.38048453064909038       0.65980706900842057       0.63533476284505486       0.52931056753977390     
  0.43230682543476928       0.56084979499041132       0.48519033458638916       0.49358667641000842       0.37666844494349955       0.38356320080218403       0.44306362748622663       0.41621393844524901       0.40799775630916568       0.41593806803255540       0.51979142327417716       0.42044785928845152       0.43439967994328588     
  0.51591526783851815       0.86425236493033719       0.55532651205568495       0.54512819748883057       0.44340351584446708       0.52566382589669658       0.23544546949064185       0.50886135621459028       0.95034976549672789       0.38752797213790968       0.67581653547581266       0.64755027998182058       0.54682577999496707     
  0.38796261437616097       0.53571546872836584       0.50627860176174155       0.47647764077981258       0.37949389100026532       0.43946775599366833       0.44189434831119184       0.45143476595729698       0.46412047887974123       0.36596840714805973       0.48634408677141333       0.41654969200483960       0.53120690855502617     
  0.52330964743408770       0.87120318628192672       0.57152002451478323       0.55988454994059655       0.45899980228266252       0.54315130670154677       0.24558646515710664       0.52501367592840253       0.95263877173698830       0.39627776730053949       0.69022851663141660       0.66102626064476833       0.56340052688717468     
  0.33788590189357359       0.59677058774200520       0.39321480397026937       0.39217973768305547       0.41564646358470242       0.41917279080347297       0.42069943887862243       0.35473044738205345       0.41314979718491418       0.45374897648318208       0.60115845844757909       0.40439586710606307       0.43906302369033928     
  0.53039505202158210       0.87769668947991009       0.58825154932598867       0.57451625345795188       0.47706097178871132       0.56103446662336764       0.25726170877767118       0.54072179648803653       0.95495701024436008       0.40511935866434490       0.70491670371396842       0.67424383645467811       0.57848665890606810     
  0.36369610562439897       0.43300589302804371       0.49879335997870000       0.40997663213990942       0.50703518882240839       0.45466616872442928       0.46961450997130971       0.50463981027601212       0.39966239731899678       0.42593549405223080       0.41931962639338732       0.45834357415106558       0.48272071694030705     
  0.54047488404167199       0.88401536502589362       0.60459146731221025       0.58902706012638795       0.49440299070821137       0.57888356613562297       0.26940732739954054       0.55680620917588797       0.95731741251787594       0.41338779331809367       0.71534315346180855       0.68654028174267523       0.59397235948901128     
  0.43383651682552293       0.44634181465501827       0.47688125961445371       0.38327570229654306       0.50528844098048964       0.49012313057902879       0.41881671754703254       0.45675434987369712       0.50259120488287301       0.45232708503463476       0.41056441259325588       0.54138273095306511       0.42778653680241296     
  0.55048000994668078       0.88990611646044582       0.62075406089542173       0.60311166391824544       0.51162340903637238       0.59672084323491503       0.28325099742587573       0.57330037049355309       0.95966002662811889       0.42156384530789753       0.72596870346651809       0.69907563719511134       0.61021158567859934     
  0.39612452903663642       0.51060459350720622       0.41219744622777521       0.41031414727524579       0.42074489339168009       0.55172512088495762       0.55983960437434332       0.42350917433153473       0.47410972857965589       0.43675520864012141       0.46720042628849262       0.37406029892837572       0.43403747495164086     
  0.56176939628648193       0.89582448182253593       0.63772479779113400       0.61790984722285758       0.52877978471473408       0.61520590226285798       0.29840940822985407       0.59128836174294663       0.96188105855244710       0.42915659485010860       0.73723125173122273       0.71149135229685767       0.62631539813345705     
  0.44383137629979463       0.49015486394882979       0.39412836303422005       0.46018791136639059       0.44684529332425033       0.51206909235913078       0.51421542946384036       0.59711247170094228       0.42484861452635186       0.44609283020656459       0.40515690704502288       0.43616231263934890       0.44382741709774765     
  0.57304404110974183       0.90068609734630611       0.65503830122517925       0.62771674382840903       0.54444068017711000       0.63518470717134867       0.31380990401271791       0.61025286713330973       0.96398012323756277       0.43643610702695596       0.74867352057854053       0.72421050772902318       0.63960781137046607     
  0.42282231821634531       0.43998068400836249       0.54752052479035329       0.37175356375905000       0.44072459823150412       0.49389484904598574       0.47954077892410629       0.46240900988972911       0.46189104731993030       0.42568832924704908       0.44441028457316023       0.42822383616499482       0.45425343314203570     
  0.58481849025371846       0.90569819980227095       0.67176658843849069       0.63764754264378631       0.55932528058981434       0.65472810454680386       0.33009463366906627       0.62947668501519427       0.96610354336244497       0.44520387624379626       0.75941415906499454       0.73787083148054600       0.65288057363273466     
  0.41447632516234983       0.38597204582490269       0.40017866893678805       0.39395449850996711       0.51671451129142465       0.43089747572070308       0.48166372184687783       0.44916169938473166       0.46926350386277527       0.40290358020637274       0.49314152573962849       0.41085146984968834       0.44064515226094331     
  0.59770251946127995       0.91015452998837842       0.68730548885213827       0.65103161126157150       0.57597800858814774       0.67314685574580591       0.34763545711331378       0.64843163121876535       0.96823674686228700       0.45406368028111765       0.77044739260599349       0.75193602958774186       0.66866950280315374     
  0.45890020364322903       0.40775625133034799       0.37140233239043285       0.37966380666731669       0.49847169584474371       0.42698405842329284       0.53556265752077148       0.43807630750789756       0.46785219261514882       0.46962002406672471       0.45380975436832460       0.40739163938785455       0.41920352902450198     
  0.61117355427359443       0.91466814901394100       0.70512621061997416       0.66473922688978093       0.59320828129587611       0.69112548395202078       0.36447694352572901       0.66734287562575345       0.97032783410204770       0.46362153149426749       0.78221092784468016       0.76473488539906653       0.68459182623447201     
  0.40822380041406275       0.43657209496447918       0.44014601385167956       0.40135903187438837       0.47255922929856592       0.43721008438403297       0.40363953814924752       0.47532537547080383       0.47374000101404379       0.46387721869567916       0.54547486230541165       0.39077319891819867       0.43493291213795532     
  0.62363309621272656       0.91950565142059204       0.72422252196400716       0.68361368869712702       0.61183845505427414       0.71128075898913212       0.38212076565086017       0.68611208640400068       0.97221689389212185       0.47388474095896166       0.79418360882552896       0.77827409532422220       0.70110522335180325     
  0.50585106986944151       0.45014351541635872       0.55659136753387117       0.41229996031621158       0.48087914546034793       0.48748390897737887       0.46431741261542275       0.42110494238247681       0.56482042276477340       0.42531157322579405       0.39066265819798346       0.48795134854462474       0.43470253720703544     
  0.63647591277606963       0.92421110544469398       0.74364923539741679       0.70200969670304247       0.63168771980881955       0.73042132287584483       0.40117096577988065       0.70574366389924903       0.97411011801858871       0.48423228953233599       0.80549546938341809       0.78450786626001290       0.71729864865475546     
  0.37182229846117282       0.43920293975264385       0.59180991512823766       0.46026209487023867       0.42497513416849886       0.48999663797628629       0.42748639525739091       0.43041045664786409       0.44604872864654727       0.44564558410106275       0.50355208622299730       0.42625256131312345       0.43837993626228933     
  0.64855854838656291       0.92844648569303978       0.76348245127752223       0.71871723657732889       0.65105771515479016       0.74842461723167730       0.42141281294306093       0.72599441061489434       0.97581968523460438       0.49468817943872828       0.81637293805993683       0.79074762209859284       0.73747346524372048     
  0.42544988651512300       0.46009859039615442       0.49167161187615799       0.48070409842977846       0.56036935374769770       0.43119823602411922       0.41377678465363549       0.60271328810990032       0.51879860552255286       0.43346738889736575       0.45451910417238767       0.35220395569844798       0.43995349171651305     
  0.66110884020314631       0.93213322733083892       0.78324088380040724       0.73563413848409231       0.66947596621036831       0.76588112815598386       0.44269782165178811       0.74574549757393449       0.97743166649707780       0.50555736030627085       0.82737342176115236       0.79584686463530885       0.75980351694461756     
  0.57882109291556449       0.50378523148223608       0.54826601288006493       0.41719477408839623       0.49307760552858365       0.37363226893642382       0.39443504465099644       0.44906539964439662       0.48004070928768788       0.40459498003083288       0.37864847195304274       0.33193526092870240       0.49872397715123157     
  0.67373226347046578       0.93568841534434177       0.79750307677158305       0.75426100045000910       0.68790185725200848       0.78379263830455392       0.46340792418947491       0.76495711415525558       0.97904111513807646       0.51711252543267261       0.83854345139017572       0.80281964268899431       0.78053047261149011     
  0.40186711870186992       0.45459095634338115       0.44485188610036885       0.46616886038102151       0.45663914141192513       0.50583380843125469       0.44273709415961932       0.46880838967894628       0.53076695614792446       0.47356565790770039       0.42842513177635844       0.38324594232020198       0.56106618500516547     
  0.68619265840930366       0.94047695282023847       0.81214410784873348       0.77299919020471808       0.70705992513003268       0.80345964594229569       0.48408440238719280       0.78351075179767948       0.98068009798040323       0.52844931477571666       0.84900003984560946       0.81474881361098828       0.79835390515444815     
  0.44531084146258326       0.60296161363807155       0.40152689236983563       0.42598169190968899       0.38163673011189814       0.47216834645339628       0.43422004827818766       0.49572374498386657       0.52957017870751089       0.43143123084790863       0.46181414955450029       0.40862657413826881       0.40252330017945787     
  0.70147471858913368       0.94534826083977685       0.82950511153562356       0.79274136270135098       0.72617754052803640       0.82356941816923701       0.50576722050962863       0.79855207732503686       0.98222020566738599       0.54094258168977338       0.85914221500130683       0.82614429071095041       0.81533660242678174     
  0.50674292033288337       0.49295143649371437       0.57580661925156718       0.43740438776895296       0.38373519014611790       0.48448717542540815       0.42721035887455933       0.45451850920912373       0.49911010770662512       0.41298154891363109       0.47234697710543855       0.44780889539238949       0.47994285013355809     
  0.71616491096828638       0.95004847493853661       0.84674250967335252       0.81147090206572547       0.74523292202972602       0.84178217891218543       0.52849740576690629       0.81282311771495452       0.98371866113154038       0.55326220175128937       0.87061850200537882       0.83827692175765034       0.83006447400489858     
  0.46507235557003723       0.55941423428971104       0.44236682857026283       0.55335401844432286       0.48993145759570084       0.46643680825761391       0.36324142817022409       0.40893581464912254       0.40886581806762479       0.40342814076587247       0.41645517113040842       0.37712813789829980       0.38390179971084515     
  0.73137329987422606       0.95451794175441174       0.85738441027990731       0.83040119718703320       0.76351978208237770       0.85979196397390767       0.55106724959610787       0.83177241491744625       0.98523463140445111       0.56548953384094269       0.88375718263071656       0.85011974279611857       0.84335170392274794     
  0.45420568487090440       0.46209811413318480       0.43592683466102317       0.47934996368570310       0.35129910663924563       0.45079349362629562       0.43149183707229388       0.46195971365418148       0.49398979745241800       0.45765068632232558       0.52591970452663805       0.47126381839994180       0.48573292287148268     
  0.74699814457537650       0.95925049633204762       0.86771385889886565       0.85066919036941890       0.77979416659570699       0.87710119138241638       0.57479697581349409       0.85210345622941042       0.98678496667629190       0.57849826743125510       0.89674287896646510       0.86615790452859143       0.86052814291201740     
  0.40972910499461018       0.43715368565046142       0.41982021275721310       0.51756887555049336       0.39653293213447693       0.43657187148551296       0.43089410508872933       0.55923915499087584       0.60150185181295412       0.37576462991299425       0.49976198577085656       0.52571527632639803       0.42662306109536702     
  0.76335022393048924       0.96329976771268877       0.87735405189395754       0.87106223370583069       0.79663696994743116       0.89484161074448487       0.59809326628080406       0.87248961747861309       0.98830569554145620       0.58769363955581222       0.91082991337263108       0.88328757594085872       0.87823943687953532     
  0.40381592129757266       0.45717710935605238       0.36368590484135666       0.49862898575999137       0.37714896946446452       0.45859630398296014       0.36099765579599036       0.51688468711425928       0.51236773953150050       0.37009231513020457       0.43262612393566319       0.51116689867278065       0.48667191589355596     
  0.78083800972494199       0.96710382514812143       0.88629356046454466       0.88835281273845523       0.82148243361827289       0.90981771367081332       0.62951719702627540       0.89285064848809392       0.98926202355915760       0.59735599519243643       0.92542650489505685       0.89945779977283569       0.89645999288387357     
  0.39415512662980329       0.40765190079058117       0.39179027455047766       0.46864639404711994       0.52173459447049120       0.39456327203114339       0.39563037828553754       0.49468295921469491       0.40886948872459034       0.39307223411927639       0.54988384978092308       0.47948263753364190       0.42928703106458715     
  0.80002238335439435       0.97037959177184296       0.90334987701306324       0.90586945726330026       0.84624372276596416       0.91777222104689404       0.66344816060102052       0.91407886060161969       0.99028819666515100       0.61136350987360810       0.93533617483766407       0.91420460761079303       0.91560269882154655     
  0.46353348260161120       0.49712005670232634       0.46624622407974770       0.50031484520754377       0.45893973019419909       0.39861292741197635       0.38479927097232869       0.52874888045686319       0.48339253713863234       0.39672974912764969       0.42417690933375002       0.53220606026046924       0.48531670015013789     
  0.82305605499593548       0.97292426263654774       0.92055502382638865       0.92033780929460995       0.87198309433770305       0.92917598604931839       0.70035945458857762       0.92480794414444456       0.99139846924015285       0.62695080804752135       0.94376011359824585       0.92888756577691556       0.93155514602922584     
  0.45312602259920964       0.47694645511259931       0.46008157863947202       0.46887318111250331       0.47617774347902098       0.39695042778981848       0.38924007945801631       0.40831087398841492       0.56501129000135175       0.43650909195040710       0.40083859134136834       0.55613982704566278       0.43911447006591176     
  0.84650488476933916       0.97589404355332665       0.93770335147102324       0.93523030429062204       0.89984956003690597       0.94046205482395373       0.74497548695563354       0.93658449393808485       0.99246138392954053       0.64679218531710392       0.95253093355454443       0.94493142781870654       0.94401723222934875     
  0.43677680062178559       0.45194289163923856       0.57962560366611238       0.46327210051992213       0.50627325678081136       0.43141150858959615       0.36365134103107155       0.39457913441131481       0.51857531929338174       0.40550957712629093       0.42528306748378841       0.48167840570080139       0.34242647220106809     
  0.87364162582341975       0.97999744176031212       0.95403364397313029       0.95234738284837994       0.92491058034302998       0.95727420316825595       0.79191926398160095       0.94921100222483423       0.99337272186030801       0.67477611343027910       0.96071058214091554       0.96028842226317379       0.95519210973996294     
  0.46805067616927126       0.52204449004499631       0.41623352120901547       0.47325730358984452       0.41564991493160236       0.45615900521304531       0.39334145459748393       0.38347566473118516       0.40654121904798596       0.40361466564650067       0.38158038142958250       0.47630354908158185       0.36475691693654971     
  0.90488172462851413       0.98444492742525413       0.96981927227027676       0.97035451116187554       0.94934699539200773       0.97293930970935294       0.85344885641213342       0.96227802222164638       0.99568768998917279       0.71932222064628093       0.97200752351347008       0.97417484777665497       0.96539990010733812     
  0.45810786224780514       0.54434200971274127       0.41526287656373229       0.43348684726487280       0.42604028979475389       0.51552924605197425       0.43174638063768489       0.37685770518531686       0.73103490947459759       0.41988974080505215       0.43770900906291155       0.48065431583753138       0.36006539722324948     
  0.94853045752728260       0.99236972161313974       0.98525631233584121       0.98548108434302384       0.97451674312593994       0.98665008836334522       0.92216387115262211       0.98165887744278690       0.99789046443253737       0.81624516909103673       0.98628066011008253       0.98705084038063085       0.98346966333911312     
  0.40992472469674479       0.69987937005453138       0.43711925776780441       0.45675678432253897       0.38687342231324023       0.42645892379255174       0.42990722319186925       0.49315104279212563       0.64461222414870900       0.44368193625528879       0.43068242374452032       0.57540979038974294       0.44468208608369847     
   1.0000000000000000        1.0000000000000000        1.0000000000000000        1.0000000000000000        1.0000000000000000        1.0000000000000000        1.0000000000000000        1.0000000000000000        1.0000000000000000        1.0000000000000000        1.0000000000000000        1.0000000000000000        1.0000000000000000     
  0.36761137887617973       0.40187285873245648       0.42574404375003316       0.42884224411797683       0.41818897728742854       0.36268379021610636       0.37697989114372837       0.44764661862370220       0.40436673551235869       0.34571077838341596       0.45920048337921265       0.47058442491571401       0.41350378479408639     
   4.0977107556552799        1.3093829462902526        11.487604366574024        9.6154149963417517        6.9245514744604986        9.1140840448948577        10.012400769797502        7.3312705717156863        0.0000000000000000        7.3818236802537305        10.427005116419982        8.5454906632936485        12.523973167433420     
   8.1636996638088650        8.4965142341800632        12.597356559178122        7.5247523410097958        6.9232181393529091        10.556510513825573        8.2968136867093190        11.798773159117994        0.0000000000000000        8.6632629419731852        8.5883519605586045        8.1023736062476690        8.7150799634906821     
   9.3106023674652185        10.114662119720636        9.7183261896726965        10.108496449580445        8.6108181781780448        8.3863962411349053        9.4282886403409822        9.4463253184448721        4.3465353633396679        7.5069660993020007        10.979342555467914        9.6279161657909746        10.526214356433711     
   9.6327215451339168        9.6553566451679895        7.8633910502698283        7.3863979906129140        9.4797513330644883        9.4024235967070044        8.8497699610282741        8.1952617522562416        9.6763791948757127        10.566354684285232        8.1237405591715053        7.5227165860946350        9.0464177201319806     
   10.221482565918244        12.456312088279654        7.9369269539435496        8.5548290334122346        7.5419056511275500        10.701254707777100        8.3660045859069285        8.4279764952773917        9.7873457647474904        9.4999960824137943        8.4727871859015629        9.1500790593908672        9.0106669376349142     
   8.3416709936056854        10.347719146053795        7.2382643514588674        12.517925465038566        9.3895804809640335        9.3822326406068406        8.3207225583138733        9.5769257997143864        12.057609405982396        8.7032514004005073        9.1513628625000205        7.7917953323819038        9.5175153481328447     
   7.0464196875105971        10.347129274930383        8.7489873436173617        8.5728377601480243        10.813954101179029        6.2788528461049422        9.8860328179181174        9.0485237384250112        11.322720567866824        8.6007846509016428        10.210587817687291        10.698860841479311        8.0270139120889095     
   5.7943194950088364        6.9772991308153545        7.4913503000852391        9.1009404288879931        17.333696261363400        9.5733613186967599        6.9561431213116691        8.2576778154392496        8.8458159792816566        7.2016506991911280        9.1502892922925323        9.3165295540308080        5.8321552963371044     
   4.4601688311990147E-007
           1           1           1           1           1           1           1           1           1           1           1           1           1
   5.8989566804417480E-007   5.2368388745181463E-007  -1.6424167918599563E-009   7.7818628042230573        8.8827960443288592E-009   3.0535481715780090E-011
   1.2968615940777432E-008   1.2624676202758553E-008   1.3135682747328365E-009  0.21223696309934001        1.3131434583490600E-009   4.9911857868773514E-012
   5.0000000000000001E-003   8.8932373413027257     
