   0.0000000000000000        0.0000000000000000        0.0000000000000000        0.0000000000000000        0.0000000000000000        0.0000000000000000        0.0000000000000000        0.0000000000000000        0.0000000000000000        0.0000000000000000        0.0000000000000000        0.0000000000000000        0.0000000000000000     
  0.23805347506173755       0.23631947611953472        6.8586700752892504E-003   1.1759981653317450E-002   1.4545047093059565E-002   4.5470475398952763E-002   1.5173196307453835E-002   1.4557454563406303E-002  0.64365583835652962       0.23351985347210724        7.5576979770070524E-002   3.9157312322501324E-002   1.4701505241595405E-002
  0.46860768770302536       0.42713453811447205       0.53196275081440925       0.54080350050036874       0.50869884710896962       0.46523774406329055       0.50452543651782955       0.47292438640642526       0.43118708266751077       0.45896221289339961       0.44995222274097696       0.40421995997225602       0.57987249325313117     
  0.31892954953577823       0.34232201998068512        1.2873940266032795E-002   2.3781700174299984E-002   2.9369201218896024E-002   9.0480469143136941E-002   2.9248701020814932E-002   2.8643159060677648E-002  0.72201180976179868       0.28965470460240800       0.12156275553126855        7.6552170976694991E-002   2.8891748850337705E-002
  0.47960287748171943       0.47467028015563090       0.51823760284797560       0.53385493496206415       0.43946201860634504       0.45661192037375514       0.56490642216465348       0.42373237938582692       0.55855134501210968       0.50640396853934821       0.47923467135887809       0.41778160708689233       0.53151464920550529     
  0.37226147550322819       0.39793631658151507        1.8600226124305199E-002   3.8320429071319238E-002   4.2472816709411561E-002  0.13296123898890139        4.5141919435394390E-002   4.3268079048312848E-002  0.76872665865764434       0.31841116358785670       0.15448427759784375       0.11029773227829009        4.3012134857306657E-002
  0.52892661208510738       0.39255471348105131       0.56023453591329286       0.46860092403911241       0.49601779790787126       0.50862995054624716       0.52524633676272103       0.47686896913701521       0.51287736687660701       0.43472018599776485       0.45307866510658273       0.52238213931607380       0.60156564501361576     
  0.41408851902203547       0.43636223559516096        2.4235623146434175E-002   5.1247349793837521E-002   5.6531878552938779E-002  0.17444413542847859        5.9659604349203310E-002   5.8396518720406333E-002  0.79415943138419687       0.33979608933289979       0.18555156336640380       0.13790189196003566        5.6261478529996495E-002
  0.43650884806716816       0.52687457931297210       0.46126490897438627       0.51267769249209594       0.49002342162067514       0.45491147410639687       0.50116055666361015       0.45013918901886207       0.50105761780303515       0.53907778498481329       0.46695966138066847       0.49226901930676181       0.48457905899705012     
  0.44793933352257875       0.46816726344261000        3.0110097868311553E-002   6.3456205438701396E-002   6.9488396316172707E-002  0.21741951029260681        7.4782995412057365E-002   7.1903799871943161E-002  0.81113714118914848       0.35727046200968837       0.21320505385141914       0.16292208624793461        7.0789070062413681E-002
  0.49937209765237811       0.44457252676255427       0.51432911564029538       0.53700755457761706       0.47118936289730390       0.46754322648759949       0.51238323709975542       0.46446908112860019       0.51112016229757595       0.51959838686091486       0.57645195646803793       0.57633704687522735       0.45588833393185729     
  0.47707409874439588       0.49556870683000714        3.6271969596975026E-002   7.5405689946486595E-002   8.4726615585804993E-002  0.25889029465269786        9.0469400991975576E-002   8.6441525117775309E-002  0.82788561534676630       0.37243294161422758       0.23821401296708866       0.18586785167163755        8.6052825712048711E-002
  0.40041530827054428       0.42663197691309535       0.55895558332880835       0.49472114520501986       0.54445813573611568       0.52145354147029677       0.49772806386571228       0.50104855127219505       0.52457311038507104       0.48633465720115077       0.45218593404971047       0.44910082751452529       0.53003068703065748     
  0.50319728257688323       0.52373606561782504        4.2600249920712346E-002   8.7650691739648859E-002   9.9783933717073128E-002  0.29633984370826161       0.10667824894646730       0.10198735654201886       0.84278476507889910       0.38523256726331184       0.26053261235566488       0.20996134678850725       0.10186099420715529     
  0.58533007944516402       0.41212330835220579       0.53974640463153389       0.44898119468389902       0.60955959191185127       0.55548631598649389       0.50893658181507029       0.60317835516375518       0.49642375887339341       0.50878944780997692       0.51999912891743838       0.58716958344999282       0.50406628938932929     
  0.52617777615099026       0.55261499788918600        4.8743017646300311E-002  0.10079440390712610       0.11593509343447132       0.32988360756018825       0.12192435096211920       0.11704582006862135       0.85440225009303339       0.39673706437166401       0.28116290063015253       0.23331654954316464       0.11775197321050340     
  0.46901822269934329       0.49102985749876937       0.49064383020895297       0.46060476915062520       0.52043549710483772       0.50514167292030543       0.59509590727772532       0.46963178543717982       0.46430842040136316       0.51919320753055542       0.49615337412463090       0.50638892520082668       0.50848611430347690     
  0.54727680405191748       0.57882570370697228        5.4755847662120848E-002  0.11480860424330307       0.13031466058782207       0.35956619711929227       0.13594692332167316       0.13103241926004269       0.86371840004231615       0.40840017501046127       0.30240729601214211       0.25599670645695116       0.13345163539446658     
  0.48876389320444363       0.44894838144124344       0.49448054436224054       0.55066567149181045       0.43449121343575642       0.47569303160346060       0.49459248743700412       0.47116375489656337       0.43013516777740007       0.47263428120984280       0.51922393837892389       0.45615232983528142       0.48296387927805196     
  0.56678623270448025       0.60132885273703729        6.1096173613695202E-002  0.12834457877728234       0.14663225276180594       0.38376219376629461       0.15070709604064045       0.14526228448359269       0.87117111838757311       0.42027963053861289       0.32318869143926576       0.27813812931076559       0.14841485980467503     
  0.45367957389175156       0.47354238387738773       0.51283268453317377       0.49404364777522497       0.49806165518412926       0.50819968293662132       0.51803194092893889       0.46812374645693849       0.50727216337016567       0.46741956925313805       0.55991471221102884       0.59175136197885170       0.44114216443404652     
  0.58660725735291896       0.62081569833141581        6.7940664481459134E-002  0.14052563916927055       0.16302135575839238       0.40694378621619132       0.16597739000954539       0.15942187978756636       0.87850065395954957       0.43087909161684151       0.34180559012051598       0.29900852179127985       0.16292090735347384     
  0.49448739860385738       0.53834422593454934       0.51253664156335355       0.47760767447963104       0.49025645798149275       0.43435455072183909       0.53145353636512593       0.48156284106850594       0.55380628919146613       0.54724177559708731       0.41797459470334714       0.55770440559611023       0.49674322889018985     
  0.60464259448602342       0.63825929914500279        7.4915682596984126E-002  0.15240575481185717       0.17981689748476196       0.42995175806234998       0.18150529715197722       0.17346572549411277       0.88570051016762763       0.44059294004258537       0.36220606278586631       0.31888719857698122       0.17794101707480281     
  0.48373322995898788       0.42325956637411410       0.49985683808773096       0.46597137728375482       0.64612147624109462       0.43733363329444119       0.44439561542520867       0.44313140994505573       0.44516446588523501       0.44885931456786127       0.47416013729336121       0.65775581758481505       0.53603643911912158     
  0.62092226406744799       0.65419782780997204        8.1926734536687071E-002  0.16517050775237985       0.19645026744809010       0.45314366474357892       0.19640953816206030       0.18762855032362852       0.89223362616382562       0.44921461542375746       0.38034253090200515       0.33855196956292816       0.19421735675512089     
  0.49235356644879014       0.49803335926874792       0.57069553129479644       0.60267178192781234       0.58236583383514429       0.44625603323146690       0.52442739237506530       0.43814082934465137       0.47891543703828576       0.45326638690384724       0.48687041680833570       0.53557689637543393       0.50719704553127620     
  0.63533187891307075       0.66977477811445629        8.8720407709595703E-002  0.17894657524458313       0.21236857469123255       0.47453116662160244       0.21119489608075062       0.20336727241563030       0.89835988772361486       0.45931945308981353       0.39686485464862470       0.35810391163742461       0.21074161916097309     
  0.43914478625169590       0.45508922553001235       0.44350903783420059       0.62715484934979449       0.52438377073563947       0.47195646680093956       0.44359237465094603       0.57743453047544735       0.47299155845562219       0.50796234646207039       0.57622626661154153       0.50971424007216493       0.52266638083325168     
  0.64893342500243612       0.68551791963864395        9.5949858942198957E-002  0.19333586645316755       0.22775235607930838       0.49463522059272663       0.22662738561772497       0.21932422926071407       0.90417680148159740       0.46792717036286025       0.41094636747344515       0.37762235580031878       0.22650667574894068     
  0.53471766668397769       0.46626198649418388       0.53748958527851431       0.49869379517474594       0.50383203865997805       0.48816715371348562       0.50633431418237329       0.50019166101502166       0.49488406957296416       0.41702757806005269       0.48602630504858191       0.56207834810366464       0.53162973928297041     
  0.66252214732664505       0.69976719385138031       0.10370450918812305       0.20852745318944085       0.24366180334788806       0.51394574736874332       0.24286710104708700       0.23348852023974864       0.90986438856728047       0.47646415066901304       0.42737917522310681       0.39620435206974131       0.24128704093719508     
  0.50608255371734567       0.57713198055590287       0.51894863489014442       0.49291707743222907       0.47321117271115770       0.45769931219775994       0.53380611769931807       0.47137793992255084       0.54987747374985851       0.50974525313267194       0.49344084570762931       0.49272912604445374       0.50916374021971311     
  0.67586456119742899       0.71255364521046860       0.11213346684276362       0.22441261890848946       0.25976523866764045       0.53234080867337241       0.25998526389714299       0.24714474943373579       0.91498194661112020       0.48441401790611199       0.44406441861525991       0.41280464557318269       0.25542113450345705     
  0.43273067396936044       0.53654732665130045       0.47745257327784163       0.57108213651305517       0.58735808904124198       0.49980952596363015       0.51177396676913778       0.53982557562773936       0.49043014250541461       0.52412408043808978       0.56226939033667434       0.48888757959270795       0.44094266616664796     
  0.68847991459489200       0.72414448431484812       0.12097654697286213       0.24014285783576322       0.27546643800536635       0.54985976146975968       0.27653545811049712       0.26143044634654899       0.91937495171807804       0.49324466029270547       0.45946033539104997       0.42916867509482148       0.26994146648060735     
  0.46127574686850098       0.49543742063012597       0.53613256276135268       0.60962743831275668       0.42461705118943566       0.41872656281566012       0.44736152262957274       0.48037911756911084       0.48716427108105442       0.47064369111506160       0.47068202568473028       0.45440448447600573       0.44792223674593762     
  0.69956726467434804       0.73550554383822964       0.13027177661330813       0.25496278868923639       0.29142548721470546       0.56606103047281642       0.29233527441477430       0.27700706024861538       0.92334159006245697       0.50209639205401724       0.47408731938120785       0.44511316465756950       0.28569540529190302     
  0.46888256735773337       0.44297647432890586       0.50252323102210861       0.54123214522060081       0.50294346442814675       0.47347253140524870       0.45644317446837396       0.50088475271888377       0.55415364862604843       0.49843619774777059       0.48035450970055510       0.46743294865830776       0.49924731213421730     
  0.70979022251916091       0.74732391649809604       0.13981567737732026       0.26966806387836645       0.30728624360063039       0.58196564149725649       0.30892357107728385       0.29167722717867794       0.92716683907922703       0.51123702650747549       0.48835999685787113       0.46001450320559051       0.30274311621896416     
  0.49499339884978372       0.54923703430972981       0.47256544025539959       0.47242182917047770       0.54189691481924773       0.43899966086752984       0.48382489707639337       0.51603411741237215       0.44156361846699349       0.54423416707537087       0.47298903049373264       0.49991274260992713       0.47846043914626313     
  0.72024383676766568       0.75924223811743752       0.14921973413558551       0.28447006548332737       0.32302787449527132       0.59793787553470279       0.32614767523082450       0.30546390257953221       0.93091774694058915       0.51976849678660897       0.50313319223754849       0.47340766054703387       0.32075610467513205     
  0.46727470699862966       0.55245773449015823       0.57568621084739080       0.46149978778712136       0.49311182587999364       0.50049450762902215       0.50752301186407700       0.51518202691541914       0.49385769436576465       0.62572987845108963       0.43938703537208612       0.40500578262651199       0.62255734376335337     
  0.73065148515943079       0.77033333341390731       0.15881384456764747       0.29904535058109866       0.33787290271626497       0.61384106307627084       0.34037954446008223       0.31936809812403472       0.93430463158853128       0.52704618801518699       0.51624892234779274       0.48637890111661719       0.33798047357396499     
  0.50040357433813165       0.48679275463114485       0.47935972330409099       0.53361732275593521       0.46890033883853022       0.53471766668397769       0.45857229907455915       0.48514245757437086       0.49515727017699540       0.40711035219603953       0.48370259426923984       0.48169879613471117       0.53344890127424027     
  0.74090113387049672       0.78032959102821475       0.16903650572551812       0.31307507523852807       0.35300961001381514       0.62901902778228813       0.35364190160248193       0.33481058710058847       0.93757042632910426       0.53398785684576000       0.52756099575212623       0.50053433707705219       0.35475406311310714     
  0.56552702339190764       0.46047445440887391       0.43056380051523691       0.57258874118478664       0.42077876806905401       0.53173809431680252       0.44561262150188058       0.48947114653083229       0.41282686784424183       0.49827479328800334       0.40431286182264936       0.54317290691460252       0.44787709344391047     
  0.75159495614326066       0.78984671703855225       0.18027165844013915       0.32670671327433354       0.36918616337806776       0.64400363382541537       0.36679341388570313       0.35075256465600441       0.94078585881662813       0.54064704856168877       0.53827877656352674       0.51663914047437509       0.37171998689842423     
  0.53221273016145743       0.43769366554297567       0.45533873086122917       0.47436396018984334       0.50094938350406837       0.47923931771615358       0.61280665310521654       0.63763967830681256       0.44233296748228784       0.48335243310254111       0.44771798203919638       0.53601869069163599       0.51400978947280340     
  0.76248374608182901       0.79851064563994845       0.19262435848184128       0.34043614002674938       0.38537721127685487       0.65843259050309033       0.38064251922452863       0.36739738409101946       0.94372083559197228       0.54695845586224912       0.54943356885063221       0.53376219605080544       0.38878939720860600     
  0.46927382707030374       0.47837056184177412       0.63004220766479790       0.47005038134144667       0.53269265970616597       0.53766412804577690       0.46610263330812624       0.57952192802415003       0.42764682994069630       0.50732834119176329       0.61276065008890446       0.51622323069738785       0.50354376551626490     
  0.77283125703412070       0.80739387887033198       0.20638684948850433       0.35531100171180846       0.39978266777484517       0.67218721728746200       0.39500911893816149       0.38316983397627874       0.94662086283630231       0.55382246450439432       0.56196312487456779       0.55040849305998818       0.40531432998344907     
  0.47465202847090743       0.57491264940762343       0.51647153298409776       0.43876686777981277       0.50041971112334616       0.50984831173203993       0.49708343881051165       0.49099283361751916       0.49608002295449793       0.49761211802386207       0.44217294456551465       0.45475824716904845       0.41355993119569545     
  0.78291162688495808       0.81610387826408337       0.22063830915135740       0.37073727028303000       0.41270473450654604       0.68442644104662043       0.41046649739064101       0.39831047651364876       0.94934767967751521       0.56071023801784881       0.57473356152464639       0.56530762925257061       0.42023681883090525     
  0.53461125256714825       0.48295865246162772       0.49841149145684921       0.47397483402429946       0.50331426786031963       0.50922347903729459       0.50571074501993640       0.54462926087871355       0.54017962534025010       0.56814356561161261       0.47312281173310472       0.48855659607560337       0.54177453552813415     
  0.79280048682321003       0.82436831279924494       0.23498356650788302       0.38635420839402745       0.42482160498398186       0.69639728464939443       0.42532285395473418       0.41219524514732347       0.95189893984900087       0.56711393918662190       0.58742397655409584       0.57887900881626941       0.43375170155397558     
  0.46902398462982814       0.47304972006920454       0.49640659963898576       0.50517893782339574       0.47123848044228195       0.48837714658893550       0.43516073841870750       0.42060942181060740       0.54235470582330159       0.42068551039141866       0.55770063578751272       0.44572868654164988       0.48628836479113846     
  0.80186391652940292       0.83232204146501765       0.24984837334987708       0.40200271212411448       0.43814284384526669       0.70811368696178845       0.43969916343616872       0.42664538448844297       0.95411405686489748       0.57332039607523144       0.59989377922927767       0.59184194568892445       0.44664524662161020     
  0.44559485976392277       0.46922195417117030       0.49649914936519507       0.44402879243163251       0.44529912333166255       0.49616175881942126       0.47918115897801156       0.47706565466032724       0.52611820479806803       0.44794349723087701       0.48488231959219752       0.50269409222904105       0.54533965592780809     
  0.81070168387279740       0.83983451787931507       0.26562435979693744       0.41838898674325997       0.45164829196910861       0.72072962196829360       0.45354278768754192       0.44068796603581029       0.95617037588613552       0.57908758883331035       0.61211248940774565       0.60468383488982180       0.46040391128840563     
  0.42712100595906188       0.49119851367904904       0.52038522025701617       0.50826056295032662       0.41076856515987553       0.57637911012668797       0.46818540169045453       0.55620115044606455       0.45754892935468572       0.48241153786271973       0.51177660444992912       0.53920464277550695       0.44406617423094891     
  0.81861409630057336       0.84696334526943451       0.28235403626813921       0.43598439369052594       0.46527104676468922       0.73329996075437198       0.46678569196425990       0.45595263658032797       0.95798535735869073       0.58516371486448593       0.62523569535115153       0.61775125717410617       0.47622093856849790     
  0.50818326509046907       0.41903414510168463       0.50246880820049822       0.48891603226303837       0.55518049563794747       0.57540492243474750       0.48036303267260910       0.44745987281755345       0.54328748808023197       0.62114066675677293       0.50984952568536002       0.45756953823691038       0.49242206119371340     
  0.82620372902471395       0.85381194002071203       0.29958513754139010       0.45262157793438185       0.47916763760259046       0.74516600811390388       0.48053528536389600       0.47176030481478792       0.96018269387547639       0.59145176913808051       0.63928241495249660       0.63076830087451863       0.49327797388724337     
  0.53021359267062906       0.54382033466122826       0.47081059996502089       0.52452442505181618       0.52255222390804479       0.50334339922394966       0.48771091734822186       0.46474523248542199       0.46761605189244859       0.50247591615088349       0.54489817407086594       0.53854162273553718       0.57749117750258028     
  0.83366632169267352       0.86039536733668598       0.31662287265376154       0.46804557474803987       0.49419471184429392       0.75590178605723923       0.49536431816813981       0.48849466607233710       0.96219005019948156       0.59849132433054186       0.65307317545927823       0.64410776622632415       0.51135781715243367     
  0.53184333809697326       0.59895776097627929       0.51514483878955120       0.51773623998977880       0.55590656105202718       0.44487138950976307       0.52983154709302416       0.48419120636920715       0.44531644372448470       0.63909567639806719       0.47548023790235899       0.51050494496799481       0.52762049891265062     
  0.84079370544111409       0.86682957346035527       0.33333613124483791       0.48339969026839330       0.50993632945201162       0.76578486286368697       0.51119902760983382       0.50454344911453164       0.96442347304293130       0.60507704614544722       0.66623398037967863       0.65832878327054944       0.52952454554823702     
  0.51864716927750765       0.46124610810680555       0.62055645398325798       0.52232799002390051       0.47561602812651027       0.49577426606642910       0.54922652427067753       0.48573919544579891       0.44323404458646287       0.57328842327532969       0.51955774220410045       0.51040381114452649       0.50958062560668493     
  0.84808359646214360       0.87307986323365261       0.35030186702775779       0.49961806329367153       0.52595245875684538       0.77535118641892187       0.52644951382780281       0.51967707465201374       0.96645652467290299       0.61109950374688293       0.67941575539035226       0.67095099971335481       0.54640113951562130     
  0.54404404967616704       0.46061548573596356       0.53503451768104837       0.47038426110577664       0.49641827281293199       0.58112260535311944       0.44276830732938172       0.53920918251248251       0.65378825240937277       0.47280576897671006       0.54212283505040271       0.59139052917631540       0.55894407102471788     
  0.85505841314363640       0.87894547539214385       0.36882448612639862       0.51589868358301827       0.54201795525004504       0.78418951920445945       0.54199056445754823       0.53530836682089988       0.96833226325438027       0.61657744102710499       0.69262298454175952       0.68311938115197979       0.56175807360586560     
  0.51078499403959121       0.47566372233296977       0.53691089504093081       0.47995927461469923       0.51306560924776234       0.50557565554164530       0.53841848689041938       0.53293028376879392       0.46705978519676156       0.41721050177442087       0.48238949700659023       0.55861135653957883       0.42311169075681226     
  0.86199674622328382       0.88471122977654548       0.38994571863699323       0.53126428797336889       0.55816615590697038       0.79270679405202238       0.55848184820257618       0.55149063643976182       0.97011493086492928       0.62222254778758745       0.70576872861156636       0.69455443465390176       0.57634024613611246     
  0.48548547517128671       0.53005023572758347       0.49746599637626426       0.40603918193358540       0.50265950731897768       0.57676081561818171       0.57246743200950667       0.56928465294363850       0.48487026406000761       0.55464398808188642       0.52995720089566600       0.50519557251184510       0.45891315669602062     
  0.86869878157395863       0.89007424724133311       0.41235112204592167       0.54694453477952421       0.57474763738365187       0.80173849050022716       0.57469942490449943       0.56704076021490069       0.97180690600032160       0.62777563388049262       0.71874774721638068       0.70698564161091892       0.59084575890244340     
  0.51827347031581650       0.51513550554180332       0.53542800022970227       0.55212234477599542       0.48751252479499319       0.49655496979319463       0.58828658785885668       0.53473936408390510       0.45572694775822858       0.54222980585642488       0.51774314478398964       0.46377790165443911       0.46802425860657099     
  0.87491939071393565       0.89559685069153694       0.43612514837204241       0.56409033937185038       0.59180433233648344       0.81084390187550315       0.59037649223089350       0.58251457985846111       0.97345239917856363       0.63358640635939278       0.73148560302396248       0.71999199330628494       0.60571166130406595     
  0.43358832487475385       0.54379236080724103       0.53410660090673956       0.48233684767460311       0.48388786194906591       0.52083138530342188       0.57076121915234934       0.45347656787840723       0.52631376104673877       0.49206826593587732       0.51195578796578101       0.42943553764695613       0.51990107864417578     
  0.88118855177810551       0.90097160159063194       0.46094547275843756       0.58201261898979273       0.60863381755416013       0.81973474614080144       0.60554513990156433       0.59880085866056720       0.97500877742209302       0.63960823147823509       0.74374413533012074       0.73345218449707394       0.62083695759190849     
  0.51775855847953112       0.54124959336795608       0.57186683213393319       0.59292929723299248       0.45151026381572756       0.45755291190701652       0.46227786195904735       0.50077401593515314       0.54456700376651179       0.46273757698942986       0.52966681609480937       0.47882100262103289       0.53969995075879440     
  0.88724965864031646       0.90633091894386830       0.48632341615948749       0.59976659370738861       0.62439917156785540       0.82720174695378246       0.61952831937085273       0.61630244047455573       0.97643837514253851       0.64611039908486034       0.75520574771261828       0.74680290412181849       0.63558587780617692     
  0.55763401208615970       0.55676770800701092       0.53890954419903203       0.56964202319432033       0.44581691594256390       0.52483285351288356       0.50094784148919402       0.63391515390149167       0.52535197838862646       0.51450226761049134       0.54602806101173917       0.46954658508010083       0.51064845856465724     
  0.89321351265654925       0.91128372677061487       0.51144250564562732       0.61707945301563005       0.63992129948556020       0.83520126028398423       0.63346744016179468       0.63401870003597993       0.97779605511857570       0.65301677364449395       0.76623574390513349       0.75954031780636422       0.64960392959190971     
  0.45613586432634534       0.52950539517372652       0.55721507809644966       0.62713504231577799       0.48546693431005111       0.47286718132977706       0.52916678420625640       0.57192342845802713       0.40850023962905546       0.42961287495525113       0.51650030249908530       0.50474555521134579       0.51292231436122537     
  0.89915540730432875       0.91591464201868555       0.53653256506935554       0.63372100291005362       0.65554569251861250       0.84360246344281276       0.64798661866595253       0.65152713288863662       0.97910961020963416       0.65936575923556828       0.77612491827510433       0.77157961788973084       0.66308511856279939     
  0.53819643893907387       0.53081204934847404       0.50479744331552256       0.46733826688400892       0.49740539199997008       0.51507804338460272       0.49867550179297870       0.57176914032942683       0.51374582146554115       0.43044410561212232       0.46055517535069301       0.48420514992883107       0.45223935744136784     
  0.90496795181720457       0.92063857310133401       0.56237449001498141       0.65036743915463302       0.67178730693541411       0.85160822036735928       0.66394423906121391       0.66772906206675753       0.98039672099851671       0.66492883328103869       0.78556336274807748       0.78299370268389079       0.67711444399917076     
  0.50237632679127020       0.52924459006211111       0.44388533896446541       0.48948984692362518       0.45152910399164886       0.53293749530254975       0.52819064760422085       0.49589437890885374       0.51322787778823797       0.47412673609692030       0.47816139216569542       0.58462391090999188       0.49640448154982225     
  0.91046067053519764       0.92529630047264189       0.58960243691628855       0.66679988303037974       0.68826800923800902       0.85973430127345574       0.68072364505707650       0.68260675003126026       0.98165726544331477       0.67059836416122320       0.79594307444737100       0.79440785932957658       0.69282393964435252     
  0.62031996677568346       0.54117693371973929       0.46141782074140913       0.47449539939784213       0.55557423103342551       0.61227860882196072       0.51469237543377278       0.41089427166964826       0.49090796991526281       0.59475200303155018       0.56464011540621883       0.48194680171470622       0.55929607947781423     
  0.91543373479363310       0.93006185864881408       0.61790287955368906       0.68325362580940319       0.70476755942726965       0.86818074210273322       0.69744105965542824       0.69736954734444578       0.98286549570915305       0.67671359163874478       0.80756381694790569       0.80589577843510407       0.70784061819968369     
  0.53099025980746350       0.57907324271746097       0.46426069359662114       0.43612358196906620       0.47862409191713312       0.51207032923995088       0.45570936418669999       0.58428044599861473       0.54942067217851132       0.39516441598538610       0.66491714766780641       0.51401577895105444       0.59208006362121335     
  0.92013066237647245       0.93418553499773760       0.64667604542976576       0.69947481270140266       0.72113185490278786       0.87607596064072901       0.71301493225506429       0.71297993774824275       0.98403419382588841       0.68319358003291819       0.81927859402587400       0.81677994296235612       0.72240889685121534     
  0.55210362656285972       0.46411651172269469       0.54482002623821169       0.46985134375829712       0.51481886210073413       0.53247325960067138       0.44570631674220368       0.59470835907150288       0.60544275346788523       0.49701913086894683       0.53622086989794837       0.46210506182761452       0.55592245851556465     
  0.92497007483228533       0.93820582888941639       0.67645961494618889       0.71591632563766094       0.73796731538677540       0.88466309290639167       0.72948455051695738       0.73062154391449230       0.98512224440278684       0.69035552762893648       0.83044611514575051       0.82893869503770568       0.73617892551929587     
  0.46334053762430549       0.55198437891895491       0.47224753636218342       0.49378309735410492       0.52229065663188168       0.59721650867515186       0.48651835518916448       0.46357523996820088       0.55688781408478805       0.49146210283476405       0.45688551148366757       0.54273986981109412       0.51535159657344920     
  0.93002451609553494       0.94219583884596669       0.70873326295602568       0.73344117378253260       0.75473281311615559       0.89294392151894475       0.74669273405196068       0.74860440817500129       0.98614880292319973       0.69773109493967400       0.84090386800007810       0.84142217340189063       0.75084445703366609     
  0.51704974793406033       0.44323404458646287       0.53600036748372792       0.60491354692867516       0.52916768349605969       0.58694902450423747       0.53317315880781779       0.42538494845526725       0.56845029940109648       0.54442656531263189       0.45063631034743240       0.51416519661503846       0.53281292510048861     
  0.93524583526379546       0.94633646717154651       0.74288513888353913       0.75037217183494953       0.77070538045784798       0.90113045444812312       0.76422356916063050       0.76658230062386779       0.98711592183175667       0.70523792888916703       0.85137406280380334       0.85340505295326130       0.76670644189311898     
  0.54561410494923923       0.59098069228593642       0.46772777489191847       0.46947050046556654       0.54468248054588209       0.46771147022796489       0.58253429325367945       0.45929541365204735       0.47719966393850388       0.60947916360386889       0.57726268926477398       0.53367569373320856       0.58352193677865627     
  0.94021509631888189       0.95074679207012369       0.77503769421244972       0.76757976029264496       0.78545936699407415       0.90903644238283765       0.78160186178934532       0.78473153257487049       0.98799686992350699       0.71307726773681135       0.86185428503525008       0.86509198368067164       0.78412729799823333     
  0.52259108456152625       0.48522285644108215       0.42022023126203123       0.46922707507167610       0.52473143409586809       0.56818286474250923       0.52492044481240596       0.52840701588505845       0.49515432784512542       0.46033991757038972       0.53594051048677860       0.44917449128032166       0.49745496862808081     
  0.94491535927606085       0.95487882185364947       0.80052404857213633       0.78472154654486848       0.80010168704150786       0.91666109002234375       0.79833551102872979       0.80253434178241023       0.98881785953621426       0.72131653673332996       0.87241437661386956       0.87681294656986741       0.80160829459082494     
  0.63499479870282616       0.55206474929359317       0.42601361110022218       0.45473989670657994       0.46882049349843519       0.58960910938405986       0.48501111751454884       0.53507844957349560       0.45348572091259415       0.47528046062280394       0.52066971546804641       0.46032601380424953       0.48243393822582703     
  0.94963796044473592       0.95807119696509524       0.82396205689166135       0.80116828405920248       0.81542141426567294       0.92417845160598378       0.81458523242467207       0.81968098300326364       0.98961842834896596       0.72956066883728521       0.88348075930827052       0.88841256303697458       0.81936735415397344     
  0.56853768704011887       0.45650919966126646       0.38464071147735479       0.46052993681142623       0.49531320445793081       0.52060041418138936       0.50870532630625831       0.51655182451912229       0.46167732540486683       0.59854664347175612       0.58234420943972298       0.52772529000232737       0.43935363053708149     
  0.95443487776065838       0.96156981736209268       0.84658907975594555       0.81746642173138351       0.83062990125592839       0.93148754580236792       0.83039542177368209       0.83624654882002125       0.99042382175918764       0.73783792547138760       0.89432317454188970       0.89964063876938094       0.83643386581412438     
  0.67077864028986167       0.45627328199013317       0.45998883767175575       0.44657763279548934       0.52637677091639057       0.58187426424801936       0.42858940863410044       0.50408790687599925       0.55417365573032440       0.53690202083131011       0.56504289126850071       0.56625995188016576       0.48920826442478937     
  0.95854954566250650       0.96589363429059971       0.86786662583921159       0.83577029491594379       0.84606124208547651       0.93877342151780241       0.84559251265163471       0.85264948217088743       0.99123889053832226       0.74620942771315812       0.90504220984718631       0.91057399386523907       0.85461205713915123     
  0.53495415977121363       0.66038669668702221       0.41964329212453372       0.49155420792266979       0.51181648866982898       0.51398968137611134       0.50991148426811139       0.49078780136484429       0.53800697805936282       0.52507754001363660       0.48833092299097930       0.48030426800925741       0.49884525707730698     
  0.96259101002918424       0.97029350521019242       0.88715416716421669       0.85436656937963762       0.86261473117908782       0.94621786351829063       0.86115687134710139       0.86952207642192114       0.99206794424332279       0.75514554565620329       0.91490218801709111       0.92130611921322425       0.87196767293735578     
  0.48835883246971862       0.55539449714522404       0.47762080160492504       0.54674345321237239       0.61037779722996754       0.58309560310466801       0.52674807591770256       0.50208177993787750       0.55588749947793470       0.62397840828424722       0.59339003866287399       0.58370448275874087       0.57842119423783633     
  0.96684781738107184       0.97411405673374563       0.90479838417071967       0.87242412413695947       0.88044814745654743       0.95363055136621322       0.87807291749415106       0.88604030440264925       0.99286389538264885       0.76458596767725306       0.92493471864097987       0.93172411240931796       0.89075048097719756     
  0.50190136617964298       0.59044395888463341       0.51970552111475410       0.52108290715527905       0.50467795030574580       0.50395259531255643       0.54339739534708020       0.57357377104269580       0.58343284788089189       0.53376848994381021       0.53362093240995045       0.71689800964234629       0.49333756192926753     
  0.97141476552375805       0.97782605711620108       0.92218328123663562       0.89057519499635518       0.89900308012327634       0.96090773407085373       0.89551494775400209       0.90188840181967955       0.99361685433086155       0.77499531892179752       0.93509122976761205       0.94192263513392915       0.90708247908094053     
  0.49356102286455933       0.71666047812609612       0.53739020569179308       0.51046749941317537       0.53255719341534680       0.59796443846104297       0.55141385377468266       0.60729614714570768       0.55875964453546223       0.54761524670617645       0.48321733950156026       0.50721982116784847       0.62923853818847653     
  0.97590850233300930       0.98123109990396573       0.93949195664257257       0.90892700057333387       0.91679300772447492       0.96774177854741861       0.91272658911221582       0.91684709199416159       0.99443617472213075       0.78660614332048395       0.94564946909838354       0.95194829511263945       0.92393088695765657     
  0.57717072388421342       0.80568545336265995       0.49374418064191838       0.58383105213605246       0.62117562107309776       0.44006302812401338       0.49733565432923343       0.61467821738551986       0.55190732290534961       0.61571563704987020       0.51719147829996714       0.52320629774720417       0.58508858898885419     
  0.98027395154269314       0.98420326893368959       0.95525720213614884       0.92452251268816377       0.93352862046524077       0.97390186244618115       0.92997662733742170       0.93313121105767050       0.99528386883932407       0.80031113493882877       0.95599021079518010       0.96219546779022991       0.93925999145956673     
  0.51442770123467108       0.52044324434835532       0.45647797626267289       0.50975635970423339       0.46481908900098201       0.45256856648783911       0.59509236708230795       0.48162425711427886       0.51487332539177810       0.55876056545748143       0.55023205999491820       0.45341981973477113       0.47535482866006751     
  0.98459127828065629       0.98729376343668018       0.96934695296035855       0.94289104309417027       0.94970596217508363       0.98040835846829888       0.94762635109462034       0.94986374831610731       0.99617274533120659       0.81692902832076508       0.96661897728766089       0.97235826739457576       0.95535760361528821     
  0.55847618873263627       0.54392710695108037       0.61715345709386105       0.62252446438055764       0.53519174833566108       0.48047199285767472       0.50456625646657927       0.47527967757330580       0.55624128444546139       0.50610011123944698       0.50227864322787519       0.45597319490960342       0.52367489635243158     
  0.98922967287152175       0.99101992127193250       0.98053643287617487       0.96204940397577510       0.96728016233006653       0.98713265312628773       0.96495094481956001       0.96688447667190758       0.99718687232792358       0.83809424299797386       0.97677795255475686       0.98180818458357721       0.97129477826886956     
  0.54426804118768435       0.55836341383425647       0.51667195622197015       0.48155558745765931       0.59795991489728517       0.47323328175089524       0.48807239607605329       0.47124422311567304       0.65348935279180798       0.63466324023480492       0.53588844688026549       0.58944159592143175       0.44955924768901623     
  0.99451275129535621       0.99559987416442985       0.98995312380752432       0.98142594828474494       0.98204944570984898       0.99353888883589814       0.98183990457275061       0.98356540569815876       0.99843251923439025       0.87360925781664578       0.98840936215848574       0.99120983011856822       0.98591775390524272     
  0.57830051471278310       0.51104980291017876       0.58857483815405121       0.52766763772412095       0.55566175203988044       0.53788357780285445       0.53110743553694617       0.57401788631632511       0.72328009098854018       0.53767143911088611       0.47453937129904167       0.49233378199659528       0.43374609964824468     
   1.0000000000000000        1.0000000000000000        1.0000000000000000        1.0000000000000000        1.0000000000000000        1.0000000000000000        1.0000000000000000        1.0000000000000000        1.0000000000000000        1.0000000000000000        1.0000000000000000        1.0000000000000000        1.0000000000000000     
  0.49311182587999364       0.46885961862637193       0.58721281474263864       0.52410368718141653       0.50271341085522603       0.54959276376062682       0.55171968305217045       0.55065964461838557       0.43891066737121265       0.44865438387137246       0.50984977405604825       0.52125376981494786       0.45745923569044089     
   6.6141766599584368        7.4998424328881237        18.481297197416534        11.155846062517901        12.691010440873317        9.1019350250600777        11.573458836430634        7.3137676189419070        0.0000000000000000        6.0573382049644335        10.089989938661930        8.7276413810534450        11.032609840316924     
   8.6053713805877337        9.3132047551782460        10.220713787139443        11.574028927675595        8.1964295032552048        10.435729774998089        9.7764116586658769        9.3475575858880546        0.0000000000000000        11.549234210904181        9.9955452293271936        8.5301408384634794        10.006641032839751     
   10.054301430941514        10.541268862160504        9.2194681046419422        9.1518082160669927        11.021985668118438        12.033481724308643        10.645958605318492        11.346896890980673        8.7822273413210077        10.597532904163847        10.749066828561560        9.1683934191627277        9.1198001816674914     
   12.366413957640285        12.506187383280981        9.3745695003588434        12.273571294279987        7.9513102506042559        10.317642315151140        8.8430978980283879        11.062478344162196        9.9435414598898308        10.983866988545632        9.5820570712408397        11.168637091697530        9.5681198686437607     
   11.320999999356491        9.0724555923921280        6.6343885977583330        10.053308378307623        8.7126054917030000        7.2343400388630528        10.629426206056017        12.055425346290111        11.901759699872155        9.1842491633804411        10.317762711550666        8.7016801247346915        8.9570512338694446     
   10.754354384086186        8.7646215577613749        5.4919688021167312        9.8143069673563730        9.7101907019175968        9.1786349215026366        8.1158205574745939        8.8535098517518929        11.048537426056622        10.879617215196726        9.0386438410695167        8.6732553624919628        10.999285651287346     
   10.512908668405768        10.206776568955593        5.8308759443328686        7.7132299060704703        10.628789623097147        9.1427782449181834        10.336195761670856        5.5010282801722923        11.793701219719217        6.9055170095464442        10.742230674264373        12.978154562439776        7.9648953340168251     
   6.7535624382931623        9.7600100325225547        9.0815389908606967        6.3084704803357905        9.8340572425110295        10.952374161538197        9.4419575321468603        10.840392179972902        9.4268794977989021        3.5345286083608487        9.4367753287405538        11.011187299318015        9.4662269752315940     
   4.6033107621987363E-006
           1           1           1           1           1           1           1           1           1           1           1           1           1
   3.1096557743436132E-006   2.7989514456760498E-006   5.5469392501118402E-009   8.1615068824843018        8.9404962610697328E-008   1.3820756845160577E-010
   6.6016527376745742E-008   7.0134665997223709E-008   1.6622690363066799E-008  0.29783595693822607        1.6618287930896646E-008   2.2497242632147054E-011
   5.0000000000000001E-003   9.2304630123819287     
