   0.0000000000000000        0.0000000000000000        0.0000000000000000        0.0000000000000000        0.0000000000000000        0.0000000000000000        0.0000000000000000        0.0000000000000000        0.0000000000000000        0.0000000000000000        0.0000000000000000        0.0000000000000000        0.0000000000000000     
   1.9746916645964438E-002   5.7900870088476428E-002   4.4933637420411978E-003   8.7099173599485269E-003   1.6828243201690428E-002   1.4922764631696016E-002   1.4405176331479265E-002   1.4758508523846811E-002  0.28925705635436672       0.14149482605117930        5.6466032081654606E-002   4.0344911340983253E-002   1.4858642839161270E-002
  0.88918066093275838       0.68878980257437394        1.8218587827515049       0.94688453470510259       0.93166690544621789       0.83072264907238180       0.90674111015037884       0.88703527016554873       0.63622987367970729       0.63970675569052837       0.63622987367970729        1.1149198671108382        1.0251298440052132     
   3.7588298453926638E-002   9.2658076038842713E-002   8.7869070290767931E-003   1.7771305063356654E-002   3.4246731624820975E-002   3.0266828770464251E-002   2.8760455254216503E-002   2.9563622062771792E-002  0.39505275868853196       0.20333405161127249        9.4183696187958674E-002   7.1538181346145896E-002   2.9274820267119684E-002
  0.91357286539076077       0.72096160703888168        1.6360313588785287       0.80831206801057875       0.95335834016359977       0.77021024829551976       0.86852284946538183       0.84308618158828319       0.93351111453750024       0.67324929421617086       0.88746005148515961       0.98012099225468263       0.89220845592300269     
   5.2982633097168851E-002  0.12049675517156877        1.3160583627994412E-002   2.5615651616412282E-002   4.7778962352249529E-002   4.5135505512756899E-002   4.2812418784630719E-002   4.3964953182562119E-002  0.44916847570033408       0.24272427206385239       0.12972521357226957        9.8106838642892505E-002   4.0351378474209311E-002
  0.88878339050810484       0.72805058116843813        1.2788487179126609       0.85411781543373744       0.99976596934636708       0.87022616085697579       0.87292444086257692        1.0866460502661426       0.91106811448715663       0.79266450256963239       0.98000629186326471       0.96805381197043683       0.73758702436216694     
   6.8857235761819124E-002  0.14731089672322054        1.7537327106527487E-002   3.3809400332952766E-002   6.0474898570558627E-002   5.9081251813353011E-002   5.7214571247636167E-002   5.8854518407841221E-002  0.49173602491656287       0.27022394266928740       0.16586748997897979       0.12679545777168208        5.2851944027668463E-002
  0.82691088111445876       0.98054338317535983        1.1273383223444358       0.89354651991553191       0.75841112556207291       0.75687471089250002       0.83652946978246612        1.0522160625634365       0.94311969671971818       0.94047383440931309       0.90142968607727481       0.93755354960109960        1.1004761224813930     
   8.5834008476130430E-002  0.17180539554051952        2.1850253997054155E-002   4.2511240322306916E-002   7.3777539944344328E-002   7.2175407056582139E-002   7.2210228934756357E-002   7.4087284790999436E-002  0.51325717087735301       0.29138648748668527       0.19185628573328159       0.15332362868013552        6.6084216233161741E-002
  0.80693334180028731       0.80364507276155495        1.1567529543625137       0.77115428260107988       0.83454455594080934       0.76073086171205306       0.88713480925919430        1.0347130299676000       0.87251958608163849       0.94627725521540074        1.0727088192382415       0.85731352237017222       0.79930773041584113     
  0.10243510875629530       0.19491506982104165        2.6023978516355344E-002   5.1530259374669679E-002   8.6989496772133718E-002   8.6398869563855146E-002   8.6792657171759005E-002   8.8693477076479732E-002  0.53376884121855306       0.30519399810724490       0.21454636464700916       0.17824539708781253        7.9625998944233056E-002
  0.88244697431362495       0.93530256276041335       0.86651885832802744       0.92552085483313340       0.74294184958373988       0.75697156369202978       0.84284040412865735       0.91233322355037694       0.83945308377248995       0.74750253452970661       0.79328452262184257       0.79953261046902646       0.80979309900360175     
  0.11820884644143446       0.21506244843837399        3.0374988329572514E-002   6.1835362435295090E-002  0.10255323962869223       0.10105039188181958        9.8558800230813759E-002  0.10366866105812200       0.55310944537792917       0.31652704144645355       0.23317584562418517       0.20099532849495849        9.3851091143849819E-002
  0.88107870040244884       0.90451646653145368       0.94050290956067173       0.87565434708780998       0.84314897929058930       0.85927937474643834       0.95066188635148718       0.91755241796476161       0.82021936213104241       0.77784894302489793       0.72032111184081893       0.96186781440918578        1.0447631087672544     
  0.13346172976118326       0.23348050966716966        3.5114188624464360E-002   7.1732819702701234E-002  0.11887890912094834       0.11652541052445155       0.11034236172570482       0.11925734744768483       0.57022235666555354       0.32762191834270110       0.25516608117620398       0.22317141569922261       0.10797922345187590     
  0.98623575973292077       0.96487138405789252       0.92317980591758908       0.86846522809099935       0.92287287289830577       0.88414906455267672       0.89166822768021992        1.0400173185449073       0.87822609060819845       0.89843461095440047       0.87804896555315703        1.0724563291239491       0.82763945569944386     
  0.14817124464944748       0.25214836221730519        4.0138487681155820E-002   8.1356408584581666E-002  0.13526174322029491       0.13254023626081740       0.12301728200856181       0.13505646102118229       0.58654817360336853       0.33861394877647416       0.27620741474702887       0.24353009115133520       0.12209399107671003     
  0.77216943680171068        1.0089832692079610        1.0635525753611272       0.94103375896922548       0.86272326203717931       0.71825169051441340       0.78046016004562180       0.85879450539795887       0.77369229152583485       0.78571417053934889       0.94555728422537899       0.86912426160976819       0.89687357681654145     
  0.16187004962463711       0.26944419732769803        4.5784761424134311E-002   9.1209397898952410E-002  0.15206299743765575       0.14795914237912644       0.13718338270306171       0.15038084086495451       0.60109901028865909       0.34916070238173574       0.29588374647406396       0.26384063243964140       0.13583510503637816     
  0.90969715097300285       0.97675226832107631        1.0721350650181907       0.90222396888956635       0.90850735343391076       0.79932102313766495        1.0171418527585914       0.94065993558227212       0.75716235762381323       0.86632765436115444       0.88266838324002617       0.82655322708213230       0.93227182816819931     
  0.17539298877105028       0.28651641882949314        5.1407630614362501E-002  0.10234506039414813       0.16670089857320544       0.16326657518453125       0.15353606875390147       0.16528839378355614       0.61498793302513866       0.35954010907901185       0.31510784968907118       0.28342346395902085       0.14954639481167442     
  0.77495264694063404       0.81803650186041510       0.93507268312291081       0.91762954106592132       0.95329070597399013       0.90192040659841066        1.0171085489356577       0.81661989486958686       0.90802454050865755       0.90401326230995660       0.92320509707343967       0.87763291788577968       0.96636189644735992     
  0.18948500177923033       0.30299752847720718        5.7620606522536914E-002  0.11325147760656466       0.18155647258802524       0.17690239956567044       0.17005988875981634       0.18015980315674587       0.62688662263432238       0.36946627203705323       0.33326801252853649       0.30290598771824739       0.16266853938811512     
  0.81676700338841901       0.80156029405800344       0.94086610607529697       0.93539303078869085       0.80578997077302261       0.88089334855704826       0.78978857669392821       0.86761917593932536       0.83906676099014688       0.85739365795366540        1.0820576521209981       0.72869604368732388       0.77536380702940522     
  0.20446145130770554       0.31989079189869785        6.3892232366271784E-002  0.12460704759471640       0.19578740870845648       0.19220349538432835       0.18669966966148741       0.19453549262320835       0.63863532387122057       0.37923180262220352       0.34934953592509910       0.32206642021216708       0.17585879235277643     
  0.87548019892751372       0.81104520348514209        1.1350571916855721        1.0102016796394409       0.86980196644921337       0.81756441585039152       0.99973202251216986       0.89807815387385137       0.84930311155668470       0.89375025259434626       0.83599952559562418       0.85517841611201795       0.75482881529255430     
  0.21936951265983526       0.33637068180376495        7.0574074326193864E-002  0.13579685792727478       0.21019423582117702       0.20957204727666268       0.20253744937607848       0.20905889964018320       0.64990877623516696       0.38743082444092181       0.36251307746666944       0.33938089193169002       0.18954113413101051     
  0.76493365359384724        1.0900105425083055        1.0326809492614488       0.83902097329098668       0.81853368737910404       0.82316716876717655       0.87110296081045846       0.81860381251774894       0.75454622616107403       0.89561977794358338       0.76146198710778967       0.87827296742392680       0.83957991762070916     
  0.23429752251846483       0.35294732317422395        7.7263984511538097E-002  0.14636525609783216       0.22484922231777879       0.22738579248780252       0.21771938605449742       0.22312877024249600       0.66009044099312619       0.39555721525057042       0.37576825827664706       0.35572408169588560       0.20354625706591914     
  0.91084327829114464       0.97730687311464759       0.83960977219153010       0.83676601670108119        1.0186558180988126       0.78577166992712322       0.77289550602564216       0.73158532292062184       0.76456994388930044       0.89693842797550338       0.85502362556861389        1.0313625461247136       0.95873604518020050     
  0.24926441582486450       0.36897713990524317        8.3570450289108977E-002  0.15658570363541183       0.23928859734527283       0.24549826725027865       0.23257482401612489       0.23622797066498352       0.66981014785472759       0.40237428107959788       0.38887450966018050       0.37128671231807647       0.21775484636447723     
  0.86062465551003986       0.84460629092301498       0.83923732525049632       0.85724521015474453       0.86097458017146900       0.88155175201231950       0.95310369448277954       0.96092024315539248       0.81667257319423658       0.80827214359230792       0.86672021109979525       0.84535768153961666       0.90701461830219088     
  0.26420665141646144       0.38523382697323738        8.9911950669865542E-002  0.16630825596859650       0.25455806861613284       0.26195803552738089       0.24722454432163410       0.24732388125153881       0.67858735841614626       0.40940737148982664       0.40271381601286516       0.38669089652058530       0.23140017389781994     
   1.0206584395253628       0.91977195903105935       0.84735087942780118       0.70518404090545961       0.94875308097113065       0.81389618537161423       0.94966316654833172       0.90804195939782684       0.81880368529585412       0.85137997425356116       0.76388908902187580       0.90928805143123859       0.81228985477433302     
  0.27716748845462824       0.40189342951531742        9.6485425593111351E-002  0.17607612326864047       0.26965495370670944       0.27855850790348918       0.26220127180137737       0.25904942962402777       0.68728457592398406       0.41544551192680812       0.41653201574244730       0.40013991861639470       0.24436641775694420     
  0.86054954858403199       0.92541497948881346       0.83823077663182211       0.95659439467024021       0.82801364770756058       0.81748385243996102       0.93752050792208164       0.89636879624180765       0.98447941262789784       0.78298721352080825       0.84532633301454985       0.83710026787851322       0.79921623648692031     
  0.28983997595886180       0.41700264323166381       0.10310065264142450       0.18850637853571461       0.28419424590663345       0.29486152003989696       0.27711550772618870       0.27228077228974668       0.69549045428836587       0.42143889454808436       0.42949616606917151       0.41370040876453246       0.25639644695906366     
  0.76510610127000267       0.94389006892566907       0.85745173800654695       0.93877885495411073       0.89032344124244434        1.0723818277186794       0.87851577775161960       0.74131769482781806       0.88285989322916802       0.70782576050156609       0.83344801952578329       0.78830312195672692       0.83230743747171565     
  0.30525410461486824       0.43266513117936201       0.11059558053020650       0.20072775692356856       0.29837015683271134       0.31031281069996280       0.29092173699672330       0.28662194052394713       0.70355596877908011       0.42909111903512909       0.44215604903914912       0.42741153650968011       0.26823983938168189     
  0.85141679799149461       0.86859813769746408       0.84212216125785933       0.88678189449072709       0.92832361589468559       0.82976363465454717       0.74966164033410598       0.85139170835028744       0.73668522459467556       0.87683084201488659       0.83609607629033655       0.95928685502830380       0.77993059403021203     
  0.32060666718987640       0.44568922763866248       0.11822739190417726       0.21324488022248339       0.31007200168876375       0.32559570115430647       0.30395689151460953       0.30233639463451778       0.71096647613289354       0.43663315055726448       0.45596289393351308       0.44093089432814309       0.28180437700758065     
  0.95435336620163791       0.82408323005203776       0.98077133851475196       0.79629276551393025       0.86270480523250970       0.87304005119111172       0.79212097894302969       0.86340099861653075       0.76789659809935173       0.86445911880492443       0.74036546999653252       0.93604800020333112       0.81450288456745312     
  0.33263801197471421       0.45757203961058318       0.12644192463296830       0.22510267631734682       0.32148045261290492       0.34116972079630670       0.31701995846380376       0.31806672238485567       0.71819641727822103       0.44356606268562870       0.46919023815855870       0.45458237153245312       0.29501825331855352     
  0.89562791891591809        1.0036952308412668       0.82685495893191174       0.91204627228310498       0.90487120013664868       0.74597772317076905       0.81878558804861346       0.95363260636763691       0.77515074640799786       0.86730751066735501       0.73426414733342138        1.0194656957137909       0.86266389592786497     
  0.34474963549634452       0.46922254069734076       0.13465020107958936       0.23541817839836368       0.33218167356018136       0.35603735487223054       0.32993714006862679       0.33407754738061890       0.72439866546882159       0.45045349951954949       0.48161412241005480       0.46774429983915827       0.30768885428245574     
  0.87209922953277386       0.77460817619162348       0.82308787652968451       0.90315010601965751       0.83682696093340081       0.86834505576155796       0.90859512536788634       0.96202687500808459       0.74726231477454030       0.99658782711470151       0.84588851742682580       0.84371375284093963       0.83256519707718435     
  0.35697574342307625       0.48075787638188622       0.14473305505588074       0.24592262628149156       0.34354080670592346       0.37097765054306714       0.34352386607880031       0.34895930627022376       0.73106796384763617       0.45683444423773450       0.49373117396336652       0.48083361062500019       0.32040388898276845     
  0.75440005080921513       0.83500738166261534       0.97299592827799175       0.84443939129022028       0.83410030063300145       0.76513333192574651       0.81185065202234474       0.85611540122386875       0.83546081248596782       0.91388986389223259       0.80805101728360884       0.84960625676592416       0.78372721267964762     
  0.37009619250488424       0.49301234228121937       0.15454418933206504       0.25675518523236895       0.35571078268900697       0.38617670184073294       0.35738361724959505       0.36277155648493087       0.73837530202546198       0.46369651326405503       0.50529273397339269       0.49310299850858186       0.33510732291303724     
  0.86165600164131817       0.68288972210237986       0.86244692365591391       0.91026661488304628       0.93811774637023471       0.84227184120827026       0.78223131362054654       0.87076665220850558       0.86114393003019329       0.95318768548878519       0.86675974488804275       0.85837603918735006       0.75662800713528766     
  0.38503169283231231       0.50489038897738259       0.16539216782757948       0.26759093324996724       0.36806468762521632       0.40023784863087891       0.37102544938064325       0.37641092135154325       0.74581867211871855       0.47014625310019204       0.51720169287623219       0.50455185298887051       0.34896706264441474     
  0.84264235603798177        1.1189999036239080       0.83352423089556238       0.86384262500668341       0.67205671793083610       0.82032197411293950       0.75023055621230506       0.87472007512329242       0.83032551118479325       0.93586247219801155       0.93951096009292978       0.73712244461153187       0.88751663146974458     
  0.39934095485874221       0.51602931797954155       0.17654012369140129       0.27946449204576124       0.38155887689390716       0.41367202637768935       0.38476067238365180       0.39003862459287003       0.75334915834662775       0.47657457894321881       0.52922193413289265       0.51729480201961198       0.36276965136582878     
  0.89926907590390293       0.77981726931638995       0.76351422598216589       0.95176894436827020       0.88122193003286398       0.85011714379104997       0.98909932212073381       0.89342066619410732       0.91249364063427829       0.96525816829352273       0.79880634084072299       0.84609969876170066       0.81642761620340332     
  0.41323635258412222       0.52721279905753993       0.18787115128735343       0.29212305499093238       0.39646534736945266       0.42967309694295647       0.39763520979905026       0.40514219358060533       0.76061191353639934       0.48300252085812534       0.54152662130833729       0.52989404818766217       0.37718566743124543     
  0.99307948653800970       0.89035148333302883       0.79454570736681362       0.94866602270703182       0.82692833825631651       0.89329012836106980       0.85140045984393631        1.2459379510872530       0.86652366020650695       0.84549713301713403       0.84054471715366685       0.74121862488786705       0.77339165943809129     
  0.42643011745178483       0.53941992627243418       0.19917147978162983       0.30450878536354781       0.41198030817712700       0.44514841807123173       0.40998997642608037       0.42001626648325674       0.76762897034850552       0.48953999757172451       0.55372156649498117       0.54193734908713931       0.39099975044362228     
  0.82818062487682920       0.77705935568193785       0.89143817612080722        1.1675442010306942       0.87991627063535338       0.75969350479483677       0.80354321046363242       0.93382971031982298       0.79326589736672115       0.80350668777660206       0.78083526279138737       0.90026661417396325       0.79318967161675169     
  0.43890114082173626       0.55287416673004031       0.21066562496536786       0.31675381163205230       0.42808136195054086       0.46000392348184582       0.42175495988197936       0.43454377957206292       0.77538687304044929       0.49655243118249093       0.56837531749706827       0.55343902190337424       0.40588331058327387     
  0.91795101011788627       0.93761488740347976       0.73065150737190421       0.88765484291218344       0.91507615583319313       0.80757241018967640       0.82199177257204503       0.82005402420665585       0.84000546590082847       0.92209410464885255       0.95885853396847787       0.92428640918155491       0.86483764259074447     
  0.45122313043547424       0.56629241025484522       0.22230696888799245       0.32767830665104153       0.44375856280545695       0.47603231783337718       0.43462594781633074       0.44805052165492942       0.78365186517727792       0.50339551204863020       0.58373014695192105       0.56800691591998353       0.41884948652345427     
  0.70190268658544663       0.84635568591144361       0.74937477859558033       0.91843140285895652        1.0060980583311143       0.80844983868379094       0.93841113437970891       0.83596815119468570       0.95537972459187648       0.85884658584886253       0.88196427281776069       0.83100662271657211       0.79226143822698236     
  0.46378848370171177       0.57905645838085318       0.23439441109753009       0.33811448838432873       0.45948402127952431       0.49541241191382640       0.44861494630279652       0.46101692796017701       0.79145156799320815       0.51139462302689098       0.59969588210857860       0.58322421441266459       0.43227945471981338     
  0.76184428510956070       0.81222496967189983       0.72072024624639308       0.84767420179003539       0.90480853433778141        1.1085953226343963       0.80376037489249219       0.78260512598991205       0.85060962225018266       0.99662363194778647        1.0669891335942152       0.92228690871791319       0.71271404453958342     
  0.47581104675874814       0.59038670220533152       0.24655530524661923       0.34935798423499087       0.47581872127158853       0.51454236808087450       0.46285553905547705       0.47279076531206299       0.79872988274510659       0.51965418105538752       0.61608610159541188       0.59752822868145206       0.44732430124797190     
  0.72378867787168988       0.83870350223022616       0.85225461567881677       0.98655827383283556       0.99939879205207249        1.0000506938599198       0.88435937033469525       0.87260217523405348       0.95711405940037342       0.96007649405166029       0.93894123924544615       0.98857557867516832       0.98880106297057158     
  0.48737772763497450       0.60142147188009287       0.25957119135915574       0.36024854508101667       0.49174921212342432       0.53488911543777029       0.47700745447172155       0.48509265716528643       0.80583056593671853       0.52711186529654164       0.63193871227479959       0.61148714649125391       0.46251564964389819     
  0.77517641537166460       0.81920069326612299       0.86464383737200790       0.79120591720028355       0.89226709303936547       0.96141021148648909        1.0067890655997396       0.81405497186278919       0.83372913879652044       0.76284010766949595       0.99925265049341783        1.0594943547536650        1.0766722586981872     
  0.50294259316146839       0.61615685464447711       0.27307405603877116       0.37077780015578227       0.50880248634885883       0.55450738403412270       0.49265641714746672       0.49733914719239675       0.81272523858845325       0.53395432786299457       0.64724907868931925       0.62570047663294814       0.48177638399727157     
  0.91718737016681096       0.81553556976839015       0.71153989113286720       0.97158386043040978        1.1005757589112275       0.93594131908387346       0.81100192914103053       0.75610171618557098       0.94513042222532928       0.82045344520223940        1.1933337570539728       0.97642303009431919        1.0581395843078787     
  0.51729043052851875       0.63091048883389689       0.28696702435511834       0.38116222350022128       0.52511857798709594       0.57285747484865002       0.50818143048314113       0.51062388405291170       0.81921084819401158       0.54087828429034124       0.66248142381273234       0.63983201726152972       0.50075365257126714     
  0.84881213986992055       0.95948339304981456       0.80630880412463490       0.77379621666654652       0.74353715727335479       0.86318273076768670       0.80277806970974719       0.77639779382427132        1.0199090585641515       0.80377066268533448       0.92909722423224828       0.86218478490683315       0.91195029556667384     
  0.53376995190223175       0.64380688504017203       0.30082741630485588       0.39237680022895871       0.54214434099896214       0.59117958161073003       0.52380227465478113       0.52490411859847252       0.82582167908374660       0.54796075839465974       0.67558373167632246       0.65414444125811255       0.52102161143013226     
   1.0848135475516112       0.96588415885907020       0.74823254646850923       0.75891747222822192       0.94114691856881738       0.94906455062060457       0.81300272784716776       0.92193608658180393       0.86844971612159272        1.0011795357606665       0.93837682680327927       0.87422928606014649        1.0974664395649780     
  0.55003863181850365       0.65666003731802902       0.31299452357849078       0.40557678739593522       0.55966848349965526       0.60916553180307897       0.53949652478893084       0.54091031686308466       0.83241025648846589       0.55499795510251904       0.68914399039150676       0.66831272200528802       0.54042029624570787     
   1.0050780207083425       0.82107572359069370       0.79706166825231661       0.79901662649034033       0.83419291900527870       0.94612078923010789        1.1181651299909918       0.92977704425779073       0.95737906167280773       0.90996879669260389        1.1137844857730925       0.88114573979406596       0.99703084276733356     
  0.56712253150626235       0.67096257468207587       0.32695239847379393       0.42020209917601720       0.57800788943116133       0.62736250494109413       0.55656987329838536       0.55812238787525625       0.83908064227286150       0.56200161402111137       0.70113051152667683       0.68141595751147299       0.55617757173551818     
   1.0597993709034694       0.91340381073999377       0.79667240101941261       0.87954016734656359       0.89185857840275973       0.77785878185754154       0.93000099102985057       0.95091992135909276       0.98368588240237487       0.85839287049233148        1.0284471800701604       0.92157998423004595       0.93879676400739942     
  0.58419981740118399       0.68475716980069690       0.34071289690289935       0.43565345869291194       0.59702147578720999       0.64405021660232487       0.57339897346293345       0.57448537792683818       0.84542295632104958       0.56919980635996203       0.71280232822662848       0.69584625148533252       0.57120557613874701     
  0.93809785909560583       0.96128945660067899       0.83546184976610993       0.95196443269192299       0.84385857668981124       0.95208001216831684        1.0439591063209037       0.90194470191730802        1.0950235260563255       0.80502420264336183       0.86617440071419605       0.82132604285038291       0.94239439039779516     
  0.60128568022537465       0.69771550198495680       0.35675897226538950       0.45060229222063125       0.61540454941513212       0.66015982378177851       0.59095978479009592       0.59049310197527372       0.85158634392466359       0.57618089466102818       0.72416493090191414       0.71001846293511084       0.58735351333751151     
  0.93465842980691538       0.77569712916904243       0.84904124752586452       0.87031418866034405        1.2689920550712512       0.83183469800338072       0.97410771882585068       0.81191109653848015       0.82412107753188713        1.1025773031521211       0.89634763190580469       0.98533557010731965        1.0683263478514815     
  0.61859558842781659       0.71000576383412395       0.37523273254527112       0.46376506385388777       0.63304341907221917       0.67619450479284982       0.60901862493036851       0.60755679206077218       0.85783875241320606       0.58265403498825141       0.73472784354145348       0.72411967417786127       0.60472388607561522     
  0.84613189595501082       0.80960087136485315        1.0361907812098445       0.89958034205256565       0.82300397025616567        1.1046882543783969       0.99703748273288850       0.91051072264819077       0.89690659490889790       0.99172263462639099       0.79017568798098548       0.92535763493648482       0.95355310101584934     
  0.63648042856986475       0.72220596783156532       0.39407015361332776       0.47761897530640951       0.65144195214129919       0.69197250720260717       0.62683405599953701       0.62614590979741025       0.86402801471168234       0.58944750109265065       0.74559207569628483       0.73801570862708044       0.62278761858577203     
  0.99507210216302389        1.0543298610006313       0.89128897873950241       0.97363929438941643        1.0961002469117997        1.0693110730792317       0.80413081859985336        1.0063288035213493       0.93400129120399333       0.95997751772226414       0.99433835786478120       0.85372394659848960       0.98481790149965032     
  0.65464481096704119       0.73470082616743815       0.41253390885919228       0.49276529737209257       0.67081846352121410       0.70768137915039242       0.64474572160058474       0.64484427339477679       0.87059224665301593       0.59636451558323389       0.75664394983743821       0.75216311336669517       0.64153910835583938     
  0.99700538889280732       0.92713391239542819       0.84360257746158351       0.89968550700984784       0.92741341171602287       0.94193963873893172       0.99858034554743225       0.91405916690283995        1.1002245700222353       0.85448570697651205       0.83065781133787975       0.86182247867915340       0.79111282285489515     
  0.67300097022667271       0.74781751750149961       0.43185352012970851       0.50888008646118288       0.68958501231927805       0.72355756823637463       0.66226823399090307       0.66296164994611850       0.87708381815926550       0.60354607540382776       0.76799721630751705       0.76786377270717876       0.66085116688770862     
   1.0514591348726012       0.83551961484952675       0.89694539028086850       0.95509306733537869        1.0184085706884449       0.91623914643418136       0.90906493371936925       0.91253090448427054       0.96665322355878214       0.96808144869244461        1.0354165405323679       0.82336259631724706        1.0928974137403322     
  0.69201735381462448       0.76122196508655338       0.45150024586668824       0.52619144782746197       0.70621089721342556       0.73898981953138421       0.67946488464316435       0.68009861216143319       0.88333962225985141       0.61186700472169797       0.77950442178761981       0.78360762670483508       0.67958368815568415     
  0.86552984287080226       0.83074281074505207       0.84517583709378519       0.98037463239929568        1.0645505132934296       0.98805274686536071       0.91583663372267610       0.99615201345536364       0.91496949908211611        1.1092185083671451        1.0321770834999044       0.96043896995792266        1.0009136582988551     
  0.71079513658744775       0.77479255762223709       0.47282108376061227       0.54438443741969178       0.72329812037256525       0.75294452668526390       0.69576433328023790       0.69678269494296197       0.88942118478494037       0.62075588981195895       0.79086024629999530       0.79809210570022282       0.69821578410351526     
   1.0246264021661888       0.95234991039062800        1.0628285540931497       0.99309499412552993       0.95331596395040674       0.87968634497771192        1.0206536909577528       0.79097378886309455       0.86524768494456250       0.98024584084325861        1.0251098805499028        1.0296483647144696        1.2323497657060403     
  0.73018547323664629       0.78944650727583376       0.49582416981156047       0.56283342001897618       0.74009052173889900       0.76626056352166627       0.71212671931409255       0.71346447645735867       0.89556602930751716       0.62851449725486408       0.80242788421142397       0.81288570610001665       0.71694897857293138     
  0.99365066033923510       0.92203090130770826       0.88748572627831046        1.0534630154674178       0.99389773704751283       0.91768029177729760        1.0594047714748858       0.81161301882781500       0.93177070246278881       0.90641659161954291        1.0696048114470380        1.0253427700805720       0.98618582586993664     
  0.74958285281308579       0.80343932593826883       0.51936687878632048       0.58084531473163925       0.75746255186764111       0.78054592812129686       0.72963099181946256       0.72930837213933886       0.90180557752809920       0.63611450827904537       0.81352085529211904       0.82604839882271053       0.73533328104119000     
   1.2600288907631965       0.98883925025980079       0.96341954618106851       0.89174753137477913       0.92324678424663942       0.89303527708514108       0.98206679175800615       0.98570689242395670        1.1524713730857872       0.86038897946727055       0.98831120390589799       0.96124006572162102       0.85145938703407320     
  0.76638361023023049       0.81564702403439659       0.54414829710279511       0.59878439430596109       0.77493987712822454       0.79446705466598111       0.74795922949044047       0.74562567123213030       0.90755777311589825       0.64392737843317738       0.82437762645876289       0.83874431412940087       0.75318503069033671     
   1.0549416238049247        1.1037822838708966       0.83607970183217861       0.99771604835391170        1.0412037917404529        1.0425971982463427       0.95149871619165316       0.96277752767765390       0.84149149153212488        1.2836219398322157       0.85547458543082622       0.87439732293105288       0.82928503719168267     
  0.78368074222861972       0.82740207742011251       0.57028695197887336       0.61768050616295644       0.79258095049107546       0.80858184471151751       0.76601856402539215       0.76161562371887581       0.91306394944047742       0.65193644528551453       0.83542047175996781       0.85127359366130684       0.77140500581257621     
  0.86880368131502050       0.83704306994834410       0.89904184199900705       0.73714829973399387       0.88036322078889251       0.97174372402917975       0.85777083798621301       0.96795493551469758       0.99281812190143703        1.0645204159153310        1.1361362643198289        1.0994940696890623       0.88223156358370602     
  0.80264970170419148       0.83915724356743460       0.59731943130485243       0.63784427882421524       0.80969255710164367       0.82264576005995993       0.78387347889679948       0.77760294098962990       0.91840065326364984       0.66032775741172356       0.84656025419744196       0.86322788735812961       0.78858704923229983     
  0.90877975670072064       0.79239647969745630       0.87789279487011407       0.96726651608420000        1.0166393424479621       0.89951548498660483       0.95496474514134921       0.84674267142821624       0.90911691115360937        1.2915464103803105       0.83411438591638631       0.96294902071465016       0.93555492393787576     
  0.82132706036179104       0.85059812804445600       0.62546841853494350       0.66059035543094857       0.82608373372903987       0.83691817941109636       0.80213602324865019       0.79312235746363058       0.92388766955684998       0.66957733927466712       0.85808972379703541       0.87577918792534182       0.80599255633103051     
  0.99870652130628790       0.84384844862210562       0.99383838782718614        1.1572892593027604       0.82316914772524274        1.2017695331553531       0.91770799628983402       0.83882604353598067       0.97110167151409066       0.94817971332202955       0.89738256954198692        1.3313920781796547        1.0895159960000997     
  0.83881256504557911       0.86403030806067593       0.65315240684090459       0.68418532053142000       0.84247439385224232       0.85122975680700075       0.82166628222546934       0.80935472335006109       0.93005095228214751       0.67941570409606211       0.87027939378350727       0.88757083494355959       0.82412811686024756     
  0.89359258169105782       0.92013750019720797       0.92593848351698793       0.90432568741882280       0.94654136120326815       0.90919239949529196       0.93259919162935190       0.90347093981233362        1.1022708648051878       0.92834516844207882       0.99537751312242662       0.96549045001781464        1.0709368028671284     
  0.85488633351214716       0.87722443294373265       0.68210142528751583       0.70662250589816222       0.85879302128018409       0.86519959683607905       0.84059118691074775       0.82680472554025231       0.93594549237057811       0.68902709781730043       0.88230932669968554       0.89928668893135766       0.84215722417716954     
  0.89536925667644596        1.0200555242394702       0.79952731600728488        1.0137386745006201       0.86977427251729877       0.83981173114194640       0.85829734428813231       0.87750027203017800        1.0977580602335770       0.94647849780724158       0.99263690023214357       0.84997993155111973       0.77310938378708050     
  0.87175603546564351       0.89071521402707721       0.71091816945756503       0.72901715816036383       0.87578416410280291       0.87895086406236878       0.85810434288814463       0.84472028128715393       0.94176132315574723       0.69863751744275004       0.89471047755931710       0.91138335301000906       0.86017926002491074     
  0.85382937520992053       0.97408243423119301       0.82102040049188585       0.77376565863050883       0.81125387246073755       0.97152769833571939        1.1268489696586130       0.95393062046123689        1.0499129935522566       0.83211746788526619       0.91493887646241356       0.92420176207849569       0.94885979664192799     
  0.88864528300703360       0.90398243910031262       0.74007273539431184       0.75381751977477196       0.89313119519301576       0.89354207857211232       0.87515278534183405       0.86432010829818406       0.94754058737996483       0.70843125167761178       0.90686530118391995       0.92309482810865129       0.87812160810673257     
  0.92186909786700399       0.92726404702831866       0.90463805443218614       0.92344008111718712       0.99726082031159946        1.1597119940340634       0.95810603678811268       0.87556518846108700       0.90725539311730063       0.88005446973047008        1.0176548480839449       0.80348565169663166        1.0859310847382162     
  0.90511602858364049       0.91787577882096516       0.77089948674701947       0.78126220012514980       0.90996242652468273       0.90778613889242665       0.89169965239346038       0.88450473732426638       0.95345145912890061       0.71818278127261703       0.91949313701895474       0.93456538375817177       0.89607134956140433     
  0.93799251152637853       0.95729116613853105       0.84244225688578656       0.88001223265073414       0.91721675269060576       0.98308786988913621       0.89523838418285051       0.84296047917025951        1.0414665725350643       0.99710129717429108       0.89156178174688927       0.81693984431384925       0.91814859306163288     
  0.92173843389544341       0.93201347123772482       0.80718113174418971       0.81202124431940226       0.92482874432887530       0.92213411011752000       0.90864948418109326       0.90482017161582007       0.95962695880058202       0.73033129903656302       0.93196501217975658       0.94634531159692714       0.91237587190017255     
   1.1196286562657525        1.0576645555677118        1.0699170417921895       0.99504500411390695       0.93593675924911568        1.0804632392041229       0.95810323697249278        1.1375532827071566        1.1151198462343941       0.99375695359331950        1.0299286201796114       0.83439007009399213       0.95880406189822187     
  0.93886388997213610       0.94606158736748969       0.84378159245458628       0.84276253539892543       0.94008762218990805       0.93721668692661564       0.92639375379279965       0.92461036447202660       0.96623788625195250       0.74403341288729519       0.94443861732016521       0.95799847634664537       0.92872607315105615     
   1.1011895617900678        1.0973865259229945       0.97792478827200058       0.85077478141138219       0.89231439389679623        1.0374074758222325       0.80652469006039917       0.95180788199800170        1.1794514308510706       0.90183082228118172       0.72908786841663731       0.79757694874389762       0.91737746236665618     
  0.95612678275655405       0.96028871571411356       0.88013938692942695       0.87761571810082295       0.95606465276041708       0.95207525883785693       0.94435751556180736       0.94376272279933027       0.97351295561053641       0.76368021439407074       0.95685231150553507       0.96910371626885017       0.94670950958857281     
  0.93549743762500404       0.99591612018594800       0.81513145459160741       0.95643580755876256       0.99780414471084822        1.0354069795946930       0.96448757876719327        1.0602100152646958        1.1916166261456398        1.2146465138877043       0.98710747866519011        1.0131276957211728        1.0053275825844088     
  0.97218034442617984       0.97424290524705726       0.91843972412702324       0.91546242364170416       0.97147431497200998       0.96699309793219945       0.96237164922328911       0.96371922989314085       0.98075604255456084       0.79586415862641657       0.96970902301469308       0.97991703203429992       0.96424937193847349     
  0.78207679022640786        1.1206840006684933       0.77936093890203018       0.99733414424333999       0.91722952699300697        1.1234347440618819       0.99562514695969095       0.92376621962160377        1.1777769739811292        1.1099146968075417        1.1084535311068004       0.89411769511078254       0.93742054991284707     
  0.98604021365533656       0.98671420860433523       0.95909341870855003       0.95710197527451191       0.98613047842701029       0.98306268129525687       0.98106015096477006       0.98162246947590237       0.99017409519720456       0.85973340757894179       0.98488342650732907       0.99000277150230065       0.98225321415656397     
  0.91256545673916778        1.1204208756442393       0.82173920743773654       0.94754143474155039       0.98619273660955009        1.1521875322482027       0.95236729740634218       0.93235960046348398       0.96051224588814854        1.2587842469077246       0.87843229112691967       0.91874135360754239       0.91339978853803017     
   1.0000000000000000        1.0000000000000000        1.0000000000000000        1.0000000000000000        1.0000000000000000        1.0000000000000000        1.0000000000000000        1.0000000000000000        1.0000000000000000        1.0000000000000000        1.0000000000000000        1.0000000000000000        1.0000000000000000     
   1.2262458625813597        1.4346421377880834       0.78297663947508644       0.96966563082321755       0.70491968609044398        1.2505506296015985        1.1073395640484645        1.0651348927958515       0.81258170345377900       0.67898753176047444       0.81853707312332336       0.79554418447402075       0.87452992534437357     
   7.7743990749529468        3.3141632587331764        15.321777036803860        6.0068623738063112        7.6316394542045218        9.4658015203062931        5.1015388202798437        15.076182614114620        0.0000000000000000        2.9480094617275845        6.5302332691690665        6.9799777796663047        12.345574685000996     
   12.851761782694039        6.6594323903855583        5.4379806245079800        7.9464477262765048        8.5651608517374225        6.9270545943531197        8.6181491237387728        7.7660226657507785        9.4143360183307205        9.0142460348019551        11.637691568353715        5.8846498192031556        8.1512634153243706     
   7.0108174985594038        8.4181490567205532        3.1619583382067313        8.9265501157962692        6.6252301329267720        6.6671507031156754        9.9173533474555811        9.8360669056423191        10.357968223006241        12.587400633375198        6.8888725060561171        9.4593818716842097        9.5952732955638087     
   9.8669206729824968        9.6047762412334361        5.6235386017115712        7.7883013930521043        6.2856844545358221        10.228722973751941        8.8352487040591825        7.8056891515925475        10.151099897446796        10.444556676545504        7.2471621906528529        7.3865452236670555        8.8127830544682464     
   7.7275902796800757        8.2874779629152613        5.4602531093717150        12.404886685378360        10.030579303255326        6.6667993709736777        9.2909551774022852        9.9127884527125776        9.8210034475582795        8.7282564947779875        8.1284154457363567        11.773689119410475        7.2284541932953941     
   6.7200810738833692        8.5831632696299458        7.2407507863161324        13.917956067406502        8.0649980054362516        6.3828209194260541        10.318235328986590        8.0874314217730063        10.159021204253566        6.6229137246061249        9.0671635885995325        7.5747573685689620        8.9797320109765177     
   8.9010288314410282        9.7857201707317412        8.1086122330124759        8.8973759196764401        8.0122815120255755        13.803270239549038        11.221860301964057        6.4910941411936003        8.1491560964384160        5.8109743346261720        7.8081983158702410        10.843773037745294        6.1112397207920388     
   9.0365009010950494        8.8926938685606327        9.2010980126984201        10.634851680910423        13.084148000230561        7.2474357132349407        9.2306856186049266        6.9134214241668097        8.9320080335279393        4.8157514101112877        11.757512294613150        6.9782161683773056        6.8206742018669999     
   3.1459829991480788E-002
           1           1           1           1           1           1           1           1           1           1           1           1           1
   2.9341362834524650E-003   2.7084929432360668E-003  -1.5871156012800344E-006   7.8799372253567554        8.2255140293122555E-005   4.8628390584173556E-007
   2.4402031478112215E-005   2.4719181273844437E-005   4.0625882037108177E-006   5.8005653373699013E-002   4.0605374505312316E-006   1.3290846639757434E-008
   2.1947047146434917E-002   7.9604697376864442     
