   0.0000000000000000        0.0000000000000000        0.0000000000000000        0.0000000000000000        0.0000000000000000        0.0000000000000000        0.0000000000000000        0.0000000000000000        0.0000000000000000        0.0000000000000000     
   2.2749859712272268E-004   1.8820394475737880E-002   1.8108319061224159E-002   5.2190948072113393E-002   1.5869192922232683E-002  0.17056613369053614       0.15727896447887554        1.6684298473105645E-002   1.9817313386798156E-002   1.8721165304937976E-002
   2.0448945647727608        1.4108956434298512        1.5381392834925078        1.9102819187278126        1.4966302198510879        1.1374165933718270        1.1217140735148898        3.2070225461113582        1.3503991337053798        1.6688111382826774     
   4.6666551581901527E-004   3.8750489987084573E-002   3.6547360159059739E-002   9.2561277589242111E-002   3.0371882658171177E-002  0.32488047775385409       0.21317268353706736        3.6409634737662150E-002   3.6066487406784954E-002   3.7567583300005772E-002
   2.7710978075111026        1.7673783698235561        1.4280975708336887        1.8222142984926013        1.5927040136539337        2.6482497578886695        1.7221904082967763        1.5528361616682502        2.5228761482357918        1.5230192752675882     
   7.2112944400897535E-004   6.0060881882821729E-002   5.4585586681342342E-002  0.12166766208401773        4.6621039824053995E-002  0.38991885241353108       0.23708650749494894        6.6308640900342414E-002   5.2589003170985436E-002   5.2003792443846591E-002
   1.9854410452029028        1.6007014383261176        1.8284648200095595        1.5293440978533228        1.4489511583613397        1.8594220428013328        1.7480290317911116        1.3064247970472049        2.0410762164456253        1.3437841086730897     
   1.0165275378022217E-003   8.2718077309996432E-002   7.2964097572601402E-002  0.14954431794556947        6.3329351663153122E-002  0.41677562438693244       0.24916302906609736       0.10293876548442134        7.0863541058984930E-002   6.7505873536428632E-002
   1.9700412483158911        1.5559635951344857        1.7993334630503470        1.4420651524664783        1.6417910588652824        1.3825301233483773        1.3664351963204051        1.6952009572146916        1.8912013806830124        1.4014512112717605     
   1.3198245278488419E-003  0.10429122395554230        9.0588151959281035E-002  0.17061507904539625        8.1960437982686693E-002  0.44191290012660583       0.26083122454297308       0.13376935535533788        8.7942592887737495E-002   8.3651881966110286E-002
   1.7390057323210921        1.4536139689222587        1.6623569019382869        1.3442087839033434        1.8190777526266135        1.3892615054011968        1.5140706832119051        1.3396285027455821        1.8107076568818168        1.3633973407914077     
   1.6271337711235322E-003  0.12535333110355493       0.10633493978643704       0.19118214608679135        9.8747464310166386E-002  0.46671200004529967       0.27066233713075705       0.16056636569594107       0.10297734093321745       0.10021666282826895     
   1.9455159506791362        1.1544604574414989        1.4669732619607572        1.3662727328439208        1.5909297433639369        1.9335243421981283        1.4228015053838119        1.4363133835465913        1.6513887070822990        1.6563249306759220     
   1.9489005592170123E-003  0.14668157343493010       0.12120028689216664       0.20886422148914974       0.11333031471691891       0.48881227351517414       0.28115910041441228       0.18202019861590674       0.11778495605880865       0.11637948900252665     
   1.5392514004721942        1.3167786260122578        1.7399002633117695        1.3543216614546938        1.4136685445336163        1.6675965851672412        1.7223413520939428        1.3891693815581441        1.4215808928114986        1.2780045372180580     
   2.2978674040224616E-003  0.16793840732314083       0.13560832497758216       0.22871862558321979       0.12810511228520854       0.50943254692013340       0.29151846843066109       0.20165783093949435       0.13146450332236398       0.13108382429359025     
   1.7713417962979678        1.6281814382676538        1.6541093579624768        1.4322726906977921        1.3384264261964327        1.7232658554956506        1.2785002924604643        1.2551525416815625        1.7663182905082624        1.4967734224799092     
   2.6798118261133412E-003  0.18825808546579706       0.15057546024546054       0.24914016904272324       0.14327879933120133       0.53052760245362673       0.30165140543106533       0.21861620038995769       0.14703165316468500       0.14522633361816406     
   1.7173079108745941        1.4850720919209990        1.3654557703597336        1.2987275579228406        1.5549093369633056        1.8357970084192237        1.4280163906476355        1.2714240124619685        1.8793198018453430        1.1720726839233235     
   3.1035645292882760E-003  0.21027992832065198       0.16654883942487458       0.26925197439298065       0.15926219852235943       0.54903418995016851       0.31153109827245273       0.23226186973592022       0.16415320836112796       0.15978178194501763     
   1.7706654289136554        1.4468742294532955        1.7422533528628106        1.3033903714348758        1.5341092148249909        1.6198150645183478        1.5741011543669816        1.5993989074673798        1.6261108845487395        1.5412221426950770     
   3.5952086420012698E-003  0.23023673388324642       0.18220557460988163       0.28972714735733246       0.17391318005304288       0.56359717665861231       0.32006975074732708       0.24400737451106047       0.18127183416748321       0.17462830970118018     
   1.3938043182959519        1.6077291486931986        1.5257406702667067        1.4953505272299654        1.3442615568346394        1.7324069860617541        1.4129422470226054        1.1469256654285818        1.7001891150349355        1.8840382949227499     
   4.1966177278001185E-003  0.24537514944926245       0.19935705703256129       0.31098845151524185       0.18696963284842413       0.57698710930146635       0.32788476073796430       0.25520695477131899       0.19699980072463813       0.18894495652437807     
   1.3060722693077824        1.2821854574912386        1.5025066992334197        1.4033224922500824        1.4745356172198136        1.4230501103048867        1.4480764463681681        1.3695264361391215        1.6009496067790847        1.8834382158479830     
   4.9605604482723005E-003  0.26434289044672704       0.21638584670587802       0.33268896002459447       0.20008191477191728       0.58984554120561694       0.33558192913058738       0.26739390367897437       0.21252557116233245       0.20300373234209509     
   1.7884372712831298        1.6928596438348029        1.6977057794592090        1.6064241553348069        1.5600528292621174        1.3001077432271981        1.4042992216332721        1.2787850353455750        1.3557412606214234        1.2323568030512797     
   5.6734327473133049E-003  0.28506550158935096       0.23235384398647918       0.35325510261888821       0.21354833308742771       0.60188395784962045       0.34340436068179903       0.27996080140223750       0.22825561190323534       0.21897214175882043     
   1.2479278445815043        1.6862637043680022        1.4069721938772781        1.3410092561554410        1.2661543592609361        1.6631527400850687        1.2896634251063359        1.6438966338497811        1.6621322791583137        1.5064871620678399     
   6.6092560950407843E-003  0.30553495239629869       0.24587553906499393       0.37295433504053543       0.22790872410179394       0.61324374868476583       0.35146711117068996       0.29192458322167847       0.24372896623021151       0.23610964913853813     
   1.4509543774753872        2.0412201411547914        1.5145444599356503        1.7120803779917311        1.2772136180908911        1.4214738303924039        1.4156812446820846        1.7639586728559418        1.6089334570662015        1.4255225013864661     
   7.6434296871231190E-003  0.32385253641134115       0.25875781906679252       0.39176843136723577       0.24511657956883320       0.62404984621118020       0.35900384485220638       0.30337935292068541       0.25930280699255726       0.25245453659344430     
   1.4929747917137239        1.4916123456265766        1.4005777197533240        1.4763190993301560        1.8602465536473580        1.4849399915496029        1.4747890847574066        1.4691658813343178        1.5224962259829096        1.5400733225462422     
   8.7888828192430029E-003  0.34220946235671568       0.27276696361478003       0.40992741527715493       0.26152977364013086       0.63462368282499770       0.36611387278253466       0.31373756384727014       0.27549780031782306       0.26766900355265993     
   1.3605107523931461        1.5231894245591930        1.2333034167465478        1.2980462508131347        1.4847811121077361        1.6165541690788161        1.4644935779093022        1.5454880629237022        1.4721109989420529        1.2820738130053093     
   1.0096790904388010E-002  0.36031479375669201       0.28868782991840314       0.42698655951868075       0.27881606437554846       0.64523550155047071       0.37327977936934953       0.32354703123710143       0.29209676032608312       0.28141424949775107     
   1.3548901571743384        1.5984630941318703        1.6085499724146413        1.1521598678242300        1.7998241136818516        1.5547150039835889        1.4475118570066716        1.0806087702410430        1.5545360239027057        1.4274685636013231     
   1.1572446531112817E-002  0.37975156693307260       0.30640565171963174       0.44244672785912564       0.29623617875003699       0.65549175550358163       0.38082314492148972       0.33363278692545600       0.30859930769412186       0.29639515864094496     
   1.4692957918836562        1.8155751251277032        1.3814064182433685        1.3326249837675552        1.6076198539985238        1.5280668389184031        1.4750545331422000        1.2330957486914194        1.6764733929098574        1.4585946903971572     
   1.3176670628115898E-002  0.39924541681546527       0.32381514686371626       0.45703440618277624       0.31355211306906577       0.66558462249244910       0.38861039753639881       0.34433345018172246       0.32446833152717430       0.31549838465859553     
   1.5065195654918306        1.4970332223116085        1.5967943579223538        1.2418931494353107        1.4456669988230690        1.3833296632554080        1.4520087090916094        1.4666584613603597        1.2122143580880207        1.8142291111144762     
   1.4876218578355364E-002  0.41800976900514336       0.33975854765460378       0.47062832770095725       0.33074640409552242       0.67579510321182412       0.39596516511820495       0.35652541137246818       0.33971872509935730       0.33486110215081871     
   1.2335228054285245        1.1760852830231514        1.3736806468184513        1.6679427483273521        1.6585698298189346        1.5412952764434349        1.6032588448552823        1.1848752233248689        1.4123412212166080        1.5403657214482618     
   1.6698934458893071E-002  0.43632166244125464       0.35492096624857894       0.48391133408643011       0.34730741853282021       0.68593504625483748       0.40240621748423799       0.36868733568141820       0.35524430090960946       0.35074938830100943     
   1.3499950742433189        1.7716749686416748        1.5725489814161877        1.6011120541056119        1.1833780102569136        1.4637623639751376        1.4227069734264193        1.5051666495383496        1.5431126915356608        1.6016621639775728     
   1.8629380330957998E-002  0.45509323979617594       0.36877531416776327       0.49896013738151695       0.36351218794807150       0.69609072776954151       0.40818206922153483       0.37989939117318466       0.37066987010409519       0.36479866381511344     
   1.4200079825238650        1.6554762198115560        2.0233751164468394        1.5038131890766107        1.6819455841647866        1.5672204259281564        1.5781719840560224        1.2821322021323989        1.4231345733329517        1.3442627609738838     
   2.1191283770589445E-002  0.47391872030090715       0.38325127254169644       0.51377145689471126       0.37622944732895008       0.70541037413391139       0.41374222709395370       0.39085795998035006       0.38447460631087699       0.37956206856343649     
   1.6877908634878376        1.3942978285925722        1.7194171408496144        1.3365488563851622        1.1999247084258955        1.4502655941458726        1.4518909671669686        1.4087755258391850        1.3531083874242888        1.3253472480287334     
   2.4144048362109535E-002  0.49116214492537735       0.39788707536409779       0.52809415030562523       0.38929249583411296       0.71298422681689311       0.41912754427401722       0.40131223597457016       0.39717176242273838       0.39500962452237565     
   1.6753668724561326        1.4074057577581593        1.2371287824282946        1.5680460970912844        1.3373740261289013        1.4397327808652027        1.1837615679216076        1.3975489093049587        1.1750773967481813        1.5022997437974224     
   2.7411787750884761E-002  0.50802807907781988       0.41305207434988911       0.54158530114777448       0.40452146561841940       0.71993189973896388       0.42490315722800220       0.41570770340412683       0.41116489571305181       0.41073215659515544     
   1.5273675995920257        1.4795019396620430        1.1923547315485945        1.5406597284991463        1.3403568812270599        1.2496518320411258        1.4455390030380928        1.6967036037397141        1.6978676498050778        1.7028359593077858     
   3.0987701465956034E-002  0.52356971508172556       0.42881269858355980       0.55387049475658745       0.42145177280670243       0.72722544506340192       0.43044675128701754       0.43069422079191383       0.42552283332506774       0.42690640596498924     
   1.3013612194540085        1.1591713649192739        1.6037347352023881        1.5265842068373374        1.5042577649395104        1.0886965847875183        1.5011118324441362        1.7093485840566025        2.1460089801545350        1.9334057422275379     
   3.4761190938408494E-002  0.53911890352626968       0.44475128837572525       0.56697263442797374       0.43869611602615394       0.73498192490703629       0.43616877883401334       0.44585779258767338       0.44046730306701026       0.44246437107852632     
   1.5584445009283256        1.4554833804548248        1.4857321964013446        1.2506989024243915        1.4039874144010533        1.4592955844648960        1.4189219675799851        1.4098429020140488        1.4507830185432142        1.7117405595499182     
   3.9193532294572765E-002  0.55451401827495939       0.46083206362284890       0.58132771920081006       0.45406245941610701       0.74339732569209382       0.44256329966375096       0.46101378126020820       0.45515755588066331       0.45669567147542106     
   1.4888833900861465        1.3705852201650772        1.4463887332508754        1.4901783822153376        1.3262543751935221        1.7193265013590222        1.4613383617611468        1.5082020704765944        1.4075067477163647        2.0276206551839038     
   4.4820764711703341E-002  0.56660702051255030       0.47607964372212475       0.59633309481896701       0.46813622732578380       0.75166226682642112       0.44861659929104880       0.47521196500333984       0.46976716992590312       0.47043676192948880     
   1.6406496330374631        1.5247632848812969        1.3064544940163041        1.9225369974256941        1.3420853848664087        1.2111355794141236        1.5324337268641137        1.5383421209524137        2.1381157448164587        1.3357538807265867     
   5.1223692186004838E-002  0.58540882663515781       0.49108981621335551       0.61066113906598685       0.48163596994846997       0.75932341519184510       0.45405022980019732       0.48923043314987585       0.48259251544899973       0.48349135537876392     
   1.3299671170424048        1.4533278952267445        1.1313913783618827        1.2198784107851723        1.3305520316864927        1.3660617828093367        1.5925964914568866        1.4437459044030088        1.2190529206243579        1.1938093489954387     
   5.8277033912552713E-002  0.60223442276233752       0.50616600546047763       0.62499905576592751       0.49537860603368539       0.76641265402161274       0.45919390087737860       0.50183870624885851       0.49444745980254678       0.49613203218037699     
   1.5919186791467907        1.4809952939593090        1.3339569644497340        1.7171966260836842        1.6727198068896296        1.4886498196728184        1.4979396676725765        1.3218372081029239        1.2859654121795356        1.3122416565159816     
   6.6499647622762822E-002  0.61903471945279609       0.52197003798286656       0.63921889806057131       0.50931302686389379       0.77321783866284721       0.46451644186979990       0.51575466658101987       0.50581952812731934       0.50923862573329315     
   1.4303484448545063        1.5992635202397358        1.6996489675169240        1.6176167850926957        1.3765124736578238        1.2865298623507322        1.4287330344304872        1.6330180511056751        1.4036083064501306        1.2679946059526799     
   7.5840374918181630E-002  0.63530226526343869       0.53822327417905913       0.65353437133465830       0.52323517084938698       0.77998640216539517       0.47042485936727330       0.53046363038159472       0.51808666075305032       0.52352336019274348     
   1.5213102912566929        1.3495021131617908        1.2776361750785465        1.5743140177425889        1.3225490599791925        1.2838758215613386        1.3326022569206279        1.6957866001109865        1.2832034810160844        1.6364471316557643     
   8.6628841260299030E-002  0.64931734679814990       0.55458954826465379       0.66676629495955819       0.53779807744873409       0.78671835912788113       0.47701497820626998       0.54608182112470116       0.53127118023754938       0.53950966264763212     
   1.3197328642742503        1.4024338311511064        1.4993280163638723        1.3596987025100231        1.2238476424611604        1.5634877583797948        1.3443821532073037        1.4689958581180582        1.3859986161006639        1.4918358344707694     
   9.8597012973903178E-002  0.66225262181254918       0.57064651348272566       0.67782102092498109       0.55386663673774161       0.79318794406206650       0.48394140326487689       0.56131680066365242       0.54537758033448291       0.55488405340774805     
   1.3276433091961199        1.7259561129584438        1.3969718909023814        1.2187845951408449        1.4017040316899925        1.5034919414133401        1.5949308519091099        1.4413249493599776        1.5685435345760188        1.6678634899585507     
  0.11155910470242492       0.67582843927961844       0.58629778507447861       0.69017582581059067       0.56975236226680959       0.79945552717636847       0.49101459669744318       0.57707819866835985       0.55909318770520833       0.56888349425884999     
   1.5479978071712666        1.2177549872303663        1.3926367869203886        1.4064072177308438        1.3126599843032771        1.3109968901567277        1.3913359128098510        1.7408705873621986        1.2820587124919307        1.5985055632252119     
  0.12724660550017161       0.68974013899294950       0.60146368706095188       0.70328558121302776       0.58333268920572989       0.80587381710537676       0.49813688912115067       0.59378234252870910       0.57276769254823523       0.58295562833979397     
   1.6037520551591735        1.3325545599408117        1.4864596813974242        1.5352555063900477        1.2834287771009865        1.2226550158858298        1.7221333046461040        1.6267127684986749        1.4434443603198399        1.3568447950649449     
  0.14552169158094730       0.70344397433715689       0.61625137798188401       0.71551654413265120       0.59642389568625964       0.81179469730149223       0.50542213112452927       0.61122324689609620       0.58701212314483575       0.59781211059015082     
   1.2929770190055183        1.6140396054255670        1.3445587227671407        1.3304707912766918        1.3814346377185318        1.7199783454587974        1.5368446479092195        1.5626424719686389        1.3213326394850593        1.5528761730709848     
  0.16558728515228313       0.71685230657069121       0.63017072754375836       0.72832322803456040       0.61017099030213306       0.81733496348725554       0.51261806536647037       0.62827345269447288       0.60199448557391677       0.61262394095695072     
   1.3368061365052881        1.4910523781345111        1.2881395079466234        1.4650882598766670        1.3565301347526788        1.4626300291605889        1.8495275442392292        1.3218717838104599        1.5879790916990291        1.6247198746279696     
  0.18844869185169305       0.73120035880509038       0.64420571098497614       0.74048396243956593       0.62647978984591235       0.82283528983296128       0.52006407839628510       0.64543953898383588       0.61586394790054522       0.62642099560258302     
   1.3747818913157785        1.4961247458117413        1.4884714789549034        1.5226681546191165        2.0286557594811594        1.5099116883548032        1.5908089695844949        1.7185099833748738        1.5971580491312702        1.5608440210507504     
  0.21516962998236067       0.74635411805950280       0.65863795986617157       0.75238010907578368       0.64380570819608074       0.82876254995795240       0.52783890475379991       0.66223853579023673       0.63006113473950764       0.63993769536675160     
   1.4775974564340009        1.5053158703474228        1.5414872093567027        1.5052154187098747        1.5225144191073277        1.4461773972421217        1.6549802991649445        1.5755861454050777        1.5312310779639307        1.5321263598503685     
  0.25280945319101389       0.75994102994591883       0.67374782330123750       0.76250785053472303       0.66103005029114859       0.83517018564730416       0.53576979954403436       0.68017339930221654       0.64429161640089905       0.65420172611297955     
   1.4672952519790416        1.4703091133984485        1.4215967091925383        1.4765822088913987        1.8545883122773936        1.4398544167133280        1.5320268169961413        1.5859117316383819        1.3894522387895614        1.2715007751753546     
  0.31231040074927874       0.77228544854782621       0.68926318108184104       0.77356950234621225       0.67826983747845226       0.84201014269806829       0.54392071249818819       0.69820949630079299       0.65828002631758931       0.66913098641542335     
   1.1823000297475430        1.3070193696138672        1.6330077352628367        1.2123776616953232        1.4364379251666164        1.8944450606022507        1.4911893872046094        1.7694584105617741        1.2995624066571225        1.2898077713185112     
  0.39004088448120511       0.78486214534959975       0.70570275188937914       0.78556914899925157       0.69508406634576203       0.84900573331369833       0.55224525244946177       0.71589706798241792       0.67123581924244469       0.68414893215448436     
   1.3020899216883173        1.4701782072186411        1.2814642458551089        1.2635160089697317        1.4310284127613004        1.4259871601673901        1.5791920183792059        1.6908804203622005        1.5868666922593735        1.3097232385991582     
  0.45475589380558501       0.79800468555133142       0.72377250823872374       0.79697997137216292       0.71129092438960639       0.85554458653001508       0.56040320523252241       0.73307773915246666       0.68354055693541838       0.70088784165468010     
   1.2512677044054916        1.4776006800777197        1.8224648633159490        1.6156533722568649        1.1837582135452045        1.6935580599211060        1.4693245102817674        1.2706659838082603        1.3428985237731930        1.5150593674005866     
  0.51763804854172879       0.81191194370286457       0.73997684004037212       0.80808433809084168       0.72734590901803819       0.86171680702308240       0.56883348612323215       0.74747580360721921       0.69718234597723605       0.71831633686264151     
   1.3374170606902387        1.3612411750117972        1.8745025286505583        1.4335745367972137        1.5345730539870803        1.2795148345881309        1.6395458909276688        1.3877685712579910        1.2227322824664668        1.6839991020810230     
  0.57836594126394303       0.82510340360853007       0.75384976114060187       0.81843812943742278       0.74329194159782885       0.86744406733343538       0.57703914378810195       0.76150033001551332       0.71169968591231503       0.73593607381519643     
   1.1668920577868735        1.2882702898352665        1.4516739954943643        1.1029781168132609        1.5319023547317898        1.2365862326420991        1.4767762495813215        1.4168907066479972        1.3452619722006522        1.4462582980030647     
  0.63176518795780712       0.83807500499913401       0.76631127357123485       0.82860493083595865       0.75960568818892005       0.87325496901949140       0.58505613367469533       0.77783911822433549       0.73144365411240875       0.75394158707352554     
   1.4009625542640265        1.7961895994379324        1.3546844774561313        1.3324654402848883        1.2631012806983224        1.3088878634236654        1.3696181928892035        1.3177354883166426        1.4107675796904562        1.6316599656383899     
  0.68247850764508655       0.84808594018452799       0.77936217924791962       0.83942490529035207       0.77568700207949492       0.87896067883338813       0.59372809417167782       0.79529222455100768       0.75010916287090390       0.77123870929933358     
   1.5138847248817362        1.1964531453226450        1.1111517232137291        1.4116156489534515        1.5153385742640437        1.2628142557128446        1.8048939193993188        1.5197197550401733        1.2886138277161268        1.4085341649715424     
  0.72816746684452072       0.85770286614772517       0.79299696331843372       0.85164263103570637       0.79107019105131615       0.88500825002806671       0.60295466669491726       0.81286585427512514       0.76545690903247832       0.78723104390725684     
   1.1540206131924808        1.1911894005224075        1.3876695243605464        1.4679494817066352        1.3600904720091886        1.4451132869751553        1.3500914081846311        1.5527123688681990        1.2790469911527198        1.4523534418821378     
  0.76783523766806050       0.87007631453323409       0.80931909423925030       0.86371566520010934       0.80651305692798314       0.89139903491535499       0.61243004416142155       0.82926310662246971       0.78188275092639292       0.80352559841010218     
   1.1903165322799010        1.3434865049665368        1.3783931492830341        1.4600272313900327        1.4062072282691152        1.3806462897101477        1.5547729801037911        1.1469161501128018        1.6458948380807443        1.4771192312890868     
  0.80205337936840171       0.88232706231431068       0.82641624683905568       0.87580630207291232       0.82296001100133243       0.89798429044623651       0.62158086714582528       0.84557906917867132       0.79810590674579074       0.82036223093927729     
   1.3662453554633229        1.3140824062610321        1.3822909422401211        1.5827791763615990        1.6688273436496268        1.8287246049939387        1.7264575312775898        1.3398879698694268        1.3044705084836123        1.5005145261779715     
  0.83238444243120358       0.89510895769090904       0.84216788360615635       0.88796161946196106       0.83969282394178857       0.90454709150703061       0.63047719362208265       0.86232138378586465       0.81577398963992942       0.83793100784254104     
   1.4899551919229095        1.7652771723741498        1.4097297830543112        1.8523349238237747        1.7466403177002481        1.3362815442170437        1.3953791510900662        1.3438933405261482        1.2545276443033417        1.6273353754135680     
  0.86078212570651025       0.90820316990742878       0.85622910995505996       0.90045356868184490       0.85572980673504562       0.91112640519437560       0.63972475544468621       0.87962312770072315       0.83358289114817230       0.85516258716002480     
   1.2682418936405178        1.5615933015378769        1.2903031369698477        1.7690183449571091        1.5016983455683746        1.3619579946566167        1.5584319601571934        1.5295462317981214        1.6583056453330749        1.3748214432893449     
  0.88671626110572388       0.92107328615170680       0.87102306652652917       0.91300905665464915       0.87099409273384820       0.91795578334985506       0.64995451855007191       0.89756602515400319       0.85109589869276503       0.87153553282584539     
   1.5083904213621595        1.7322555961114923        1.5509365787918197        1.6701011637938765        1.8359310092374923        1.3653189498678699        1.2938568416026222        1.4758710963085198        1.4426904298061702        1.3129616145581888     
  0.90858213615092931       0.93095840821031406       0.88727007302132266       0.92439135282078544       0.88695205558724788       0.92524595293158152       0.66008496473370981       0.91422546639387758       0.86857452508013455       0.88798863559351715     
   1.2918210917876003        1.3268809098406349        1.3943875056491457        1.2750062799132773        1.3923285288373055        1.3480767796211903        1.3280070679633842        1.6281725780691052        1.3222025219576907        1.3900065532186736     
  0.92589977053184092       0.94182714103902443       0.90336046591671848       0.93513382677079027       0.90338128467104095       0.93278039702278304       0.67085299920003416       0.92932962412800968       0.88606468570929264       0.90411956444530606     
   1.3205998947861211        1.6473681457901777        1.5473629520094214        1.7625243477133221        1.5087418852813204        1.8988197514059850        1.3026827549505067        1.3748410767987906        1.3868727729907160        1.3639880192251603     
  0.93942075730562435       0.95091684642608387       0.91949997126693384       0.94567397824677646       0.91970523874217280       0.94046176648052771       0.68322792476483574       0.94328315362556414       0.90498926731926987       0.92098663251838631     
   1.4092180508514245        1.6517649668772945        1.3270695583654974        1.4508778215391958        1.6703322655678317        1.2959605232664253        1.3126928356821881        1.6818924892168687        1.2039748919368229        1.2781355357787265     
  0.95253337430693863       0.96035876788214591       0.93530174829028356       0.95632515138152219       0.93523721405168803       0.94873976430658069       0.69831047997780227       0.95656684830928662       0.92440478576690055       0.93790624363533792     
   1.3883376281609532        1.6256335470034027        1.4874524970306160        1.5065031531743056        1.6035959731026674        1.4016182269024728        1.7901010435273823        1.5178826019565606        1.5019044987326524        1.6836940704156129     
  0.96546416780930899       0.97020805519617193       0.95207168802755349       0.96703569095408248       0.94976174263316127       0.95815658599416587       0.71710354464973602       0.96711367583633978       0.94463387136450483       0.95537648708448708     
   1.4954623423563260        1.5033324063794937        1.7111237226872427        1.6980600099540932        1.5380168594533938        1.6327734562467482        1.4295947982243575        1.7683039360704242        1.3861886138164843        1.4533478804488604     
  0.97759624674012968       0.97979936098699805       0.96933105215631521       0.97769502069167569       0.96427631042052575       0.96921126775968258       0.74016434998281877       0.97720926311999268       0.96410113226200700       0.97239499950346120     
   1.5322267977576249        1.4096836789391920        1.6881859665252292        1.5743541260908493        1.7084850074666902        1.3202353592006728        1.5619713858921613        1.4202518930584533        1.2894853164683322        1.5145894339039496     
  0.98910387684781220       0.99001110066928111       0.98487624576998811       0.98889394721053847       0.98064735062930075       0.98289799937201427       0.80444604792326357       0.98768154089157401       0.98224059977762546       0.98713520063230564     
   1.6623942799644043        1.4993008619345478        1.5501044248914890        1.9826803827195132        1.3372541459833795        1.7025145197291518        1.9090427821593894        1.7582571172908550        1.2806765235273208        1.4331433596974028     
   1.0000000000000000        1.0000000000000000        1.0000000000000000        1.0000000000000000        1.0000000000000000        1.0000000000000000        1.0000000000000000        1.0000000000000000        1.0000000000000000        1.0000000000000000     
   1.7128628908626304        1.4788977772439427        1.5861397709382654        2.0820748161913301        1.8132243867398217        1.4414319000233395        1.2000792645519520        1.3568559824272819        1.2479103621830909        1.3999788956009616     
  -15.545238084425121       -3.3115373665819687       -2.4393872134032839        11.244487759810339      -0.93499941986316681        14.072890520943831        3.8200521008380504       -4.6913491578620894        2.2032057225892485       -1.5715196089409127     
 -0.94835046295976244       -5.5808560375825387       -4.4371342500939566       -3.5762239296712326       -1.4669930395291180        4.7392448298099126       -4.4560167078735748       -9.1683767597426016      -0.98584558626553886       -3.1817400081058116     
  0.68532100503287641        4.3486531802066155       -9.6120107539114645       -7.2184328549001924       -1.2519714925905463       -7.3855555628413727       -1.9435556539488947       -2.3788640136375854       -2.5253247542617543       -6.1844733564635295     
   3.9225916409643573       -2.4415041865212515        1.7858227127356467       -3.7486815902791411       -1.7438098337498407       -3.6407293000461789       -6.4987306093563246       -3.0424913803841012       -5.1882119648377962        2.2423711061043572     
   8.3455673508643624       -1.1861587067291912       0.47958013323028914       -7.0620692933367648       -1.7570278772161325        3.1951546297775146        2.1161768424752423       0.61460754557483677       -2.6660601047166184       -1.9354691773280255     
   5.2504421302821722      -0.48016197929564880       -1.5680481288122414       -2.7623801776241499       -5.6813451169217073        1.1101157676410640       -4.9464218890463574      -0.99032994939616770       -3.5027344273296563       -2.3167147859902215     
   10.637166685896231       -3.4194702095051888       0.62407453603526453        1.6905543220532577       -5.2572564150387961       -4.4580412354219954       -3.8719481245218228       -2.5954678551838754E-002  -3.2029295015618393       -3.5630307799082295     
   15.047777055882698       -5.5795813965504397       -1.9203988486286154        9.4458857863245704       -1.9381146693933671       -2.3077513829052485       -1.6310361294619469       -6.0528597980207479      -0.99879768376485267       -2.0346315526297825     
   1.7788044342214315     
           1           1           1           1           1           1           1           1           1           1
  0.87060930830757388       0.24215966899868854        3.7149156706950117E-003  -5.7630953940042113        2.8023969087660913E-002   1.9986175009216139E-005
   1.0128766427518298E-002   1.0184379655643221E-002   2.3005600496705842E-003  0.64518353227366598        2.2997325155504587E-003   1.4925250304944477E-006
   5.0000000000000001E-003 -0.36532473554545042     
