   0.0000000000000000        0.0000000000000000        0.0000000000000000        0.0000000000000000        0.0000000000000000        0.0000000000000000        0.0000000000000000        0.0000000000000000        0.0000000000000000        0.0000000000000000        0.0000000000000000        0.0000000000000000        0.0000000000000000     
  0.25395204363157597       0.32699011624682323        2.1057130977418649E-003   5.5629907766988106E-003   1.6401174876135623E-002   3.4759758458266433E-002   1.3620168877444480E-002   1.7580262916054905E-002  0.65258593032485213       0.24562361162345661        8.4083888651818622E-002   3.8576425553267138E-002   1.5881816406619290E-002
  0.36656245313778829       0.34398211051794708       0.48518088028595324       0.47409705811582098       0.42533691990686323       0.43521707700095236       0.42429279763216904       0.57262556830239297       0.43061982182280395       0.36323913985037370       0.39115678416220417       0.41584864251921178       0.51390981082380105     
  0.35110987591913539       0.42396368557811642        3.9908045711250211E-003   1.0984821574739598E-002   3.2783733634640988E-002   6.4331806200400424E-002   2.5926685979647555E-002   3.6686813419920174E-002  0.72594223422238435       0.31518056650637222       0.13486794932690824        6.7540374991116758E-002   3.1783743413660505E-002
  0.46504187745915698       0.37604188740989020       0.56950561528576227       0.48840358311062937       0.43699579702361130       0.36630795107343522       0.45610736297562982       0.43709575590508315       0.43015090516160753       0.40985619791082362       0.37531346321489023       0.47034951422062454       0.44315611264281080     
  0.40358259536041940       0.47084891035697396        5.5752527873099943E-003   1.6415770090068466E-002   4.9195052771294608E-002   8.7543299855545709E-002   3.8333853054279166E-002   5.1886545953864903E-002  0.76477244490675000       0.35805169560914141       0.16990828153795726        9.5788638872552082E-002   4.8166460320757422E-002
  0.36022550726885927       0.48318676889578899       0.50625866349823179       0.45079911438461728       0.41747663536550711       0.39559953724975366       0.40030554599929496       0.48571895498781364       0.44670697730919390       0.44690191073308100       0.45697918951638294       0.40298843346924584       0.40322336068140413     
  0.44383187545035085       0.50380866809729030        7.1384683022574381E-003   2.1853442676080227E-002   6.5034631934606429E-002  0.10998575812475730        5.0968034339729199E-002   6.6230541202486226E-002  0.78698706039763622       0.38126073251950343       0.19828175003949378       0.12232985779804163        6.3499954150186153E-002
  0.42624596660817260       0.37877179104270814       0.48430548251330108       0.41265414635336489       0.44959063124454191       0.44755282116385442       0.44006419122474350       0.47670920330952538       0.42314671470024456       0.45685370313674051       0.43033143494931547       0.43838712668815349       0.41036521107580776     
  0.47830286006475387       0.53379694116760479        8.7479191854742348E-003   2.7431198674758881E-002   8.0983328585286812E-002  0.13479755863155371        6.3746907744240425E-002   8.1066349496453985E-002  0.80419451947976883       0.39642561717755304       0.22223159467236125       0.14713358066256454        7.7576828487508437E-002
  0.34669360067952937       0.38589868707578917       0.40828353646837934       0.40158317886603928       0.46334179548935933       0.39566310921051429       0.37955650345090980       0.37323141107514979       0.55432377911633213       0.40411497643375449       0.47486370544787487       0.44194632276583062       0.48861194820143394     
  0.50551790596335044       0.56159949456917990        1.0521473955130402E-002   3.2990568836524570E-002   9.7805668589353925E-002  0.15991725950470137        7.6819753489311055E-002   9.6394080520891753E-002  0.81751883870609232       0.40912897755722988       0.24446477093765834       0.17051392058247630        9.1943528201836933E-002
  0.39203909672302545       0.38838561396063109       0.52757682895399050       0.43786590735742864       0.42109664547930353       0.46073526620040683       0.38445148206018620       0.45944393091030122       0.36602157504942501       0.42624676814050433       0.47185916918611148       0.45174187209557826       0.37741106272756531     
  0.52684628351359386       0.58709031512356080        1.2483457194458454E-002   3.8377033410581587E-002  0.11500619548476360       0.18409843829873493        8.9741434645740636E-002  0.11206337032572121       0.82943742793520403       0.42097498937591404       0.26337441844394111       0.19324659136953409       0.10686833208983935     
  0.41530635983633707       0.47457987263297507       0.50324999531675219       0.53747760189549898       0.48585479919929847       0.46140441838573043       0.41207122286673059       0.37351845338188749       0.47934604188921470       0.37224512949034511       0.44418418336317611       0.39510762249277820       0.46164943098336320     
  0.54495211936746890       0.60591027325594438        1.4576299183879609E-002   4.3589794045131601E-002  0.13153907353775429       0.20826561383068615       0.10425661038583672       0.12802032298478991       0.83990481673444095       0.43062509329221493       0.28151439987735311       0.21438379759054643       0.12224813753488460     
  0.38338805956810679       0.42882884076346722       0.56596546359839239       0.44705078641534157       0.46812597279500334       0.45694147448628702       0.43591015054604387       0.40791466398960613       0.36354350861776064       0.34786678102109514       0.42568504241673671       0.44485154858529868       0.44614476078740128     
  0.56399763022086769       0.62162249998488128        1.6692564404482496E-002   4.8494184713051419E-002  0.14837275139591058       0.23207201145866466       0.12033718428481417       0.14386821536366040       0.84944153485066809       0.44014492801822414       0.29952259340665122       0.23403945531392176       0.13796934837164246     
  0.40305347520547069       0.39371682286839532       0.47506095614919469       0.41262095187919529       0.39215998002866342       0.43460996010186137       0.44800965920011060       0.40594079780132530       0.44420677467944214       0.38987743119882395       0.40644949716188800       0.42092729350950991       0.49667209680516894     
  0.58407377977853558       0.63589231706047000        1.8869024439040236E-002   5.3164143155520094E-002  0.16160136534003036       0.25551952468017264       0.13594149008459730       0.15953483609644556       0.85717766298627096       0.44995042742730784       0.31827319422293210       0.25197985980136911       0.15294942870690978     
  0.42029956132765250       0.40753280200923570       0.42142963289406871       0.39902860628046510       0.39127137665639872       0.45652293370754266       0.43347836997463146       0.46560764818298539       0.38786028921596061       0.35261485240366619       0.49164636278178253       0.44142888411063780       0.44715478462105018     
  0.60189296451845620       0.65004243444457033        2.1293562960388274E-002   5.9183067490441367E-002  0.17431433927966486       0.27916047785729275       0.14987722829359165       0.17480412883441329       0.86356532281658072       0.45954843948026608       0.33646461884133100       0.26633535264696251       0.16998836914589813     
  0.44991745684460138       0.51208926453130066       0.36582582950597359       0.42122083372785130       0.46289868708802917       0.50026219537113970       0.49173949835148317       0.49179233897655922       0.37953591326925151       0.43147615567052694       0.45812414217632558       0.49412458031644518       0.43103254927894818     
  0.61744822130404464       0.66089241218884198        2.3963727035239510E-002   6.6328552213326342E-002  0.18566617950844388       0.30129365947945197       0.16497971004383652       0.18977270319673137       0.86880961955042368       0.46833513364302481       0.35470247319492004       0.28013857624935484       0.18756716641580201     
  0.39418574251557353       0.36170302486284023       0.46285342468634738       0.46424185110641869       0.39717879530962868       0.47844314483217742       0.42289609337824335       0.37952262202271236       0.36543038815228435       0.34621308483095786       0.39898921031664547       0.39406721759178087       0.42237296470866115     
  0.63095869208498101       0.66986162107008174        2.6781870647989831E-002   7.3878996027391397E-002  0.19651445916113353       0.32094986919057816       0.18106278423472782       0.20497275607288054       0.87412658563518975       0.47637926392780860       0.37252097404082252       0.29437820972247930       0.20546910651038372     
  0.43199768194904348       0.36879959976342203       0.45304637121782121       0.38790687606261065       0.41340701529012092       0.48204758083943761       0.44613752805602513       0.46079188102378921       0.38686339534283853       0.38227170841731128       0.40837220961040810       0.37143957952504081       0.40002567929461363     
  0.64439850741700822       0.67732626928649453        2.9741787193557790E-002   8.1600652941242371E-002  0.20843601542151960       0.34068252374623581       0.19783088832755083       0.22105409197548534       0.87910403673936144       0.48403353599470195       0.38893224738424337       0.30820300745499907       0.22173725242349218     
  0.47046888544713844       0.37042232427089200       0.40608424280378935       0.47874368484933183       0.43567156054491729       0.45327456897824747       0.39411615639334485       0.45292189212758255       0.38789905832308080       0.39711111232860602       0.45693284319354216       0.50322554422232935       0.39902614507232653     
  0.65671430059914115       0.68539227240989797        3.2893984016418527E-002   8.9599798580474552E-002  0.22323119141807585       0.35947977180073909       0.21504854839671400       0.23649315531559523       0.88364317948378635       0.49264025947861045       0.40440152552128777       0.32066979673688029       0.23679972049784620     
  0.43890169454117023       0.32649785435721995       0.50263847387231408       0.40901553931700080       0.43336174008061801       0.35327370956777138       0.43420958284728900       0.45214183613918896       0.40411497643375449       0.45805675559986803       0.46474099027702487       0.39505681964192169       0.39078758521985657     
  0.66915806298955816       0.69499562199410059        3.6071769915712933E-002   9.8021302929520021E-002  0.23705457286374346       0.37937435818011517       0.23224115547335752       0.25192121017714492       0.88810208103983579       0.50100536572879462       0.41907497808010025       0.33295764755138929       0.25212603310548048     
  0.40261715851534019       0.36238335593434773       0.42445554888432874       0.43119186540476806       0.49895927044051203       0.46178430511428314       0.47182998187779895       0.37883365995935586       0.37616318078320099       0.46786397776749755       0.36178838380790784       0.34830789258124156       0.44373631465095792     
  0.68118975601846266       0.70455732148742067        3.9324202752748741E-002  0.10639531063966423       0.24933219261977571       0.39777092158561650       0.25010400495137441       0.26772791984310379       0.89216567664705626       0.50902411969735795       0.43412284661680350       0.34551441344659878       0.26833100913050767     
  0.41667762040208822       0.39378315934811126       0.41864698140995349       0.50881472009220940       0.43099771146198940       0.45146222099282879       0.46421142982480190       0.38967151588771987       0.39747199541179962       0.52443655720912274       0.43902843441385747       0.39805364367533191       0.45122959434578946     
  0.69249124230224191       0.71500988432083235        4.2936931327742490E-002  0.11454268716845789       0.26107779055328367       0.41454839558660006       0.26775511666815199       0.28378844388285790       0.89604842448286759       0.51669724100444858       0.44983482279477760       0.35900579595366405       0.28552658168027029     
  0.38390358825264681       0.47219032720274839       0.41588797642010444       0.40087788724663304       0.46732751374018316       0.59654189075243647       0.41340080299962689       0.46813814679295024       0.36356104564341230       0.45389319449748533       0.51061251404274688       0.38769545784976689       0.50889973616460382     
  0.70344264093938924       0.72683230661196596        4.6910377851153519E-002  0.12273376719702174       0.27398680786190449       0.42959267989544470       0.28543706491317616       0.29980525678797532       0.89969802813207611       0.52415811524249489       0.46480508400651316       0.37243745064175299       0.30265767197039711     
  0.36348144896171747       0.38159805623054599       0.43704598334571337       0.37624493345932430       0.38827229969618610       0.52076537065567863       0.58679047779732874       0.45422633885760844       0.35174366787232203       0.43477111128115042       0.44424309326335426       0.35305494453338609       0.38561486083213348     
  0.71406240502068785       0.73782900475392676        5.0722241882548355E-002  0.12990061281067422       0.28905915827618217       0.44676930016231881       0.30243536273580668       0.31533148629112862       0.90341592672233162       0.53172820951483801       0.48001460330927426       0.38549098975494300       0.31966027716011375     
  0.37584031354000885       0.41898899519459359       0.44348921668960467       0.48656749781332964       0.40949586854103909       0.44160245302004469       0.44742415258959073       0.39478365515712277       0.38680567110670377       0.39705225896958873       0.41475213736947669       0.44364386220274449       0.46032142667944326     
  0.72493368396119440       0.74783167771166126        5.4462702320506214E-002  0.13634769437684058       0.30390354590614782       0.46439675157424343       0.31868156432165629       0.33057529121364249       0.90681265260118049       0.54023250283221136       0.49539759386475490       0.39914313125170120       0.33660195947244653     
  0.43227512720231986       0.40436057921488228       0.43833108086317019       0.40760384286817802       0.40953560263811156       0.54656728337607874       0.45843928205996265       0.43742844674708337       0.39092679237541755       0.36632717859882657       0.34508633253949078       0.44003706749262916       0.47910964847288329     
  0.73557938977330317       0.75897589955560885        5.8348150734183146E-002  0.14252731546897440       0.31824841168412676       0.48122321611698732       0.33533710335179390       0.34490720249882562       0.91018991027574192       0.54969597252602953       0.51041192466949903       0.41346669307904332       0.35378974426148158     
  0.42874888776907311       0.40406503768710877       0.43986004813747942       0.36734485632222091       0.46790041636233093       0.37167862044349892       0.42775043691794201       0.40541477606509785       0.41460132360609048       0.48501688302643042       0.49533840249300320       0.44963291030456332       0.47106250304126768     
  0.74594921229410305       0.76989252811288522        6.2140700003920593E-002  0.14906649513985087       0.33226830334979007       0.49787750634256406       0.35223123219688252       0.35909786577341168       0.91373889984427314       0.55870214610495794       0.52501634670446351       0.42718472286961912       0.37142856902633603     
  0.46185869070866409       0.43399980496551793       0.45914832571115144       0.44061370912207432       0.39837534153867765       0.45540467038401428       0.46194328012585206       0.46738766154229555       0.48193950952391063       0.47738718492907178       0.40559966102250267       0.36473262159767089       0.50437413856495350     
  0.75623694788187423       0.78047115352385932        6.6156657284975953E-002  0.15636028753690390       0.34636542674337362       0.51500229034776834       0.36824054440351583       0.37391714179803792       0.91711129065022456       0.56670910339586555       0.53834753694600013       0.44074724873406973       0.38923640485940803     
  0.44006335475942909       0.48355230682720968       0.34945144033914016       0.42591502935150022       0.44481621333407445       0.46974687164482448       0.43577078781246448       0.45943229275703712       0.42368575192602315       0.42281166465986508       0.41057036525273372       0.34686631516065758       0.50262747217720627     
  0.76625828932994555       0.79099928029665889        7.0554400734162609E-002  0.16409370277513868       0.36130611624628689       0.52937278906874341       0.38555840747832149       0.38939980473084335       0.92029818528889773       0.57422678661271942       0.55118377114015282       0.45371851620191334       0.40638614021806113     
  0.51885750281322263       0.49833011783165998       0.38383168677772111       0.48125488874767192       0.39579193269661961       0.42776794854717559       0.45698255251108066       0.42089947715286363       0.38327940664506982       0.40747727672056000       0.44250183118987602       0.50708576437548225       0.43321526521675296     
  0.77622856923364247       0.80006542452823903        7.5656843706858976E-002  0.17194160601698047       0.37710191275483468       0.54336515296025201       0.40201412353832039       0.40445838978775911       0.92343965327230948       0.58167606854714937       0.56415500143299524       0.46804978678821674       0.42269012053869376     
  0.59861927136240911       0.41279389016703844       0.40494850213463368       0.41277061348797883       0.40555893295032930       0.49782025978652833       0.41832430586169422       0.45172376695440886       0.42152687488580998       0.41987529360543246       0.46410607367075896       0.45017405626089974       0.47927157631828754     
  0.78610997353445911       0.80791434082957680        8.1178560933581528E-002  0.17993733941587217       0.39264261652741872       0.55902590432243104       0.41775236593033421       0.41521854501173511       0.92665794916903066       0.58882826569958635       0.57654121565563665       0.48315815464147216       0.43861628209301529     
  0.39017215831652435       0.41957026276512566       0.43916506909500314       0.41625138181829202       0.38722592668096117       0.44821021612200279       0.41259884316790890       0.41953086470072637       0.46743222855704342       0.41930796467080933       0.42177436343856539       0.44724996559433239       0.45512781675868524     
  0.79544598064128802       0.81552170099055954        8.6463563241880356E-002  0.18790036362600940       0.40718175960216579       0.57481138973183665       0.43309975581189963       0.42514897868842211       0.92982649605970258       0.59582546993864138       0.58908811049202436       0.50053730315487688       0.45505272701128174     
  0.47499259676565925       0.47001163749122910       0.41035536821395330       0.45589157114712375       0.45226390362778346       0.57731846265667264       0.38996985498161429       0.44372770550211088       0.48126287041071325       0.51097176674536593       0.44693811533100875       0.40738896777488370       0.43397072565161765     
  0.80430419405180253       0.82312349566855836        9.1698707104551858E-002  0.19669743150533678       0.42163894628343762       0.58932014444228575       0.44846970844557316       0.43713984603179940       0.93281939186027663       0.60304337166880817       0.60220528770917825       0.51759876746600064       0.47289151042787736     
  0.43158283690378985       0.38569420321642262       0.42557924755230730       0.40378672050266295       0.38594312914346340       0.44893335639561427       0.42596132455873981       0.47440875438880975       0.43620593468960128       0.39266694567197341       0.48475304121151508       0.41553112246377838       0.57152513368288316     
  0.81261634516312664       0.83091868806772884        9.6785346587591151E-002  0.20549498551615511       0.43672785079678045       0.60272363175122456       0.46478006808444078       0.44939345058067015       0.93550674826235902       0.61016995647113104       0.61538460911178428       0.53472494792452796       0.49110991090291234     
  0.45114808684465452       0.40628678105835730       0.37428523537553110       0.44913489988579952       0.40000803190178952       0.44645953016667578       0.40232352101943858       0.43039137153935303       0.41639735860669425       0.43875897720767454       0.42853116704092781       0.41419449699460298       0.46179726493449569     
  0.81991436580643229       0.83851155237435637       0.10235904597960635       0.21445771995548060       0.45299518067459543       0.61652915468251845       0.48134365019039504       0.46142040916636656       0.93803447456962330       0.61688629800771533       0.62884006091657263       0.55148723419907109       0.50942390481406574     
  0.42314316512673944       0.44861919954445695       0.45586462568013719       0.39371480102249340       0.43629324445599421       0.37229056514035608       0.45594884083994069       0.44346273604024355       0.41388135073617499       0.40902765501316224       0.43018187925956769       0.49547351460968553       0.41590943940593827     
  0.82677252143028790       0.84556663257554154       0.10862933119779100       0.22404692812468865       0.46831784326835851       0.63043278888159426       0.49773391769517111       0.47440723114252797       0.94056374955814681       0.62309349077490028       0.64256563416936541       0.56732546179588084       0.52764629615726844     
  0.38623782622211800       0.42454994766182247       0.41827186033623770       0.39916614908463194       0.40368549174171886       0.44307863230714550       0.42360850699936986       0.36501178869407241       0.48773656289871731       0.43989235624563250       0.37872711846259771       0.50677801806656564       0.44122784058711506     
  0.83354671329188468       0.85195616685726461       0.11561085689707985       0.23604364919573642       0.48336297425097408       0.64431747118362781       0.51382479832580319       0.48838593641375427       0.94297266908873822       0.62974620330892173       0.65597202339598104       0.58276313712161831       0.54462508869142467     
  0.40955388871425075       0.43298599745499705       0.45586587098031400       0.43957863299845584       0.38161443885596619       0.38351795774546854       0.42306836013756721       0.35797250042009554       0.48109347876262709       0.53152623819083933       0.49039239843668381       0.45292821306754294       0.45566135280444880     
  0.84010986355711881       0.85773011111114539       0.12290109454110612       0.24695896741984658       0.50037953372079591       0.65769707802211708       0.52981340199996751       0.50275916565751033       0.94529981170320510       0.63655227024407313       0.66903548570675497       0.59794554663315092       0.56145257874317778     
  0.41547787247552376       0.45902976126721617       0.38058011626091848       0.44827005251644692       0.41045231175972874       0.38313232236454681       0.43582026364809096       0.44609434161285905       0.40142553437437739       0.37181377170250396       0.45317584953134171       0.53540590927456688       0.42612303773571319     
  0.84659923027064377       0.86323486212091927       0.13136814206312647       0.25659420381758458       0.51830983297019539       0.67087941974841714       0.54576553360680513       0.51812071692784389       0.94747014719621647       0.64328565834957219       0.68226462550728895       0.61372834829434264       0.57802001223634480     
  0.52446105832161283       0.38274337873915681       0.51411245340632139       0.44905074920182209       0.48471269895400931       0.35227013527375561       0.48852418304151829       0.42919129606161716       0.39366465077773438       0.45839527993414181       0.44984471821793270       0.42109166760064087       0.44644966697544319     
  0.85311340003359570       0.86855959173141195       0.13969830453692042       0.26722476998888639       0.53524872684030322       0.68516663674719536       0.56222645776993085       0.53476967007098986       0.94968030455439711       0.64978314118164282       0.69569717656620356       0.62994557593681866       0.59534475780275331     
  0.48521196768468355       0.40757088329882790       0.52644477217379737       0.44409867134298409       0.42778311981488265       0.43202923361841195       0.45553540026880335       0.54024340981507657       0.48179874000026729       0.44240195893542633       0.45248690272796804       0.50180350965867404       0.52586015308025502     
  0.85972898645439966       0.87395986079239907       0.14906053450439227       0.27865095642722304       0.55070636529371519       0.70037981086901668       0.57863886771400885       0.55236319854083471       0.95185285718317481       0.65611964446509730       0.70897497956198163       0.64604986181036650       0.61215141510056614     
  0.41585571906125268       0.45981376405627833       0.39196887250307949       0.43312906112111560       0.44916142312993335       0.42823754739488379       0.46659940742510120       0.41131486026048525       0.44113783134815582       0.51788775867877135       0.48196641222939901       0.49536792379314964       0.50258324987560699     
  0.86584432909687359       0.87948368596954984       0.15941118277512678       0.29068869251661172       0.56646464213103365       0.71520034894372464       0.59443715518882878       0.57003614441348383       0.95391400123033099       0.66229108078397070       0.72205389237542306       0.66004735134649639       0.62939035554697864     
  0.44787338483444283       0.43565843049454789       0.49027637133030905       0.37377405792793977       0.50519009240879775       0.47644968253326214       0.52276950512534170       0.44355798778281508       0.49786846197286744       0.40480747448349980       0.46517963154093872       0.44352556334103005       0.43593129822952997     
  0.87101120938456456       0.88525431031169277       0.17016380133810252       0.30377055566650679       0.58366133122135322       0.73029704876674273       0.61041626586688780       0.58687653717462507       0.95593481597021623       0.66805179372576440       0.73456439949514118       0.67420678181300731       0.64668082734500265     
  0.40221025981008862       0.40935055799335124       0.53344663022009675       0.45803806936494934       0.42719558982503353       0.47420680603451404       0.50085652683192849       0.42410365806962586       0.44431411504818386       0.39003179053827974       0.46654161031844432       0.47457000050014997       0.40365445243033193     
  0.87578308127843751       0.89028185018239048       0.18178178686762367       0.31898981438688701       0.60154598204082643       0.74549291153224806       0.62716593653094455       0.60307608260118128       0.95793008571597649       0.67437902334744193       0.74607819492064664       0.68876927983346037       0.66292725338120184     
  0.43798854660340197       0.39645089753864809       0.45772742124071725       0.38714547255811654       0.48166122397621608       0.59878650492344110       0.54117075477985221       0.41151819268373840       0.40601849297450338       0.45027049109000628       0.45558520923453688       0.38774478734980589       0.45951108441239141     
  0.88081377092742141       0.89527828282839683       0.19308825676591163       0.33612635549512410       0.61954097787262441       0.76063748667032471       0.64449067741242150       0.62020423085174392       0.95978452474872500       0.68132351015253301       0.75674544274207589       0.70346459808515771       0.67846496838826020     
  0.43408215457224703       0.39191581981238732       0.41058719246591063       0.45737525509247329       0.52809042645280346       0.41027195772526048       0.45218401023197397       0.39804922035095425       0.57045486814952506       0.40737219193354046       0.46859486798563627       0.56102711135902916       0.45461322595778636     
  0.88584636382550497       0.89986276659945874       0.20493567371875440       0.35555657433146198       0.63784930475701995       0.77591209209296075       0.66081823255647165       0.63679536318056484       0.96146598269342332       0.68817234346822109       0.76761776107411894       0.71833274742904729       0.69354254301459450     
  0.43124043972458204       0.55093830639267172       0.49737053337462395       0.51693734642133393       0.42619142055307752       0.50569516037013140       0.41944979586076092       0.47950125031477564       0.53956683760578605       0.43890482135611769       0.42333806347139991       0.42983399422008367       0.41422882810362011     
  0.89086389010664013       0.90491246409256854       0.21757334314173071       0.37570461018370166       0.65644759800073860       0.78992685295798837       0.67670009815682908       0.65340332689246705       0.96317422494673854       0.69532034351820815       0.77818203507136186       0.73342077619765622       0.70758452146306050     
  0.44415766932062678       0.44907226799408539       0.40800460502844083       0.45443203552289452       0.45466302569679684       0.43986941095248605       0.45335679584168076       0.45571947006975710       0.42353882395172554       0.45562755688877615       0.42060066807310703       0.48151342644795986       0.44174530085000296     
  0.89573218165535706       0.90950582594174711       0.23023269893507073       0.39756974590563010       0.67470291410798255       0.80256190014799200       0.69328876111923154       0.67101185774281902       0.96494472994415037       0.70261827860625847       0.78919112552769966       0.74781983500182292       0.72076595946470479     
  0.47451645204994181       0.50929596042674052       0.40426400492524822       0.44480038640521180       0.49171270474775375       0.40923177455688986       0.50649623663351195       0.46121142587235137       0.45198892567545690       0.47023681134478285       0.42201250849885058       0.37314616864223354       0.40263984169901856     
  0.90056182715336153       0.91421142028668345       0.24330897272488414       0.41972425960110843       0.69091406991865378       0.81487208739121730       0.71001084958378202       0.68807990912862138       0.96675096013259709       0.70976306182207416       0.80040739902685398       0.76259722765938698       0.73550768164771674     
  0.52330897461940074       0.46613130906052858       0.44324720663942030       0.48099037405813266       0.45432501442288376       0.46492588705201021       0.43104449468268641       0.42203899539046097       0.44465191170295060       0.52606047744006068       0.42587974421422070       0.41661522079290397       0.45145076704433978     
  0.90555224345854923       0.91892801046732508       0.25716455531427462       0.44214745604929112       0.70781453854584520       0.82654143081203479       0.72611008402160659       0.70474909932702712       0.96847871870710456       0.71615541022492890       0.81197629988905573       0.77749152122149312       0.75094811082314605     
  0.46637968975285959       0.50189271622983755       0.39031296220981199       0.51410775901009176       0.43083717971991725       0.45340723092646307       0.43503785457509159       0.42356543175638395       0.39845935832612456       0.51362462477896242       0.45385368603426818       0.49578353885421289       0.40049306207061369     
  0.91049911198639744       0.92385451676559671       0.27112928355809213       0.46517183202036683       0.72333364076970963       0.83768107411697212       0.74197976385587217       0.72173434707249107       0.97004654116490030       0.72307565869559165       0.82281603080452592       0.79321337507156153       0.76652815773532412     
  0.52883494381922380       0.42330703090607602       0.36446938748474900       0.43063527049714206       0.48151423788428188       0.36698139674782926       0.41831590187204215       0.42325340909927744       0.48069399777319138       0.53906635424217952       0.40390505119701864       0.40589502968112900       0.39600061374095363     
  0.91515257101147118       0.92855647220934157       0.28539623047018248       0.48481871182053365       0.73802509001037842       0.84774978528428846       0.75723184036702407       0.73871875057318825       0.97160598404121401       0.73018940142738387       0.83293168790858019       0.80916433494411488       0.78241670027547661     
  0.37825913969515629       0.48255384559546766       0.48211012688341681       0.44795803422321107       0.52512432571130763       0.43031736225809908       0.43964648520501026       0.41435763665017683       0.46689991566083794       0.46591296928196874       0.39513038860763916       0.44764844135751009       0.42379317441015918     
  0.91950324389698035       0.93327865045775904       0.30218546181694017       0.50411029919211892       0.75668308703567000       0.85794265068860842       0.77196692615866036       0.75468700860153859       0.97325166975027055       0.73736691428009171       0.84350017555042744       0.82367601602249241       0.79798286531284224     
  0.45387073772697772       0.51287336813225359       0.45999279377384339       0.39541881028576392       0.34992456941380717       0.43047427377261877       0.40510743061941046       0.41696996337213366       0.46896918419124345       0.44446538437909727       0.39872803723744304       0.47412351109341394       0.43721884835671049     
  0.92387625900450776       0.93769835682838998       0.31914009172801772       0.52363400854670294       0.77473386715101922       0.86909058154428054       0.78579847443966699       0.76931201196109045       0.97484633200859772       0.74474375518688296       0.85423059393639544       0.83693232274131635       0.81261301234284600     
  0.42992024102429760       0.51304189788683130       0.48855735735171302       0.38232565763347659       0.46633362000095130       0.40894348863483215       0.39748574750126620       0.46781434753985301       0.40895684422695111       0.46265549865715655       0.45888232728988676       0.43444588533910938       0.43599532516638073     
  0.92854778448842745       0.94170501130264028       0.33957876607422954       0.54568262956568248       0.79166212772707767       0.88026849609650448       0.79988947950472744       0.78446503063330808       0.97633570320068708       0.75224730033179033       0.86490106205932704       0.84981489802848598       0.82768786924074200     
  0.47573985187948986       0.43497760806131386       0.45267954737363397       0.54499450956968165       0.45583453117894274       0.40275859416048704       0.39275572358464239       0.37271132315637368       0.52398104567848891       0.50246977222378031       0.51930447275338487       0.46046660352798136       0.50592733179296856     
  0.93312291964647032       0.94566129731482962       0.36062048573508210       0.56960647845615509       0.80961399850117144       0.89073431001907355       0.81396077173942827       0.80182363446843907       0.97781364837434148       0.75985659616721257       0.87603486620984827       0.86275794362851310       0.84307564584670203     
  0.40490893134887329       0.50638300920873658       0.40456399173654006       0.46960008571813178       0.45737909039234292       0.43199365494154479       0.40297110164546462       0.46722726047175794       0.53829857057151609       0.40510506954639802       0.42045502237226323       0.34952990212885560       0.40268894482305306     
  0.93761670404962472       0.94977733857694857       0.38303697217161647       0.59587533901404799       0.82644250379220807       0.90131211707088477       0.82725327940103055       0.82009158302744634       0.97924345040655292       0.76760855111513648       0.88742864131840116       0.87522521645701101       0.85758515298098292     
  0.49281522804349087       0.39929022301265993       0.39113501918229560       0.46960908082046376       0.48568373152750061       0.44004263932391396       0.38714829654951238       0.40929267856030055       0.45567075614494962       0.44953839569113702       0.35999304000207949       0.47760197748319194       0.39944976629979295     
  0.94258640171170649       0.95398889149359611       0.40655449170046282       0.62734913817127647       0.84255544726546494       0.91186222909850478       0.83960282824048882       0.83746194864462453       0.98057047134468522       0.77546077243511990       0.89798367624428077       0.88691165054897814       0.87158440802351067     
  0.51849419412441256       0.40609269869289599       0.45411920875870099       0.46408755655634459       0.36894652222850050       0.39656139988838096       0.41523006350350505       0.47906957724277133       0.47232911572319397       0.48276362371432313       0.53939385062105416       0.42731329017690467       0.37580883300291068     
  0.94793995479631199       0.95845002317959949       0.43098944848329213       0.66418584153223914       0.85910190303807676       0.92178854722465486       0.85212475501697493       0.85365751123209710       0.98190739591416110       0.78399518432778437       0.90806019885098055       0.89815207061799451       0.88621699073513194     
  0.46953053169092412       0.46792451114748934       0.38385089247052073       0.40720375306264001       0.38069797257052146       0.41302360247889192       0.41072624238630578       0.56780365649370101       0.45096228499952601       0.45354807289052634       0.39729632479256444       0.49091128034890608       0.42760335095849306     
  0.95291394285341591       0.96287627813341514       0.45896096018493682       0.69876986113659534       0.87430414259375389       0.93166512496329223       0.86604753032524495       0.86895199990471350       0.98329389132306355       0.79267560341551302       0.91845097761789163       0.90940011717731561       0.90076371510761766     
  0.50789150488504620       0.52787173889036243       0.48670021450998707       0.51822036391663207       0.56142203061800589       0.42625788694291411       0.42313377792488455       0.39231570207848476       0.48279687585436698       0.42175751770560704       0.43813503344316240       0.49084605600784109       0.36861286733175636     
  0.95765201962181301       0.96735270809011387       0.49146187342504705       0.73008866952532658       0.88834359510170269       0.94095927327298667       0.88217358551648417       0.88373236182016712       0.98477443946106724       0.80229469330162695       0.92856694614612756       0.92111951069993581       0.91426315225948507     
  0.43670376792247406       0.48543797751433371       0.44507398359415351       0.37499468372621264       0.47836246187048254       0.44216668401758391       0.42065452349458854       0.45288290804972547       0.47757327968719698       0.57594802855128990       0.49600293194485462       0.45696054308329725       0.38140129540918638     
  0.96261232207611525       0.97169776620160564       0.52730827972077232       0.76145701063597160       0.90256198239669239       0.94976304032865788       0.89835913034885484       0.89746684085384842       0.98638813125771474       0.81334795971459017       0.93841120534857081       0.93332988676352813       0.92520195903896330     
  0.50796831192294711       0.54768710319220104       0.41070699503738090       0.46871383193461508       0.38552519963115783       0.43260874754159562       0.51750970562617005       0.39663802506618306       0.56079033499342956       0.52020872516759875       0.51604958716115590       0.43745891296847333       0.43987810978031322     
  0.96733180754353287       0.97603788986663453       0.56906558255887141       0.79350771146630095       0.91734231622974205       0.95852451405746941       0.91571122470639987       0.91137603355222463       0.98800468039942457       0.82416069500504696       0.94849853750889968       0.94528706306373067       0.93820454125717712     
  0.45896526139419902       0.53788115232080469       0.43343097092060168       0.40337274610862112       0.47089717646757218       0.40751098246285561       0.48210591362999911       0.38855073665781759       0.51912755795224386       0.54894306721616370       0.46080409574338144       0.43403727831493649       0.45565328535115790     
  0.97200998569996233       0.98041481141671283       0.61863468103063113       0.82852684904989415       0.93238554891404557       0.96684413888852982       0.93346211610004826       0.92623750327579402       0.98950062880953660       0.83568719604116315       0.95887610784714283       0.95711772921783211       0.95104151167942386     
  0.43759484360228257       0.54483733443335591       0.44994686457506322       0.37368626344692363       0.39522335558115862       0.45363752815835184       0.45194855103570192       0.43757572401939632       0.52475699413169019       0.42512706182786952       0.42614728518555045       0.45661410324976032       0.44285447339710277     
  0.97688387275342892       0.98490808278657849       0.68251950581902110       0.86830995371641007       0.94726034445710172       0.97556844424701639       0.95163757701731544       0.94136981949682375       0.99108871416648858       0.85024779368742465       0.96884820652918757       0.96878273272407633       0.96303750237046060     
  0.48105049108922826       0.58117957724338676       0.38538348867477551       0.44258162876209839       0.43136403132588919       0.40031521032193434       0.49816237170463668       0.44889499654011666       0.45853680232557004       0.41994212778826406       0.42934743752093479       0.57985495546003130       0.41865654325724710     
  0.98260373878763430       0.98965531069397961       0.76610736273524138       0.91052339416634021       0.96318861804636879       0.98429839626461180       0.96854814037193859       0.96049366260208924       0.99331309501494158       0.86806176287900372       0.97812922160347060       0.97978368617449108       0.97608289569453988     
  0.42700411297225610       0.52992519785633696       0.41501575098034038       0.46453951335706101       0.43481092213562050       0.40365982281868523       0.40399241353049142       0.53828423991196039       0.44355029888055869       0.50340149113810162       0.46756907104378387       0.45095829654851805       0.43813246989089011     
  0.99079313644875922       0.99471115442863212       0.87380054875832014       0.95481919693466999       0.98246422454798721       0.99212962933270732       0.98397168835338689       0.98059324574236850       0.99636836137570561       0.90718255092299038       0.98891415730942556       0.98975753886906359       0.98894327952134586     
  0.58494257712696318       0.52431514386848821       0.36852093100490174       0.51172038917803730       0.55095806222772947       0.40704896389468415       0.43143988291186142       0.56937976800018175       0.40867601114236918       0.46435249812672752       0.42140283494757480       0.40790339722357855       0.35398949829092313     
   1.0000000000000000        1.0000000000000000        1.0000000000000000        1.0000000000000000        1.0000000000000000        1.0000000000000000        1.0000000000000000        1.0000000000000000        1.0000000000000000        1.0000000000000000        1.0000000000000000        1.0000000000000000        1.0000000000000000     
  0.38559511000817842       0.40090612073348925       0.37493547288124113       0.43207230367885868       0.48324304429731429       0.37559936298844104       0.37909454095321199       0.46354374731850823       0.38984419266845272       0.34358007480396119       0.41074697883863359       0.41865609875288962       0.42255515387234005     
   13.571380221608994        2.3162798060278780        19.120063188007734        15.590727167653178        7.8759496742804185        17.849761951741872        17.080950319309434        13.618188165079928        0.0000000000000000        5.7165328716575718        10.151078828493302        10.201948040512359        13.107053130532679     
   9.8483313991907089        5.8427621247085817        5.6655381645511182        10.657901662085150        11.032323555531260        13.270826569513313        6.0080945177836735        13.362339337920879        0.0000000000000000        10.146836101997705        11.210266584459186        7.9065201197090031        11.355728569633685     
   13.279922221283675        9.1163397312674146        3.6343249252389129        13.840415462370517        12.914099324047523        10.700424904011227        6.6047656268897494        10.329977832673835        0.0000000000000000        7.1188537820440603        6.9572437004531213        11.288572125795881        12.449439998021429     
   14.882627183126148        12.748649869318019        8.3023755344406638        7.4560033574773907        11.611667195619544        9.1203376410300852        12.645880255506489        11.169005515693231        9.8049582881641957        10.642577011957796        14.646259141456714        10.163365377763872        7.1629222903879883     
   17.819999983731677        13.957562560917859        3.8826479290408904        9.6771625404837458        11.882496265115352        14.003144785492099        14.868835288398355        12.960368980761988        8.0395529455257275        12.591586276628673        10.880782907880645        9.4844439290470604        11.064723987478521     
   11.427106629705191        15.195678388948162        7.2747572050439491        8.6869991714767032        9.5565907388702360        11.829939527191593        8.3526826102107634        9.9951424920618290        9.5435321936326449        14.684771042439179        11.514282281272486        11.381296148391721        8.1362629738449943     
   14.068581970367276        15.112803731789432        10.208097340236517        12.097651262262994        10.646749269504095        10.055634540294326        13.839937632497051        9.4657157308899400        11.100265307196128        7.6023911444824508        8.6578445432810440        10.559334115996014        10.186781697852570     
   6.4225427552330610        4.5509387107253980        12.099787913145329        6.1061663971659925        11.477244071050377        4.7395107213889220        11.530829144942926        9.8232425967530546        12.302428393084709        7.0408614063640265        15.184883288264091        13.731159326036060        11.147674782332128     
   4.2675947699130113E-007
           1           1           1           1           1           1           1           1           1           1           1           1           1
   4.5119141923960679E-007   3.7578128002006047E-007  -1.2256697730046525E-009   9.3099400366061111        5.3378959707654216E-009   7.0996690655221432E-012
   1.1084282763493351E-008   1.0623483109197291E-008   7.3705584040884747E-010  0.32094245851323711        7.3660787955093478E-010   8.3596848864581262E-013
   5.0000000000000001E-003   10.607730464949331     
