   0.0000000000000000        0.0000000000000000        0.0000000000000000        0.0000000000000000        0.0000000000000000        0.0000000000000000        0.0000000000000000        0.0000000000000000        0.0000000000000000        0.0000000000000000     
  0.15924701888907947        2.3084989036954440E-003   1.2881584894193604E-002   1.5383080606135845E-002   1.4396266214130657E-002  0.26721423710964032        9.4075481571721672E-002   8.5208019597623030E-002   2.0703123025226988E-002   1.4036515260478463E-002
   1.6066969254462289        3.3041281930430846        2.3887652608244769        2.2203478477863552        1.7821371863656026        1.3922103612431140        1.2622436200730343        2.6201635291020047        2.8427389145294812        1.7440065348754650     
  0.24920180252792976        4.2433002386733018E-003   2.6471392081356689E-002   3.0990930905691431E-002   2.8860306574606150E-002  0.40195369946419707       0.14144025249125927       0.13849153883498361        3.9338412603670637E-002   2.8564917729393034E-002
   2.3969180101353111        1.9478461954868578        2.3972615347426665        2.0653120007431891        1.6612208998349249        2.3552058196168795        2.3862938267332705        3.0020472983560427        3.2021236677022697        2.0338251181454532     
  0.29559599032837858        6.2417905018191267E-003   3.7469057606162613E-002   4.7266038109337882E-002   4.2258878874060643E-002  0.44985551637322901       0.16581359110910909       0.16295014384317513        5.4150982916264113E-002   4.3187242342949655E-002
   2.1996940868803403        2.8969480889458410        2.0295172477560741        1.9314182970844551        1.7161411856475886        1.9429091906365386        2.6139531490847454        1.6905986918656544        2.6431284870833132        2.1629110993338969     
  0.33482237401183135        8.3117748974551302E-003   4.8548126011362262E-002   6.3696284117643179E-002   5.6577877827953503E-002  0.48676364780151993       0.18280232278118963       0.18388417271194069        6.9208259283208479E-002   5.8270901670048884E-002
   1.5590363835297261        2.1889404088352209        1.7216205619194069        1.9509023451191618        2.0435944118655365        2.0828909271949598        2.3648767817493250        1.9383626099086479        2.3821091337258524        1.6896978590997631     
  0.36797675086431425        1.0548075080197446E-002   6.2561551996295511E-002   8.0784832692977648E-002   7.1575303880061489E-002  0.51667322345999300       0.19724118491862336       0.20533606072953894        8.3990025256523909E-002   7.4829806651900463E-002
   2.2166678329471146        2.0354593286728835        2.2510400948734817        1.7250442176640834        1.7560299529956296        1.9711063327625618        2.1125044667929007        1.8018824564742295        1.9767288519059847        1.9038228594748849     
  0.39657582494203886        1.3625769762669533E-002   7.5803642586854403E-002   9.5546898478167122E-002   8.7430191926599607E-002  0.54052335470106616       0.21051953103895765       0.22600548223411571        9.9932341369202066E-002   8.8421875462455918E-002
   1.9533030051344122        1.9084873332367909        2.0654607041417652        1.8638663232594621        2.3014934052261689        1.6324740550411512        2.4423634623423940        1.8558171228545368        2.5000019592942508        2.8444328028059598     
  0.42361244640359702        1.6849467389960803E-002   9.1919428736783174E-002  0.10862237546145430       0.10640062502516770       0.56025998867779148       0.22214433695944272       0.24242471731960979       0.11453777618191825       0.10107062406716857     
   1.8834167737785596        2.0004508853527039        1.8434263120264514        1.6177349624444006        1.5997794975920590        1.8692200298857213        2.6176368309393583        2.2782493521409912        2.4887507455022666        1.7714937378176567     
  0.44853996581406413        2.0079442798231317E-002  0.10779199911414210       0.12215336144284203       0.12490034252413054       0.57802845545779213       0.23240391418476802       0.25685408525375386       0.12782697676580834       0.11270796958302338     
   1.8345869091837024        1.5668346837015612        2.1237150065554271        2.1582746176244125        1.9347041472301427        1.5587792720322005        2.1923391946879804        2.4809812843719938        2.0004163470460892        1.6329121811369300     
  0.47283853655753344        2.3510818146272167E-002  0.12399913834881882       0.13746096391891732       0.14248864832751057       0.59577197217683753       0.24147977513325683       0.27031457096415151       0.13877568977596977       0.12515736448601436     
   1.7215623425651887        1.8558227958160247        2.1708866485015923        1.6963936473397629        2.2115425798345321        1.6346514643121257        2.0440280706344938        2.1992113847279366        1.5665652870454978        1.7079144606508492     
  0.49380760507276705        2.7712154066523054E-002  0.14152500804129090       0.15356324321543574       0.15756058801198544       0.61460141051655859       0.25030953515074161       0.28408367388910766       0.14925437608486719       0.14084048203369995     
   1.7813628710437859        2.0782086136832443        2.0032630476747464        2.1028656354910567        1.3911547049213770        1.6280762320967517        1.7993085385364154        1.8479808281463721        2.1510673559512195        1.6514722806333519     
  0.51308155791155274        3.2502567205734349E-002  0.15967322993750172       0.16908278533060819       0.17299955878703555       0.63317512050771041       0.25909159937611848       0.29761121704127463       0.16000197163760171       0.15746958552079018     
   1.9146111919245241        1.9223003018843110        1.4639712971927004        1.6586500004127285        1.8468782686426828        2.2975568078271760        2.2946447804180701        1.6749579855780032        1.8084080175435933        1.9042924169396076     
  0.53205700450927751        3.7568512031510286E-002  0.18292941107439928       0.18479209178484957       0.18856464600128417       0.65080479345523445       0.26761971387196615       0.31050699764343670       0.17137868677208146       0.17734594244479449     
   1.5616652589986806        1.5972257070571665        1.4649824413584740        2.0122791959531288        1.9334372879480461        2.1181052905338351        2.0906004268106289        1.9381778322494760        1.6882762358462777        2.3286620111036660     
  0.55230809771469869        4.2933456834207531E-002  0.21452337716680997       0.20116282257943310       0.20431862543446452       0.66572569979876017       0.27563428822071645       0.32301424123865208       0.18401643517781330       0.19700654572359150     
   1.8527398226837279        1.9183060122253262        1.9278497970297863        2.1944021604627055        2.0232113847469666        1.7538237092096178        2.0439483332486628        2.1302779472510713        1.9049940045545504        2.0961257707625571     
  0.57200928100742221        4.8210103800140569E-002  0.25367495198656770       0.21780822284651397       0.22054194981364622       0.67828929184781805       0.28324743655463919       0.33581030396387623       0.19703038462864583       0.21393141078414973     
   1.8300466535348019        2.2427091919066049        2.0888443454792642        1.7387742032238409        1.5162001312429751        2.1114006688862825        1.8300526509687429        1.8580665362309554        1.7013521332156896        1.8764413102362745     
  0.59134722170728116        5.3689891256969227E-002  0.29933374816327285       0.23425656227006605       0.23678997891578549       0.69014882270663336       0.29036640011652820       0.34900032183797419       0.21041780050992470       0.23088147271629017     
   2.3698714905720295        1.8009411229948169        1.6542664978953607        2.0650236153647556        2.0045523714409987        1.7180507627242567        1.9159960014946857        1.8852526981447386        1.6321007050769762        1.9496636175034163     
  0.60759390978690853        5.9168564472739271E-002  0.34473085493172378       0.25143680290690640       0.25201606953313616       0.70199301784551149       0.29756308711609525       0.36104474495267291       0.22497152290111461       0.24590563347428576     
   1.6221543530623694        1.6969219551788297        1.8001993064833302        2.0345705335297462        2.0870510123223887        1.9800101219964505        1.6420857995940357        1.9350730558318683        1.9694760554647059        1.5452877931248372     
  0.62143717822766620        6.4776013076450784E-002  0.38667069839302842       0.26821270839395034       0.26755658765202578       0.71269827720190226       0.30388311421026631       0.37214153507590003       0.24074174933437506       0.26105079037532464     
   1.6875300762128231        1.8898926444302582        1.9591493532798043        2.3847071641640856        2.2384747668654419        1.5903081262646745        1.6458926604546618        1.7267657702183843        2.1411633893126805        1.8370100196618122     
  0.63490930329724615        7.0977403962020819E-002  0.43166685491483753       0.28321616589367632       0.28366360485393144       0.72258130789410191       0.30924711045643410       0.38293420824921692       0.25642688167410493       0.27847263497663260     
   1.7196574361901307        1.5588340683715283        1.8374786171978257        2.2438833237780988        1.8649040520399935        1.5379556816396514        1.5049617585571526        1.7507201304956417        1.9321878119805860        1.9578564377207948     
  0.64827511979220520        7.8530687935457977E-002  0.47265183156922114       0.29760121686882213       0.29930413690197022       0.73348229262929510       0.31564284683601812       0.39277855379373000       0.27082108836602359       0.29680590489448455     
   1.4589165438126810        1.9692070834194835        1.7065403582890322        1.7300276671688621        1.9084690645610707        2.2480155394680734        1.8521065919791617        1.7318629656543054        2.6789783712329069        2.0013840914913028     
  0.66346966460524337        8.6867206623222698E-002  0.50780904895048273       0.31310658755222098       0.31500646875725369       0.74422765811345037       0.32244640667966634       0.40408943176741530       0.28545773642824740       0.31577181601350202     
   2.2537374402285537        2.1520289999145357        2.6681630036603301        1.5936527576921822        1.2666575157918063        2.5516675313795565        2.4312625598256679        2.0553267667085078        1.5686258203297230        2.1140018720653053     
  0.67829550297682994        9.5346464062668002E-002  0.53952930859137072       0.32891096308008688       0.33148436677181853       0.75367477592428667       0.32968533774186476       0.41465811013824944       0.29973927047234283       0.33314694567673347     
   1.5714250568267971        2.1527283903601147        1.5452579590826148        1.8674782871399884        1.6908143745025122        1.6459228566095392        1.7566993047411408        1.9611460243811538        1.6463477907418027        1.7675632571454269     
  0.69284635276981410       0.10413422179316929       0.56774744347888795       0.34462239667996347       0.34822636581047423       0.76208797048261023       0.33703134074672958       0.42494794509445394       0.31318934975967044       0.34925452818036329     
   2.2054269421431507        1.7463094394705401        1.9389582094682452        2.0022816114846735        2.1933657949442895        1.5499674927024285        1.5871820839967183        1.9996073129812355        2.1519829802004704        1.6966121180942888     
  0.70725415158845828       0.11210751723973669       0.59187305352154507       0.35971915193547416       0.36511785425263321       0.76828802819352793       0.34385383709540462       0.43764135927153114       0.32763282437780428       0.36509730925296840     
   2.1260587025818807        2.0336331554530918        1.7545887301838221        1.7142199560894940        2.2185460076562524        1.3541017028041595        2.2513737870625175        1.8427920084983143        2.1491927807510458        1.6526507592537494     
  0.72150243218708732       0.12021833586886946       0.61392016174279140       0.37490944306577012       0.38096433972566163       0.77396252138292354       0.35057035323246138       0.45065384784915863       0.34283546403886284       0.38052240778595403     
   1.8619905233066478        1.6544121361354305        1.6916890132477187        2.2640668330269356        2.0818626490145422        1.4821995470365172        2.0232323308556337        2.2628012606402343        1.7694941444277397        1.7391866441472916     
  0.73579894043564265       0.12913980307339129       0.63499863780462174       0.39011515194307617       0.39547251051350674       0.78007725843646658       0.35727226216472296       0.46351052951751132       0.35557854401901307       0.39572094091622151     
   2.0745692514236000        1.8578581909593819        2.1228837605432367        1.9830109322034906        2.1239816786754586        1.3369384368154491        1.7469936977685652        1.6746476028784618        2.2396977615011684        1.9257097905697482     
  0.74998103040972097       0.13911032729025469       0.65494001811126801       0.40536697677511235       0.40976779825677440       0.78671872671945509       0.36394266109106332       0.47621983332140350       0.36877784961569804       0.41226257095443736     
   2.2291687477763866        2.3117835634681771        1.8096455325727265        1.9853450342127532        2.3233827063947006        1.8134513981484830        1.6533291741664402        1.9876486589314117        1.5141086390919851        2.4793168337269202     
  0.76329560905645988       0.14944159090331560       0.67385080316830748       0.42104474833048200       0.42418705713706623       0.79387693443653506       0.37177743841210048       0.48939851959670799       0.38437479054474671       0.42745516551756907     
   1.7787279514817935        1.8086011891798821        1.8983368269436711        2.1482100853794908        1.9254429347744006        1.7556863321197227        2.0062358735504193        2.1515053172762175        1.7855932880931367        1.7526785129151574     
  0.77560111140855337       0.15986019128471526       0.69070539089431571       0.43637551120377416       0.43899950057467585       0.80173814253037989       0.37918636767173020       0.50346816469616862       0.40107528706051121       0.44283802837152819     
   1.6170214144397994        1.6929481263081843        1.9556636373071572        1.8739804573309506        2.2574061079018648        2.1291071258498233        1.9536558891857707        1.4874283497727241        1.8162217429199279        1.7258868884696739     
  0.78725025474097743       0.16873064982246291       0.70580190211346583       0.45232100473474818       0.45282390402817535       0.80963920689599733       0.38541554155404417       0.51714534602422391       0.41821254238451866       0.45763415627231019     
   1.8512307850398710        1.4328131177119128        1.8718792212523372        1.6351995812575635        1.5486763235708607        2.2913253679582550        1.5696795515414865        2.0805519011603968        1.6428144196818901        2.1550312316942599     
  0.79778369596865084       0.17698705861460201       0.72023411205057486       0.46688374068789806       0.46755701856370174       0.81706769782466959       0.39218591052684326       0.53036319208237093       0.43331923255631982       0.47360650889336958     
   2.0252601580881038        1.7405517302378062        1.4763184257554522        1.8473995623869952        1.6592384996954377        1.7992926194180838        1.9432750728243566        2.0610505310942950        1.8570936371920703        2.3981244105641761     
  0.80868405201923987       0.18632978051653074       0.73400041732215471       0.48191726367674281       0.48184180939144650       0.82415905046202931       0.39946992421589411       0.54379473635885611       0.44693748458450461       0.49066476371730910     
   1.6178144789826385        2.0176240194289621        2.0307394535332484        2.1746766955399028        1.8593503905437596        1.8763302566391928        2.1300675443300872        1.6552441467962629        2.0606951467148300        2.1125975180966767     
  0.81764732591786016       0.19735242782705770       0.74659168763329464       0.49569335633833900       0.49726056461362828       0.83098659312324441       0.40634082102221886       0.55772674041989279       0.46013253956465350       0.50826484093928892     
   1.5875429249844246        1.8243617897425592        1.8079944153429552        1.4749839796802049        1.9907937878395610        2.3619242823438924        1.5174410034468562        1.8979825220007929        1.5275538012486045        2.1203710028383416     
  0.82593772940753152       0.21036387243572049       0.75877995692221245       0.50936929782244200       0.51235808527050297       0.83814296042952829       0.41198546005640407       0.57155556741983837       0.47278198808827715       0.52768394099727223     
   1.3135630144381514        2.6236586035784608        2.0027544206303927        1.5239525610190208        1.7349365371408758        1.9286670026129529        1.6301363013010475        1.9148016487115744        1.4552757337221538        2.2863809971424476     
  0.83402044415461063       0.22459746235849143       0.76946882116759763       0.52390044592275387       0.52816864133793628       0.84548383983766362       0.41791910383590797       0.58408167749560280       0.48604046264062173       0.54637841243936280     
   1.8914976283275753        2.3747096851085709        1.7740979420236160        2.2084095104982207        1.8483804887605653        2.0966320681258623        2.5387174065667844        1.7738370038240916        1.6292036160632761        2.0124939939908817     
  0.84209593210983946       0.23860991226204731       0.77916057105208247       0.53910187530181986       0.54390570376364411       0.85222724498854685       0.42406331824016763       0.59702450151099351       0.49807931903077912       0.56338860363106313     
   1.9303928965402468        1.9955011043002877        1.5581675926039584        2.1066352764131739        1.7933170445053124        1.6617200651913615        1.9711056913749923        1.5035266553697577        1.3305932835990757        2.2138497606221712     
  0.85094445529934060       0.25217131423647082       0.78944751335880570       0.55533817773744398       0.56016621961655144       0.85840431873470724       0.43123532822633159       0.61068504550555969       0.51336805361590943       0.58075163469758773     
   1.6683386234285258        1.5878662062271709        1.5727859311653023        2.0731397094599591        2.3234746625002884        1.8057096174883311        1.8586175311806898        2.8346914696935608        2.3164021356962028        1.9233246784473288     
  0.86033616817560443       0.26547808955290420       0.79950441701082264       0.57283157344706992       0.57367110886904327       0.86478104592526228       0.43833938250080462       0.62274165307517704       0.52779441658177983       0.59685454486165268     
   1.8492453989216082        1.4537901786253853        1.8679641145479748        1.9745605128184478        1.7596647711872082        1.6888499678197157        2.4818375165031878        1.7581387679502312        2.4566339020016863        2.3399005690070473     
  0.86973450036647459       0.27920840753930953       0.80901717597242018       0.59075480654613677       0.58823370510157369       0.87109680639566889       0.44540312633780693       0.63448033632178447       0.54405059746017070       0.61420864312212009     
   1.5837607483242244        1.7528209885421757        2.0398149993190771        1.7038967764417747        1.9084757312957707        1.8978888754293333        2.0278900033899645        1.9042132980034632        1.9568160627388891        2.4103376710806130     
  0.87891063511315015       0.29341099838281631       0.81810686759653062       0.60842703342856330       0.60259672919930685       0.87708336782189744       0.45265125434579428       0.64585715349636974       0.56080412290789361       0.63219214909225052     
   1.8099751007843969        1.7839550781356428        1.9211736171553779        2.3654962188456690        1.6575302303044197        1.9839080280634283        1.7502107578149040        1.6843992504031378        1.5675677936830894        2.0510325500487090     
  0.88730229251092174       0.30772338100329150       0.82732170504776414       0.62571774230782973       0.61756060426682646       0.88299895726129018       0.46066392960024716       0.65940519052529400       0.57818766041549019       0.64931865485117946     
   1.7669005918390313        1.5945752979265850        1.7254043693050500        2.0368844618937541        2.2550449319099788        1.7007562378165597        1.6516929853098925        1.7083005314296784        2.0259958863513576        1.8424684842574031     
  0.89493266123233217       0.32248965088336323       0.83622880776595065       0.64259373762000815       0.63384051436812505       0.88828994004091766       0.46865294312346606       0.67296353332908920       0.59650451574891417       0.66583755277100776     
   1.6766568220974958        1.5192984574306050        1.5208893419643008        2.0923369278231312        1.8930758039663038        1.8962423297908204        1.5703164587634006        1.8123961902118668        2.1814238346349288        1.6646518335375093     
  0.90154170995484662       0.33917214821793840       0.84558143716277279       0.65935805766134481       0.65146134394513622       0.89282912855699770       0.47672235370058458       0.68645864952580093       0.61239109187992813       0.68262640684943909     
   1.6230288060721021        2.0474278617850579        1.9056355594652596        1.9933058682517146        2.2404466184911218        1.6134194132472808        2.1347062668013188        1.5827941036087707        2.1249619176521652        2.0014664220862066     
  0.90743534555035399       0.35700388167875841       0.85511576452554250       0.67525806257977583       0.66931040707148259       0.89804263671502493       0.48486014356105722       0.70049973627217410       0.62851481480251192       0.69881742035473482     
   1.5996027806073974        2.3963973614543330        1.6616607157997498        1.9815160059633796        1.6427094752673077        1.8789487473031223        1.7353122985570943        2.1440934466418811        1.8660486232983462        1.4212588681209677     
  0.91380056934868592       0.37461684092233560       0.86442608875754423       0.69032076502572859       0.68700735493891218       0.90342275920441184       0.49338166916472015       0.71479726820978517       0.64375595011034537       0.71475790195316369     
   1.7980245434807283        1.9933210506645127        1.6236515876413968        1.4778633205158278        1.6871090749769293        1.8556189022222431        1.6005374852417993        2.1409176579321323        2.0447704090335543        1.7266690967420519     
  0.92021016346974382       0.39247226136560437       0.87362338158230701       0.70511190703577042       0.70209339989703201       0.90863638094682708       0.50198471280470358       0.72864864071717561       0.65845524388715249       0.72978802973262347     
   1.8008519229663176        1.6771837173686148        1.7031148253209709        1.9934817185037530        1.8348299900477796        1.8196507640218380        1.6643090815033410        1.8998791503501005        1.6463659092690215        1.9133957468484644     
  0.92604744813184936       0.41110927035360539       0.88232495814398715       0.71986447078497973       0.71633748002786057       0.91379950318425307       0.51051393485821550       0.74243237328587774       0.67312557824095165       0.74470211930567520     
   1.8181536536061129        2.1741539425069796        2.2200820624939146        1.7509952687365156        1.8860413314290008        2.3043706441428897        1.6999022903622292        2.1345225071270253        1.6688887385880891        2.2631827728067169     
  0.93189824479027106       0.42987691881246443       0.89078256082999951       0.73425523623605238       0.73157279016994370       0.91853255899566366       0.51869348329834464       0.75643091099212034       0.68806413432209923       0.75981685983518110     
   1.5266166376825596        1.6184687704875722        1.7404204988611354        2.1536999726789805        1.6112965664313703        1.9289519023862101        1.5002011340293675        2.0007123960070361        1.5836092307362981        1.6272263279389576     
  0.93808230969562967       0.44890634179470223       0.89919140812081855       0.74903613611283604       0.74731481442445613       0.92308246590768528       0.52675665735264943       0.77083428572202017       0.70594421195174828       0.77547182290983119     
   2.2099067035352302        1.8503990802088579        1.4116683911063503        1.6738137573025356        1.8593406716372998        2.3913133646157432        1.9863108831662193        2.0185775635553442        2.0943763099699160        1.9184915228041324     
  0.94402330868716688       0.47068422019584616       0.90723588632007546       0.76547382827213095       0.76031606079099212       0.92731690736122130       0.53492514670512725       0.78465983048754873       0.72516243807546998       0.79168355305914906     
   2.1134164780204916        1.9603071190915515        2.2532282518864379        1.4730639326352162        1.6341183119243912        2.3835857123709334        1.7073623310575452        1.7769910438478933        1.7084209419375598        1.7665135918343564     
  0.94961223966678754       0.49502283852522777       0.91438083573925766       0.78205179112790113       0.77138212246727433       0.93138287647128137       0.54343773785993121       0.79806495178252490       0.74658026085301266       0.80733418425176673     
   2.5082825952151886        1.6998169725962835        1.8718275961382556        1.8990216914625939        1.5410284384177355        1.6281718965765628        1.8802786202687485        1.6811320905269351        2.4296466812966520        1.6167241199515965     
  0.95509820887007379       0.51909249563935123       0.92109223049512778       0.79996381630398350       0.78643331402891548       0.93546013715714582       0.55264460282581229       0.81130252198391295       0.76775069637891258       0.82319710745004071     
   2.1503068881034291        1.7930764290688461        1.7471332009189506        1.8076843286323430        1.8218941547559324        2.0510038543873508        1.6874857048530036        1.8227686853019842        2.2709465009476069        1.9751052253313597     
  0.95995163784615312       0.54521463730357700       0.92747275759551351       0.81742162100437921       0.80299186780767173       0.93971884400444450       0.56259823240855078       0.82463237217253904       0.78734022445060192       0.83837961228399649     
   1.9967769490222216        2.0946546594812534        2.0770902977674481        1.7061398487079409        2.1773428400427663        1.9851209475951033        2.0416199300396030        2.1060465757353954        2.0902802514297023        2.2011174314214013     
  0.96433166961173433       0.57123429606848186       0.93346289466361387       0.83309547163660835       0.82042763441942956       0.94415332048725997       0.57275604114970324       0.83802328965774342       0.80654495798547055       0.85238957092638523     
   1.8963341735980537        1.5863207187413180        1.9574455622064078        1.7630641804314553        2.1764818606514198        1.8050760699946946        2.1471660829058243        2.3903841178614411        1.9622466064650639        2.1888983156583839     
  0.96826321588804432       0.59875995915954949       0.93948301676635593       0.84838227107152908       0.83742248275123810       0.94857797410705236       0.58260310586027819       0.85166720831086995       0.82469512142194312       0.86673183817373345     
   1.8919967845256007        1.9244932084902941        2.0241923398923269        1.7207829050909476        2.1678172894320915        2.3701679454346030        1.6642392510132817        1.9045419980983753        1.5163489361173477        1.7632765671911508     
  0.97183901200634482       0.62588379059235322       0.94547815091741749       0.86278036637541355       0.85353670080130173       0.95283663250872597       0.59279232414948524       0.86519971722427358       0.84183209949568416       0.87806096825732360     
   1.9748813721249334        1.9302914042491426        1.8886258913382072        2.3097153264236900        2.5530170207950493        2.2604055210339418        1.7348622022188906        1.4184952877366805        1.9805512131697349        1.6425856806301919     
  0.97542705762655724       0.65575828799426528       0.95101623901860088       0.87605365497760979       0.86869705595401048       0.95709681640922462       0.60613797742359832       0.87910381336010668       0.85890837750276028       0.88979601446836853     
   2.0199226852894414        1.4597730744037769        2.1517910355126122        1.8302358422819152        2.0544857463734436        2.2919210001638750        1.9267369271145953        1.8746627095862931        1.8268289479108408        1.5229334214704622     
  0.97914146544952141       0.69312338094381987       0.95591594828853010       0.89033329089559943       0.88519937554963002       0.96098616103584511       0.62183244749064004       0.89299962650704656       0.87595557229524001       0.90190189845164670     
   1.9855524282560748        1.9499459239098593        1.5948486790574645        1.8664492699614237        2.0389141350917477        1.7060074689699940        2.4070930996298099        2.0514022592471481        1.6137015071231082        1.8717873258365687     
  0.98284438941736851       0.73811809425534691       0.96139336455080182       0.90329882630201619       0.90319753562144656       0.96579247364662790       0.63462788358301081       0.90608768127573380       0.89275585141513092       0.91436681152956900     
   2.1657849181598405        1.6113401380697359        1.5533812965185509        1.5659678195997015        2.0097080713715902        2.0962294333405360        1.9484704359159049        1.7101256049506028        1.6385315500071644        1.7425126232637702     
  0.98644235967561733       0.78406449286628443       0.96691366550687996       0.92033036519109490       0.92035190133572664       0.97079489228126070       0.64810550852081283       0.91984125582733489       0.90969846293441825       0.92808954253569931     
   2.4796029415539995        1.5341232878881754        2.5787514332205910        1.7171293249223409        2.2028193144351622        2.4199716780698850        1.8144052235515942        1.6971459065498580        1.8746177251666825        1.7652969311182434     
  0.98989740283343730       0.83130390037310753       0.97230067101481410       0.93658919321303380       0.93770568776598417       0.97529887952059635       0.66780971235947983       0.93487285919462026       0.92736264149983383       0.94206231404936358     
   2.4804347809549481        1.9264427501385670        1.9306769186900274        1.7504582484932028        1.8296748595465748        1.9536458259104379        2.3135888476102631        1.6870227936342830        1.5965546163171387        1.6446732086012292     
  0.99260996399421642       0.87945156406937575       0.97773425821770432       0.95274732043385812       0.95396039866289850       0.97960337921433394       0.69361809171303968       0.95076712378672978       0.94587911181198603       0.95682066087033379     
   2.1991571361971207        2.0851649931985001        2.3510533805935370        1.9929175941006667        1.8020558221131220        1.7026436604361614        1.9900288103164037        1.6233837781350167        1.9353519063938134        1.8144929517276396     
  0.99519849502972790       0.92470435944451390       0.98377520534333052       0.97020959361622305       0.96945082302271024       0.98425067628329688       0.72852981836894815       0.96724521064439994       0.96401564724044286       0.97198176217542642     
   2.1589607544654905        2.4919002413726945        2.2479517073370650        2.5290213720531600        2.0874927944385040        2.1194246183618306        2.0837568016131347        1.6929015018626234        1.6038264230297934        1.8647392136941463     
  0.99765627417541514       0.96398729017538898       0.99167412521997689       0.98538517061723518       0.98468974901802664       0.99081209775174139       0.81554635717418744       0.98369839240928270       0.98206589015099188       0.98616710297411858     
   2.5555026217691816        2.0280996149738733        3.0292072556705691        2.0284483222309131        2.1838041171783678        2.8033534527402812        2.0614895426245252        2.0449566348467449        1.5176546835542721        1.9969260684512911     
   1.0000000000000000        1.0000000000000000        1.0000000000000000        1.0000000000000000        1.0000000000000000        1.0000000000000000        1.0000000000000000        1.0000000000000000        1.0000000000000000        1.0000000000000000     
   3.2418524677992679        2.4100736074584157        2.6025640280834015        1.9627025472722599        1.9640433129363206        2.2207291554626254        1.2479047547709676        1.5739838879664660        1.6353295663480343        1.8608866165378193     
   3.3743398947838523        10.931918457501659        17.746560139445950       0.17532330096627347        7.7742893579902708        0.0000000000000000        1.6338403824696661       0.44262003700392200        2.7733768581142355        11.506658861938970     
   5.3121538283751715        1.7880856567617289       0.97525435447622166        11.596144414317504        3.4485630249873545       0.49740621827872777        6.6760245957976379        1.3340151759170369        6.7976424536524833        6.6449270479713292     
   7.2273861591824842        9.2834513851320324        2.1614481533401233        7.0470660693968457        10.378863557197329        4.8437195090220966        6.9385250908584153        6.7998630684764754        10.568765782008384        8.2481875820002237     
   9.6932288985837776        7.9397574115349707        2.2508784839765621        3.5624647450894704        4.8272419500604231        2.3305333399508235        6.7233015776941505        6.8803423960264745        5.5323398794256642        4.1656546699016230     
   8.4140044946441748        5.7785120404746717      -0.11179389165675369        6.8732145078615803        8.5284068062519172        3.0144465161486180        5.2218617061787684        4.8813903399677825        4.1973430519657278      -0.69257130678265089     
   6.1664544492663982        2.6165810768023476        1.1996243780797939       -5.0972047931859592        7.9020746939896958        8.0712195591574183        5.5935090197248565        1.2413039952501754        3.0417658387205337      -0.24481196952065271     
   7.8084458431159876        6.2874155802146676       -1.2433194272608392        12.886436753020989        4.2855282395077294        5.7176967449164788        4.3752978960658018        6.6996470664517123        3.1103729500371871        9.0471920175277809     
   5.9842619240787043        6.4964491627246836        17.353601559987947        9.5460962456753311        3.4585426908933714        10.477338429875552        2.9947568088206702        14.705890093964086        10.101595173585375        5.9101237665312176     
   23.995366096306462     
           1           1           1           1           1           1           1           1           1           1
   2.8390572899152646        1.4337394227838034       -1.2868939230282490E-002   6.9995467022125970        8.2905365074852716E-002   7.2608641355195548E-005
   3.6609600206489297E-002   3.4907476054573471E-002   5.5571566798960446E-003  0.14767434463951251        5.5560592914256496E-003   3.3477776869063732E-006
   5.0000000000000001E-003   5.6121780013695481     
