   0.0000000000000000        0.0000000000000000        0.0000000000000000        0.0000000000000000        0.0000000000000000        0.0000000000000000        0.0000000000000000        0.0000000000000000        0.0000000000000000        0.0000000000000000        0.0000000000000000        0.0000000000000000        0.0000000000000000     
   6.8186066065046638E-002  0.25570997728535777        1.4035008276997005E-002   1.6134879295980273E-002   3.5182736708788999E-002   1.6568495373648198E-002   5.1734994234166755E-002   1.5292727148090974E-002  0.30107014280553102       0.12041495514188508        7.7456344041242076E-002   5.0423803464668515E-002   1.5131441013097132E-002
  0.67769949075357050       0.61020858488204810       0.76284742038108133       0.74461180794038007       0.67340825871602372       0.72726019407194598       0.80015475696227656       0.76286984579784578       0.61020858488204810       0.60102010771684677       0.64803205300074185       0.66285057145129533       0.66278954131749368     
  0.11830974629674419       0.31860854933984295        2.7706436544129354E-002   3.1997941057373698E-002   6.8298059757435428E-002   3.3146501186043634E-002  0.10010912003517014        3.0784566388451017E-002  0.48378806145364983       0.19502584426193523       0.13688649175654047        9.4154040927936195E-002   3.0009696250571278E-002
  0.95996074027842915        1.1099735827808179       0.72960911162185649       0.72325889850243297       0.69611159362474007       0.67037565138886368       0.86288392443118445       0.79192800336877978        1.3873521992859723       0.86388478072500297       0.76835140591737305       0.89335882903348940       0.72896170984211983     
  0.14466596067845869       0.33653074506745811        4.2047713772674015E-002   4.6509193467531962E-002   9.6539586234404007E-002   5.0190003907408194E-002  0.14155733485926811        4.4863635887676008E-002  0.52939635670434060       0.22293670144829397       0.18347865176395056       0.12748300925249009        4.4133215870443165E-002
  0.93107701371278884       0.90588663719700824       0.75236287534207580       0.76390385072361822       0.85068138635815682       0.84051199924136277       0.74640260869022945       0.74556964011833182       0.76319431015808770       0.81595415502360968       0.87056794891312561       0.76464950023238942       0.86095281952259761     
  0.16758760495009867       0.35132514875844750        5.5796953218314196E-002   6.0822589819728018E-002  0.12150342958291842        6.7025265323741701E-002  0.17928123635135990        5.9373796015454686E-002  0.56313056784147497       0.24295509799506815       0.21802384788271864       0.15739181768126639        5.9227351646753322E-002
  0.75981259122906786       0.75010586016128011       0.83053085113875913       0.79469852370385385       0.70143673868040746       0.90994097167457155       0.76823827698278435       0.75529464508656419       0.79889080214747665       0.94827859177880869       0.70864759451473014       0.75604116795933685       0.75754603029451184     
  0.18556725641796754       0.36532705046123332        6.9050543718707114E-002   7.6962709158073739E-002  0.14334913322240622        8.1785641609587123E-002  0.21443927118366729        7.4940646918820450E-002  0.58832988831748212       0.25577214560619893       0.25074046916227988       0.18770626879343008        7.8273876426540046E-002
  0.85674191964398982        1.0104791033450395       0.85842741883982121       0.70027707927567773       0.91330830394379570       0.72838742716994265       0.75845487442306281       0.83468984316504646       0.80998213358789317       0.84651071550825763       0.86205478366146948       0.75553429286742158       0.88701642599261765     
  0.20234460739159429       0.37828498078488260        8.2594349560756050E-002   9.3262190784770937E-002  0.16427201557096546        9.6486625121228353E-002  0.24860433060003626        8.9436993066344589E-002  0.60962539303970975       0.26779378383805885       0.27618293019247464       0.21653909133736529        9.6427330404811870E-002
  0.83503637481255832       0.80106329520164765       0.87152616865338717       0.82890326337721665       0.71898347818919339       0.72042659833896250       0.71630348783376629       0.77395588128554482       0.79117631548703127       0.77945075239548323       0.71394525483142102       0.76691593759263077       0.83654794778573216     
  0.21873180679971943       0.39045734257248560        9.6160930573825562E-002  0.10931476767099341       0.18405697305368499       0.11296820871106797       0.28199611895232107       0.10251239623058948       0.62917034341945921       0.27819992919139841       0.30089937426151803       0.24357559675996954       0.11295987978374961     
  0.74745039258709201       0.88230844607953895       0.80626151150138714       0.76812007857007547       0.75571909944392368       0.70263422065831960       0.68917889512121111       0.76474139403806241       0.80633766991363587       0.80069680492786344       0.93126962877068808       0.79980990700083221       0.74563898905897341     
  0.23436982681401325       0.40226518447701409       0.10886847413801375       0.12545647450810732       0.20395675994672016       0.12886458651850388       0.31160842145705653       0.11692520464982997       0.64743819622724341       0.28859609027616406       0.32272587523856516       0.26767105370344152       0.12832886309395133     
  0.79328112620690727       0.75803214555452481        1.0078124615037558       0.87130716361585780       0.76585084596057051       0.77447061345410328       0.75880122259736915       0.85887226584559995       0.96428660600057881       0.78871590215959686       0.80009329562793896       0.70272880161951190       0.78200017495817908     
  0.24956234922572920       0.41374835310255059       0.12136800714410632       0.13863657372442900       0.22386792898774155       0.14523409296760620       0.34152294544842782       0.13327177597543860       0.66550131819650438       0.29634353003904979       0.34285024540150422       0.28955088161778592       0.14157742500568005     
  0.69650052223702019       0.73145962698587585       0.80568637281697875       0.82770146732395944       0.82625739745324012       0.73245701432324173       0.80932525938220057       0.88006067373219576       0.79389011377716989       0.86392793428206693       0.84052714591980648       0.82296755712568337       0.77635912335115631     
  0.26701761103125116       0.42526639323926713       0.13389289487222211       0.15179388911867922       0.24354661669963001       0.16110422021293511       0.36609415577305437       0.14881453454883017       0.67785018211170156       0.30432201538090892       0.36108260465704234       0.31024775645055297       0.15581318660482263     
  0.87371476143035531       0.74041659169272456       0.79815500383156279       0.75423214643596870       0.81447221960013716       0.72508570278173301       0.79925826911652964       0.73953531887482282       0.66422107956769372       0.76713362133751029       0.70060780517677312       0.83525412255384945       0.70585269797125894     
  0.28520679077407263       0.43682396204050067       0.14575371814431426       0.16615421203979697       0.26262159409891322       0.17612003375188037       0.39011552158536128       0.16381908289783206       0.68954133948389185       0.31242655515903234       0.37951799416621335       0.32908540672314590       0.17130388950183340     
  0.79468102419731812       0.79689408584233934       0.74507254042529081       0.68853972792849039       0.75903816036557381       0.73114192029471470       0.73520063929177171       0.63736182529773822       0.71767444262399227       0.75202495727658503       0.72141152441895939       0.93683556698307513       0.79640112426577125     
  0.30203086620128261       0.44842656002978798       0.15757853727517682       0.18012990747722796       0.28186874633863146       0.19066977868569446       0.41271599946969240       0.17979178877398036       0.70101179977669958       0.32033725664781676       0.39829207985281967       0.34682628682631234       0.18764259708232942     
  0.89883539966484904       0.84142824195168153       0.84804166894819955       0.77895966039225473       0.87578155626965182       0.81837595161501620       0.68540355691523147       0.72828381532017594       0.79371549383591833       0.79391858083436206       0.75462618119733316       0.78691284310229148       0.83033346686159060     
  0.31883987496465271       0.45987697817381984       0.16872640564423447       0.19381493047673048       0.30110348917502983       0.20506101806874918       0.43542256004770080       0.19622299048101607       0.71248680269848907       0.32764529180363516       0.41686532250151914       0.36330538953591857       0.20400273174845313     
  0.69071060943858986       0.75625698846914824       0.79607909346544481       0.67598548252222612       0.83677872042431611       0.74443130470659102       0.77660679072505456       0.80686468980943304       0.68626615368897903       0.80114695436696137       0.77059498857009090       0.73016480893207703       0.72786247880660304     
  0.33315535203572710       0.47145656002740011       0.18017167426573827       0.20825839792571840       0.31954994227048034       0.21912416214888225       0.45657639531842487       0.21250782966018478       0.72184143487517582       0.33478531745596485       0.43480816454190363       0.37925377432789625       0.22036287959166218     
  0.96140372356561621       0.81026516262721326       0.73115271112587976       0.79674178585518363       0.81499488830393263       0.75297041922675556       0.76704332124731656       0.70213613676051145       0.66865378760189309       0.70289665683131786       0.82125992563654426       0.72796161121216640       0.76291850290059038     
  0.34768954494450760       0.48332181144739772       0.19300170721986246       0.22325338094762789       0.33687522860519870       0.23356335229237399       0.47854741362197611       0.22850603070116426       0.73111775664051881       0.34144433724325218       0.45137620103934778       0.39620418237586502       0.23622020364698545     
  0.89137221208157091       0.73476736160318046       0.74873457546159350       0.72805975834527525       0.76210516615502188       0.76773562805986306       0.79710722092081165       0.80682260437798792       0.76100971826015185       0.82654428072926189       0.73564231798808888       0.76933656934561934       0.79102852304924975     
  0.36247308782118476       0.49522065467788545       0.20579333928522506       0.23881305800009070       0.35397176029811883       0.24823497279738485       0.50011011543489292       0.24429260421135451       0.73992152180376503       0.34799850413245631       0.46565334043942747       0.41208913113793016       0.25233598807291469     
  0.75331896516422114       0.76165654128231608       0.74386605194878819       0.86892073707898154       0.79830283880013331       0.82730664902659046       0.76311039880984732       0.77693792702683007       0.77085809180548126       0.79387978822825978       0.81608829710737285       0.74337035416166164       0.77853816579868607     
  0.37735173124589566       0.50725541359623261       0.21956389869172241       0.25459771612123905       0.37047964470083672       0.26401854733370317       0.52171612147074731       0.26052340752223085       0.74889075011133011       0.35520243026756743       0.48081258568427893       0.42688412783330820       0.26834807797507659     
  0.86903552091942027       0.84842810806370228       0.89980671175609150       0.77075416104920780       0.81909103064256461       0.72992700822508816       0.80360071011060163       0.91006603469634650       0.77844308364492931       0.86291456011772716       0.79976487154458797       0.68741769504232630       0.89997638455496254     
  0.39146728040971573       0.51932447237579449       0.23318064806367608       0.27090804735423174       0.38647523181318205       0.28036963174459412       0.54275241480577818       0.27684034336630053       0.75702435262801226       0.36284463935639416       0.49648530114695982       0.44095933161561846       0.28391482713656124     
  0.70321369672178424       0.85527469382320909       0.73365973083535574       0.78583478922787564       0.78175251241464805       0.81889649988421098       0.95364823323650516       0.75624375670608734       0.69234885089807585       0.80666871363227088       0.69918734213198341       0.82292665381462804       0.74389838531824093     
  0.40572763545858437       0.53083456776224014       0.24715755875202852       0.28709785071797506       0.40233648871343214       0.29721415321884836       0.56294613612057698       0.29284571571565177       0.76437458464875441       0.36933762666537695       0.51056459975995683       0.45503326798699067       0.29961400954929751     
  0.70738108696331670       0.78480754153995669       0.86715338961913202       0.77486972825963396       0.90533101668680593       0.74039174096771099       0.76064923701654164       0.82454592599768572       0.73861100451777018       0.80128549514068215       0.75620069983884475       0.73220292459550007       0.77319417868336648     
  0.42029785717791956       0.54185937776501059       0.26064853269449390       0.30429278947019306       0.41838388707385998       0.31422200509714787       0.58122206005233423       0.30877514821985880       0.77052665258112085       0.37616791979830305       0.52307777205842954       0.46935496949973321       0.31550743595956920     
  0.81835999477786814       0.67787906378006946       0.73165953908922343       0.77676880782919799       0.71452478778713480       0.84529120305858718       0.65041850910699239       0.77898292611979925       0.76142770496056100       0.70385661652359244       0.74792242572716838       0.71183334278368438       0.67421413215904347     
  0.43526850009678186       0.55279136828106867       0.27388477256419697       0.32038417510592659       0.43420080238462921       0.33099136504795945       0.59850394303960419       0.32477486955286994       0.77657051455927251       0.38244684902919612       0.53489188404201926       0.48420135962664218       0.33125694790697691     
  0.80406891730115826       0.68030815266636246       0.78463878118315322       0.76790057876718254       0.68561298619184896       0.82359535164315922       0.65954277150963736       0.74059957305834923       0.79338341112900224       0.68970966734128714       0.72381786248938818       0.68894210369974673       0.77962172329117452     
  0.44959286437923524       0.56404927576649799       0.28701269879801411       0.33708615572520439       0.44984348402666002       0.34603571650270010       0.61439027901467946       0.34119062595335686       0.78198519955338186       0.38894551195272214       0.54634761327082182       0.49897837707358667       0.34715978407347958     
  0.87821277254148356       0.70489256276265744       0.76405213772640668       0.79026885347290665       0.68348752225185438       0.78324747666063421       0.72016218720695580       0.81189852467252699       0.62195298180887371       0.77069185459940281       0.69960525323826972       0.81275287251208739       0.66328062285681377     
  0.46326102081524934       0.57579801066821978       0.30131288031521941       0.35222403856694551       0.46567917285631544       0.36032722431220404       0.63031509318379897       0.35871943425728930       0.78806311106418114       0.39550266038379872       0.55832733014536984       0.51310998537720887       0.36307975990564845     
  0.70390871591041981       0.89820962433945895       0.87417522643826884       0.82271123228925647       0.97040632845082808       0.72418983860694852       0.78480419042073246       0.87338204240603201       0.87261326011974405       0.82434237946081790       0.77845157798192910       0.77348520571285750       0.77222663904346744     
  0.47584373120612611       0.58733704758526617       0.31537749420238237       0.36648626604615181       0.48153306624681302       0.37467452901056075       0.64583254928476530       0.37659664900638834       0.79413602612181733       0.40183169902686100       0.57130538875387415       0.52704348391966593       0.37758739138334624     
  0.83589979426421257       0.85351432406527372       0.73292631938109676       0.73105879001249019       0.73471143753176027       0.81059286024980515       0.86953592580367700       0.85453869196440957       0.74375802477752073       0.85758988207916764       0.80576940850030254       0.73044141630707349       0.78933781602717290     
  0.48823880917355006       0.59850122641601489       0.33125618584512573       0.38048696840029883       0.49683091084267816       0.39158788540470441       0.65989665067991810       0.39460644890309360       0.80021784875499924       0.40792883545155773       0.58439497200201518       0.54043428471074950       0.39046879235881110     
  0.91764554963365241       0.69838350269851490       0.82595180501794341       0.83254146136446139       0.80596000580836813       0.75074198201558850       0.67053096899923437       0.77517353921394483       0.67618690073920384       0.76821925116959133       0.78908514869732393       0.74097010542215980       0.71641990634565877     
  0.50019910699815162       0.60974196965039107       0.34600335644311830       0.39502936186048260       0.51235840423067669       0.40922288144527968       0.67311307075470117       0.41334523019535918       0.80580742788879001       0.41411096316656759       0.59732552060385524       0.55388480715842714       0.40335562366734312     
  0.75141348152118015       0.70842562877025117       0.73784120467523195       0.67449247182335714       0.78853965999243869       0.85928161545456050       0.80542278194982175       0.88119412217504789       0.86011263427520013       0.79299089034845671       0.78222572367429466       0.82521531310457019       0.70527333207344112     
  0.51243298151618721       0.62084677782781250       0.36071946187603909       0.41081610159165066       0.52760084382607109       0.42704370479908094       0.68677837005852926       0.43028112901418175       0.81133955125174217       0.42023267581247548       0.60946747230992082       0.56727716927601468       0.41626157236662797     
  0.70271331593522601       0.73937067047778937       0.67909889790434297       0.70485805701931981       0.83956744899049085       0.85350166507389280       0.76122143639789008       0.72896405556240451       0.76029748041838208       0.71513867052768565       0.78906058415204905       0.73533324389317134       0.67698706307982115     
  0.52463188440833131       0.63287091992513167       0.37550255308415359       0.42688400939458343       0.54075337448134109       0.44464136473011606       0.70094450897261606       0.44673013178939774       0.81715110282325110       0.42622199385255211       0.62180033471194163       0.58058217607176188       0.43062878242469971     
  0.73366880789524325       0.73996082290580689       0.78970734606757598       0.66493704689918831       0.70527333207344112       0.86351346733189616       0.72338976720329873       0.77343631987460937       0.75864386679021811       0.72087013458772764       0.70243631159896025       0.73088625809662977       0.71751541142056197     
  0.53699681769871555       0.64490189649435736       0.39041159022933636       0.44320345649405402       0.55366487983296031       0.46078624998080908       0.71441351142051390       0.46214467773850249       0.82303091863090694       0.43262256249927866       0.63417625686764056       0.59188088459662236       0.44595441585888468     
  0.76132192508444330       0.98314363285137130       0.77780322165676874       0.77904973709241276       0.65222916308973000       0.74041563600306881       0.65873513963383479       0.73687819553047518       0.76526664035995939       0.69850905069403701       0.67864135326605679       0.75264193071846519       0.83762111390298510     
  0.54954750169502298       0.65697432155935220       0.40584289345757035       0.45977593928757166       0.56624497934481410       0.47681906949012243       0.72711114205856608       0.47731956332548364       0.82917510421817464       0.43902013783081201       0.64677245643099135       0.60281006985081764       0.46160481926437880     
  0.74019309090827212       0.97496463056622285       0.75057067663218879       0.80407904529977092       0.75800333119808927       0.68118328378361159       0.74205986124652923       0.80684259139633929        1.0860375123214370       0.79433981019402311       0.79837851436704588       0.68728350881431821       0.84635089020282772     
  0.56186760554650728       0.66922468793408607       0.42175176948328652       0.47721980392639551       0.57946584408448609       0.49349112994713529       0.73938990012186667       0.49554027297846720       0.83509825648505309       0.44448614673353254       0.65951477453595708       0.61564502730594772       0.47757478583987228     
  0.67445057163572575       0.81344792860035131       0.82853242934810556       0.75829721809998019       0.74739687868628635       0.86429619618216780       0.66323301880100305       0.87419405989564369       0.73587582946843666       0.72090365112665167       0.71419475191243575       0.80176182225239634       0.84429354644643362     
  0.57383338625025837       0.68106518246680092       0.43807451318268309       0.49474638180434655       0.59401252439119079       0.51030122318495297       0.75147971939036318       0.51355911057408432       0.84036047156263693       0.45012365143919475       0.67054357741507342       0.62829376251063995       0.49282863251118669     
  0.75828285001226214       0.69524173735859607       0.85014362995653026       0.79408258705636892       0.84516945109988184       0.73136912273854671       0.82841384932961548       0.80230436204247835       0.66050882813130396       0.87064318850371469       0.71924994728271685       0.88279400202133251       0.75191026415749995     
  0.58555453293068738       0.69279872911785800       0.45470357272853590       0.51060902520496965       0.60878101463114742       0.52873248146489482       0.76292796221066950       0.53093738338012830       0.84549230985384072       0.45563479792168565       0.68036849555615064       0.64116313082874410       0.50841344654274190     
  0.73559793121593142       0.78730568722366412       0.82297975661984712       0.73295050797369732       0.74344411371670904       0.91495240276161083       0.71663286714282182       0.87423235766947427       0.74780991148546960       0.82649164848726875       0.74486483522858726       0.81002187118155344       0.68020535280457761     
  0.59711769418321436       0.70433536792159246       0.47125965746694892       0.52611387229884854       0.62324578830694621       0.54698584063347067       0.77370429708773059       0.54914134478551946       0.85043921860249183       0.46177866630595349       0.69052614701827342       0.65415203364677132       0.52346281994864707     
  0.68451151943192690       0.99995811504837739       0.70350956102192197       0.88831221596289112       0.75170083029075863       0.81985693454468633       0.72578922246835631       0.83462777400929078       0.82519538651407487       0.62107847572876962       0.76422477691794388       0.78680875471237299       0.83556429751249128     
  0.60891982930310484       0.71450978329922077       0.48827680900159348       0.54104359673449354       0.63735704193317000       0.56560457832614208       0.78413090189595469       0.56564720252329059       0.85549877903517080       0.46841027908314531       0.70120460334503765       0.66633791880999338       0.53994561486636217     
  0.72902137680747514       0.68449527693296086       0.78009205842072682       0.80113664706100773       0.70618864117060609       0.95337938052704863       0.66969442527127454       0.65993435778725451       0.78303009432117554       0.73152194387724523       0.76617800699871441       0.71991213749435834       0.85727172070284086     
  0.62059688606088370       0.72454046879629763       0.50585034667860818       0.55645920885361122       0.65205115564585692       0.58438256669502187       0.79455041180106778       0.58267383791372673       0.86079227767108701       0.47489984850455719       0.71204562715502107       0.67871856406646569       0.55609563396814932     
  0.72783657082317876       0.78568979243018489       0.84840795547400316       0.67205657372987704       0.74795667536736499       0.80066975772977678       0.64746437206763063       0.78878063379706376       0.76865771142269101       0.83846175043714777       0.88027360691146972       0.85186739520211185       0.76343450675654834     
  0.63229296256211032       0.73451497822259970       0.52371882409181714       0.57338694036489990       0.66712295910310460       0.59998112176409246       0.80456048133077207       0.59949156411241478       0.86607124779676592       0.48140707575750813       0.72260151063991607       0.69039713109681133       0.57259535668425010     
  0.72808296541345741       0.73555058144883168       0.75066054722493669       0.92691217371942336       0.92400704173001247       0.70599317689484931       0.70092172178085355       0.87391109671102707       0.81038503319963640       0.80095192566260875       0.76632398189075246       0.69724261377673102       0.72249346501536704     
  0.64408910593996960       0.74500111527334734       0.54138538658628421       0.59110051088628113       0.68184475754283302       0.61422406340469438       0.81422865381085463       0.61613093622339443       0.87120361171781180       0.48796156390135847       0.73248421332184521       0.70262545466225235       0.58973884948724697     
  0.90885251022303115       0.77529926648854086       0.79913574457652736       0.89391808001132433       0.82353509858290941       0.80300793220244382        1.0227815108461449       0.73381587313453367       0.78580478407509446       0.78322780552950155       0.73071148420330456       0.96115558617406338       0.91322916497520956     
  0.65605037868786853       0.75630227491462609       0.55809385145644186       0.60831781623529535       0.69651883918435697       0.62854967254240712       0.82420352173153999       0.63066593268681581       0.87617227913518259       0.49447188649297424       0.74208813707448784       0.71528657000950291       0.60725133842798817     
  0.78187787541014531       0.78188167637827666       0.74043275442302092       0.80160986696098913       0.83768569976964957       0.65797949694173430       0.72470495207468444       0.79427389739693843       0.71708653972443881       0.75169609919568670       0.72967102660672722       0.79222683449278386       0.68727575068633040     
  0.66830186927573443       0.76792158734816285       0.57440154681977607       0.62465961139612336       0.71152329336562403       0.64251986015449114       0.83430704661369948       0.64395634390581735       0.88100241729425144       0.50099333861828044       0.75154598755628699       0.72839415040160116       0.62486380866186819     
  0.74302705920956913       0.76494530087014201       0.78991645666086463       0.83102391877461157       0.86269453911082961       0.71679347655928405       0.81219210271791376       0.72010762098241532       0.78641544566090782       0.75665275529324882       0.76856392954294983       0.77109980354004504       0.87378974177483082     
  0.68022482480739299       0.77939614933154444       0.59157383413446984       0.64024849868867573       0.72638458545606810       0.65911236716564570       0.84389295306082002       0.65773782051336993       0.88578101031163226       0.50771260499205506       0.76066902349484522       0.74082393522980894       0.64049886122641897     
  0.84191464258038673       0.77727327766509513       0.75811681783612306       0.67139378905938241       0.83063091835851655       0.78820738747395347       0.77986704154566799       0.77893970110341804       0.83270904014818914       0.70549310504283713       0.87024886014826930       0.70473364421315909       0.80133766262881334     
  0.69194014269409509       0.79067043833806128       0.60931512295962886       0.65377343622558315       0.74105742633801075       0.67482132806317963       0.85322493157071366       0.67170204213283868       0.89040620547290394       0.51463657340325775       0.76981351076010585       0.75373452558213161       0.65645241554034195     
  0.72884905157849311       0.79785017261224833       0.74759408133217253       0.81528958766472548       0.90510605398913557       0.75686627814751539       0.68971210781670789       0.76585902517157733       0.73612271019273445       0.73305779707563723       0.82117339808594492       0.65988340447119931       0.69088876779339936     
  0.70418016546302065       0.80188662716992887       0.62764616478891988       0.66658625859244869       0.75509147220292105       0.68983344253347245       0.86213352389909681       0.68499394735687058       0.89503024025285449       0.52170087105400620       0.77877269295702445       0.76556151396332561       0.67269398996714447     
  0.74729823916070603       0.80180325199161884       0.77195609376913055       0.72356312318027205       0.75677660195722474       0.78756637489216785       0.85944914751720103       0.75382565108472632       0.69302598135685922       0.84243493872980979       0.73953626881107071       0.77410766003271725       0.80875126100514050     
  0.71645930321282558       0.81298871340350365       0.64609316743586265       0.67962880496788503       0.76906769749469683       0.70533417149735100       0.87088647041859912       0.69846562861655326       0.89936870944724057       0.52877537196454472       0.78810922083029467       0.77779336960204848       0.68840534190811631     
  0.88821505389918887       0.82475307357857186       0.77520756076064989       0.74927033735107651       0.81379652695273097       0.76741991352625005       0.78312783626308313       0.75301430337343289       0.69738702661918128       0.67678307395219284       0.86169643758988124       0.80318434695760221       0.78068967392135402     
  0.72876231383525492       0.82384446257815236       0.66404163283224815       0.69519303993558346       0.78160661454394686       0.72071644199445761       0.87862379944742353       0.71214835405164389       0.90379102141853362       0.53588687078082486       0.79777697272531578       0.78951586544559482       0.70239122784570485     
  0.79609656265751583       0.75925140784556466       0.70445422860315865       0.69429986725740755       0.84076083692963310       0.87852496513799327       0.65368062591923948       0.76579473183954117       0.78905001286496113       0.84417709360401616       0.77051369871229602       0.85782127082416681       0.92835821870592983     
  0.74111060122015116       0.83425535354381219       0.68139212574648556       0.71221137592146977       0.79402487826296031       0.73524347613336916       0.88620646957073956       0.72769097043813591       0.90830380170602798       0.54315349225293907       0.80714877111408256       0.80112140384182684       0.71617941532195617     
  0.67048559907641081       0.75814050099207186       0.66711180193889918       0.74810444237609919       0.72860455691213033       0.73029551765213574       0.79321542696872904       0.84287875174929106       0.73805637320025996       0.69858344489180368       0.77801164149144442       0.70840178982796520       0.75615810537078454     
  0.75345393932658278       0.84433878447061850       0.69882696483934370       0.72800410102473878       0.80667535777092292       0.74956460859492313       0.89402833985109920       0.74454962564972738       0.91275849828372058       0.55110483606641869       0.81625323460411237       0.81308187776585239       0.72979855122165915     
  0.93941503337413124       0.70696504572787255       0.72659278161122010        1.0250889903319917       0.82685648690399582       0.75658179105937307       0.82108006125679578       0.82952182975839128       0.73039311517300931       0.74897123150427292       0.80561727565102015       0.93836616262107786       0.78840969385310855     
  0.76534531098521708       0.85437937160605815       0.71590190420499233       0.74329737841494981       0.81928084473632545       0.76488641332907203       0.90175678258781489       0.76047833735783943       0.91717633079511551       0.55985909607524342       0.82605138339587159       0.82474662905226936       0.74510021651731995     
  0.71774453707925800       0.82179160099809345       0.78753893420252641       0.72910004713381726       0.85516692567707597       0.67118822364488073       0.74801279739489812       0.81162265526117294       0.69622568057530809       0.75014043944524866       0.82004861828129205       0.82910311947261739       0.80260989990124443     
  0.77705472701068612       0.86430072844760719       0.73232403568345117       0.75966572293371781       0.83201755185174286       0.78120524750607467       0.90925977472668218       0.77585687295457484       0.92151151471446591       0.56861264208829321       0.83698666456257576       0.83717274059324165       0.76142185525858663     
  0.67483087692662103       0.80990726068704022       0.69131018750756146       0.75960744038627837       0.71523607743745277       0.72168789168140313       0.81555853928258681       0.65954462910096345       0.76559578324373834       0.79923829508015776       0.84164590261911565        1.0405096917475347       0.76040232021478760     
  0.78823232713616509       0.87483048339450808       0.75021762515169577       0.77569121963622523       0.84515160137920986       0.79667930933975906       0.91638729643743733       0.79056266945708398       0.92563577491116245       0.57728110316294734       0.84772340384771272       0.84997240878170421       0.77816796589445025     
  0.68904920832269745       0.75978888072420681       0.80136513882609306       0.75272675220068697       0.74854629793092664       0.70700066069775636       0.75178429061258389       0.66489111164124493       0.73699801626452466       0.83872744397748034       0.82973395920373871       0.70496287182167283       0.79465978501344092     
  0.79972472993147692       0.88475200704945778       0.77024096503243034       0.79284368322129273       0.85755879958575154       0.81219167196274811       0.92353651772241119       0.80493664120434605       0.92979903809302400       0.58636560668901272       0.85751293666385198       0.86267321943983977       0.79438489958429326     
  0.79942238466614424       0.73518362501991419       0.85548769966730009       0.84668855226954054       0.82615145785604949       0.86396669543983873       0.81226290821348290       0.78421328558643877       0.83050814008271190       0.82991021877918991       0.70682180835167929       0.81039200726231797       0.98469397992683805     
  0.81060945786308780       0.89443817929431280       0.79096284700789243       0.80999299734131935       0.86999770169750423       0.82630505084937700       0.93086274547137482       0.81917509283325474       0.93366503323803574       0.59520938174989357       0.86750127477595540       0.87553810739703353       0.81013148975784832     
  0.67406193577065876       0.67551052680408707       0.86122584045607120       0.71852570944648220       0.74003089795046517       0.84451850428845254       0.73615658374038251       0.69716189761671365       0.67632865376161577       0.82977332217852673       0.78023794009013092       0.74032036727256434       0.76814663206739819     
  0.82137342311380379       0.90323800796025167       0.80922743238064021       0.82728403680981466       0.88104040349826906       0.84074495621925793       0.93796481766484308       0.83408811103198666       0.93765756100084918       0.60406770147510358       0.87782075787865421       0.88774168967383815       0.82531334855259808     
  0.71327467936941269       0.77817463972831546       0.74390310894912859       0.83639927635064637       0.79730227140342436       0.75891093211796046       0.85963015369475992       0.86200485286938988       0.68838303165168857       0.71099026205435467       0.84384122550348473       0.91766739115330809       0.79276631550910970     
  0.83152022946149251       0.91171801321468227       0.82680405717773664       0.84439123771435143       0.89259998136769358       0.85433871055851573       0.94480635839671101       0.84864858925514053       0.94207682545860449       0.61335636289169704       0.88823994868582712       0.89960664567281534       0.84037545343980180     
  0.69389420918412525       0.70508679302408117       0.74634226277321136       0.80192714195414538       0.83468440711447156       0.85324060244697930       0.82581444128735193       0.72556599920767384       0.83217696160205668       0.68302795758301038       0.77504118832029389       0.78454449293843675       0.70582222377092119     
  0.84271620594021901       0.91978097828385585       0.84607575087708087       0.86044925887005952       0.90422800075027687       0.86844066501411810       0.95140317106508954       0.86357437249189051       0.94646898504346422       0.62321902242682881       0.89774987591546140       0.91088546315205365       0.85671279737337369     
  0.68298276339310271       0.68777416468058328       0.73132656304058918       0.81834193344571593       0.72565230360487465       0.87897242583133794       0.84953884564779614       0.72832657990324079       0.88936824272726267       0.79929091598361113       0.79420496438045263       0.78208973743482324       0.73877562117391915     
  0.85802292321800666       0.92873574128836034       0.86598336960420130       0.87690793316578486       0.91590473561170549       0.88312950957501102       0.95796889142667896       0.87845285155899644       0.95092403477381682       0.63489048705173035       0.90739299817578389       0.92213602677932005       0.87399181025908412     
  0.85328909657056773       0.81031918168578621       0.74745911578699709       0.79353344288710714       0.75102102235362223       0.71091563337763830       0.74594419670728385       0.74036533115655556       0.81404667139900388       0.77360346796481139       0.83758949088485202       0.77004912230008082       0.76074986270908462     
  0.87376808912601844       0.93850138644855385       0.88430113093107110       0.89402743776365290       0.92699905364497193       0.89743451533993357       0.96382893422512250       0.89329389364652179       0.95555147822088760       0.64720190238784425       0.91780945676034165       0.93251282078579700       0.88957472571933527     
  0.77854848597413495       0.70370635438616247       0.72414612084888186       0.82014232773745011       0.78177334965058243       0.69622629239847333       0.80601545381498352       0.63427712028226868       0.73318006819837167       0.83333333391838016       0.81129338175735544       0.76401318959533004       0.66168618844937088     
  0.88820074641635072       0.94818082459160580       0.90156791432993200       0.91005236292975578       0.93813855710664507       0.91151056443679046       0.96899741988441745       0.90820932297283175       0.96034166628424600       0.66096445881660826       0.92801876542950379       0.94312623054391409       0.90499634369619242     
  0.72249081919713809       0.72390846923005414       0.81171683717919763       0.81011702481254189       0.77175536499198483       0.74596807787671915       0.80416113106143261       0.68864015901888076       0.92604013637763294       0.71082883236125038       0.74396880502622853       0.85591231044135030       0.72778791524639841     
  0.90221288390255039       0.95795942067187623       0.91872605550954589       0.92483470358276920       0.94940186290985829       0.92551773578806795       0.97417468909349836       0.92277362609912561       0.96526393696919244       0.67649948983629649       0.93981458636340853       0.95305011964886555       0.91994076904349176     
  0.80111577114113219       0.72974658421188487       0.74275236871733208       0.76993826627254836       0.72113356452378718       0.83193316589186117       0.80104130002992413       0.72315221067639834       0.79015988616904409       0.84521533713914754       0.81264292987897879       0.80231825117796363       0.74280098686385720     
  0.91708102245124878       0.96748473548568925       0.93622171402185261       0.94012654397771400       0.96062120250579919       0.93933608317194817       0.97886916981269878       0.93771944581839017       0.97002132133256236       0.69435641143592453       0.95182686987928378       0.96310964041842240       0.93462251765592375     
  0.64707901054257844       0.70804075984349213       0.81943623496384366       0.75783822363122288       0.68775269884678203       0.73076232100624405       0.75588722454757951       0.69051535092487615       0.92787968808240029       0.78273735556173685       0.81908961112870515       0.74581312955712353       0.73458399161342880     
  0.93283710429351729       0.97612468596976198       0.95407113584550773       0.95618457355841757       0.97216928332499264       0.95404507603984312       0.98387827895287261       0.95227160853666948       0.97575103065036484       0.71847100795907060       0.96336311577675993       0.97289253909899098       0.95124768694283268     
  0.81864251217291073       0.66407506661254112       0.69541379847147755       0.73782916955306210       0.71048488352443007       0.75392015387961886        1.0067197138223600       0.88242585560991071       0.73270455916665034       0.86217146666069400       0.82318864822187199       0.74932386034103438       0.92097218947262516     
  0.94961022421930585       0.98467428707728655       0.97078495257562158       0.97176758683605768       0.98286754421404288       0.96970342052111058       0.98963796827447148       0.96699952877596829       0.98145228487292069       0.75328584605355720       0.97505270369216768       0.98215780515050222       0.96711163250976628     
  0.69041361012219948       0.67465225153351038       0.68880555887928063       0.85786751141759343       0.65444774576518994       0.82663573821173675       0.91278919896654553       0.75050292590466161       0.77442108015870670       0.73280193319628084       0.75624801279912635       0.68787802750930505       0.77780049166496446     
  0.97192359759796354       0.99243896593988712       0.98582691824085356       0.98583533837168058       0.99171105478646482       0.98491115248023042       0.99475525040501778       0.98353391386463873       0.99033004086421594       0.83303479491032040       0.98758638345941396       0.99116228351689428       0.98372176811454548     
  0.84772257856693867       0.69492990296631019       0.73386489097442587       0.77698022481571771       0.65497469741348191       0.68181421823053334       0.91000040806075555       0.73645191016627709       0.93562315422192865       0.86749784594422974       0.73853329405024881       0.74704043694977706       0.77019561586084917     
   1.0000000000000000        1.0000000000000000        1.0000000000000000        1.0000000000000000        1.0000000000000000        1.0000000000000000        1.0000000000000000        1.0000000000000000        1.0000000000000000        1.0000000000000000        1.0000000000000000        1.0000000000000000        1.0000000000000000     
  0.94427581623330514       0.83467252856232299       0.71120412027807944       0.66376283374529754       0.72379920772794570       0.87006965578380402        1.0563617339365863       0.94021100241207600       0.73564668739413652       0.63393562090307509       0.74069834532857071       0.67492366328678055       0.83553679714610485     
   4.0516676936940073        9.6411447386208291        11.563622930646515        7.3425189829185893        12.789083691999783        8.3202022210849975        9.1808119196479208        8.3020124297331037        0.0000000000000000        3.2370663547299658        10.678518847960383        6.8957177733275641        7.9430483614354035     
   5.7483324096027060        10.072495182281283        9.3185355191179031        7.3040930633459622        9.5495486282947759        8.8489650282075658        10.205281126786907        8.1043628213721739        9.9516116460047890        6.9960432010407274        8.5890161685764301        7.0683797500588614        8.9870626726693352     
   7.4318006294696950        7.9666703811440200        5.9862783586937605        7.1487827431402007        9.7882509734222598        7.0944890999216090        7.5105772627008136        7.0151613132572868        10.702596501923319        6.4181223800098763        7.9539466732119024        9.5302110223549352        9.0396750631380556     
   6.5636552050770813        7.5768172335649773        9.0251402235391840        8.6603663099072126        7.9512001413621984        8.1196386803144005        6.3928106370514737        6.6178379221252657        9.0993131226351469        8.4498072901132488        6.4222620186765766        7.6935504590404200        8.0380371498823635     
   9.3828534634743139        6.4991552511288830        6.1196438057915605        6.9951362963949819        7.6773128815317033        6.7882448261648349        5.7542214710826673        7.4759504404141772        10.860105366103923        7.5465370141277193        7.1540857030637870        8.1851383999068101        7.8541756037874935     
   8.5862042123746640        6.4235713433930499        6.7569241373505511        8.8932961017673371        6.5357320905462135        6.8676362690338904        3.6170696741994739        8.4052721382347517        9.6509677310945712        7.5121053188076647        7.7047805976326842        6.5438809359260137        7.1088888947292688     
   8.2241714171108544        9.1172013248732995        5.7830844605459264        6.9517339749752569        6.4161857030316281        7.2524874814994318        5.6733381507142981        7.5376976279841941        8.4368828869199408        8.9936715450291320        8.3997388494610039        6.7844661682727736        5.8383182095354131     
   6.2506772399025277        8.6623318886149629        6.8298562745037010        7.4745812138737309        5.8977582997856937        7.3158010950326648        12.708299588321756        6.1502979034329943        5.0253585620870505        3.5529140971850999        6.3052790689418412        8.0938318447373430        6.9311595355080247     
   5.5855406105963636E-004
           1           1           1           1           1           1           1           1           1           1           1           1           1
   1.3620440041846409E-003   1.2569123857190561E-003  -2.6607479054960846E-006   7.2326865240625358        2.7864054989997405E-005   4.8035085603283239E-008
   1.8669432697388025E-005   1.9567988513637222E-005   3.6147544797579575E-006  0.29522560401142783        3.6137140448105033E-006   5.7674250666851440E-009
   5.0000000000000001E-003   7.2389166456015124     
