   0.0000000000000000        0.0000000000000000        0.0000000000000000        0.0000000000000000        0.0000000000000000        0.0000000000000000        0.0000000000000000        0.0000000000000000        0.0000000000000000        0.0000000000000000     
   5.3995164631144340E-003   1.2170421499920836E-003   1.6095147753506837E-002   4.2042841692222804E-002   1.5398882031357509E-002  0.18612886423549188       0.11733157523056967        6.0014983288593990E-002   1.2070224590414232E-002   1.6617533722744909E-002
   2.8316142532120399        2.8642496554657093        1.5514217670927435        2.0568665148468788        2.3295820794496338        1.7764151809104292        1.1647910397248171        3.2887242211068552        2.5684106224855054        2.2407751820506991     
   1.0612679692094120E-002   2.4152648895084628E-003   3.1626913086180715E-002   7.6570247411831438E-002   2.9909514439068276E-002  0.33591270448331301       0.20225296282599842       0.10782710316707747        2.3247169149956008E-002   3.3178454477033589E-002
   3.4758037121236542        3.9309167263770477        1.8695928428446804        2.2686503111893090        1.8992355282640927        3.5752448334377056        2.5119647764621695        2.2262075449142453        2.7852150032969454        2.1927656808718581     
   1.5327110599892352E-002   3.5355704622149460E-003   4.8248990417531376E-002   9.9975042566984335E-002   4.3979020871877307E-002  0.38237234541539583       0.22869637503955512       0.14869736213260187        3.4680090545081296E-002   4.6851940443193879E-002
   2.7982896296856370        3.1959519487995327        1.9416669556134016        2.7978626524604153        2.2415880363554113        2.6105924582286937        1.6225184517896754        2.0096643007608539        2.7966352659812737        2.0082170539310549     
   1.9745608951175147E-002   4.6871803213962135E-003   6.5167570211211182E-002  0.12142253432790394        5.6659155422239683E-002  0.41381125451419432       0.25334323563329880       0.17645298460718611        4.6329119465144473E-002   6.0082900787229970E-002
   2.0638609546115902        2.2945032904479521        2.6498383018909162        2.3033850544639636        1.6705819492646699        2.1206556297865364        2.1732811954457212        1.7685205347365218        2.7694492523280689        2.2164922059634709     
   2.4509427780670959E-002   5.9517071459045667E-003   8.2015734942171500E-002  0.13705819257972057        6.9249021621682907E-002  0.43985674963109278       0.26899398418957143       0.20032009637959469        5.4331103821574037E-002   7.5620385532221904E-002
   2.0419570124900170        2.3167125546136988        2.1609378307149254        1.8628958713801591        2.2252814103679688        2.1650492527409479        1.8013671631825634        1.7964377364066346        2.2525837982654782        1.8248731860218035     
   2.9503486812485481E-002   7.1613107841501933E-003   9.9308684922766594E-002  0.15163946518700927        8.1930855618715395E-002  0.46241636187935314       0.28426269188376152       0.21923601036152188        6.1948822476172893E-002   9.1110695893347388E-002
   2.1966925357726770        1.8880058795712940        2.5130051504107578        1.4996615744581610        2.0071805186591778        1.9752734628858530        2.2289843663526039        2.0242385566048124        1.9809659517351235        2.1378965513400878     
   3.4048993192366574E-002   8.5367793974991911E-003  0.11638394335353042       0.16710482132696422        9.3747955302456207E-002  0.48248418249259428       0.29590825873319110       0.23689937356652183        6.9053046719633374E-002  0.10659847201839914     
   1.5994588125622959        1.8082235740456813        2.0475060317788731        1.8570231105089612        1.2851702900433639        2.1960253901027511        1.9286767723576708        1.7991665528074980        1.7676184512006305        1.6761159355776578     
   3.8969041374781827E-002   1.0399464762670181E-002  0.13184919139740348       0.18250315260157879       0.10818819230647771       0.50162440380608131       0.30754008605961897       0.25286687589261242        7.5005023488533024E-002  0.12314910457598484     
   2.4494423492748112        2.4005617364489984        2.2665204974363302        1.7636474345117812        1.9813838189441377        1.9287417400873270        2.1230697486277976        1.8458588694692533        1.6936301092487758        1.7729853433980889     
   4.4082324983120973E-002   1.2328878901539452E-002  0.14683273266747759       0.19633754656133467       0.12370882459331575       0.51931733926631685       0.31904856160089096       0.26817901887793083        8.1819314483046690E-002  0.13801909178864702     
   2.3789463956832124        2.2973297652499967        1.4333371152843040        2.0684092970956582        1.9179765191205207        2.4174860915378114        2.1892865105715025        1.8679093205465471        1.7455841604483224        1.5916395972080444     
   4.9241673600650564E-002   1.4492772491360884E-002  0.16349899525217276       0.20919387945644857       0.14027925862491553       0.53360274031668220       0.33018595320745320       0.28275253034588421        8.8780222382795509E-002  0.15362488486161868     
   2.2542081633669642        2.0402187116227695        1.9568476532486758        1.7572242388457253        1.5962851132405258        1.8568937966326164        2.0184113568408515        1.9399378713645496        2.0018876446110223        2.2344461969614904     
   5.4540823011303724E-002   1.6790514574154886E-002  0.18077450448234805       0.22271032084955564       0.15687693332362293       0.54650322503596616       0.34075578006749974       0.29655160133830860        9.9429251007047997E-002  0.16868537799755576     
   1.7637824461513554        1.6490663852716050        2.4627885128648503        1.5925297552230664        1.9682532188466220        1.9600905486274465        2.4071831543871314        1.8737461116044591        2.1842185834048276        1.5712927645549477     
   6.0153042612984452E-002   1.9125027794738372E-002  0.19445884215228459       0.23676523395483437       0.17314713382026120       0.55855422960787826       0.34985285414812256       0.31024077119674498       0.11081013472064019       0.18342557387816935     
   1.6332861271935322        1.9914096284300375        2.0251725484718719        1.5801899724788071        2.0571477162731444        1.5827552989114657        1.9542224210688799        2.1487145043710387        1.8105295226609639        1.8569201812541098     
   6.5975411279229457E-002   2.1593856656722157E-002  0.20926086188735846       0.25031495352843386       0.18994937330711628       0.57034995932460320       0.35749568121979258       0.32344987164992878       0.12337398349649767       0.19770489091979845     
   1.7207916523870090        1.9326653066867099        2.5394145519636733        1.8312225491015606        2.0920062209285191        1.9903643702524416        1.3722590569217155        1.7836957371505882        2.4723318086525885        2.0982420876595906     
   7.1888081952476562E-002   2.4055004673673840E-002  0.22578191476476395       0.26306297661855477       0.20796758450007974       0.58151149367322963       0.36536052970689969       0.33623950519105977       0.13604560931318871       0.21231839858684648     
   2.2957141743543397        1.7767940289768109        1.8748476520808206        2.1906420894544651        1.9158303741876850        1.7972715310181733        1.8189822447899737        2.2517597513792245        2.2322782277060123        2.1210997710991162     
   7.7933475881199324E-002   2.6662956993727657E-002  0.24285059170845455       0.27473160615312825       0.22598681607686344       0.59176689087751844       0.37316804563784239       0.34905929666653318       0.14748647197364975       0.22677857438260884     
   2.0996331995872972        2.2234187170270476        2.5115035753384651        1.8589000519151662        2.0941897877747202        2.0617659631696292        1.6136007426187222        1.9618908097314607        1.5468624949804439        1.7420867634131907     
   8.4138724754139180E-002   2.9282887700249404E-002  0.25735642542047371       0.28611831201931226       0.24445810660113232       0.60211642749880101       0.38119972511066980       0.36270229411516586       0.15834161022559684       0.23996829996644251     
   1.9813779752923426        1.7045109153614857        1.4803221498124182        1.8498328635276959        1.9249115585938461        2.0197284321998197        1.6174254643724537        1.8841464588951125        1.8362825103186882        1.8656811585699804     
   9.0330093101312153E-002   3.2585295232906736E-002  0.27026884700680837       0.29819181727742439       0.26223045942107526       0.61204473062947795       0.38941574519818600       0.37664531657262007       0.16920969336313918       0.25031649272587270     
   1.7804918243389163        2.3916116241023766        1.8086760322440976        2.3217399919344142        2.2305162500488427        1.6800088728190703        2.1862865626788479        2.4015192785495114        1.8584433325250469        1.8371104853667386     
   9.6542569426559519E-002   3.6023809186829917E-002  0.28232157859688789       0.31054338404210446       0.27998606285419486       0.62264477702873811       0.39708904176126525       0.39112430389028663       0.18130729466016235       0.26391544482821483     
   2.0200480747122134        1.7402438466965655        1.5978920116509361        2.0530921481615123        1.9347211526855794        1.8470900253743103        1.7320012803544746        1.9227987584619217        1.6525755876516794        1.8023229168510722     
  0.10268261102648235        3.9609283932481677E-002  0.29410866404106312       0.32350286309527726       0.29647459873958276       0.63316722023107652       0.40422859665698724       0.40585362122343294       0.19461301184955562       0.28019040279003610     
   2.0995003554645271        1.9476616856493505        1.6193931394725698        1.7329850093083048        2.2359918628042617        1.7793108057655636        1.8345329554088248        2.2751677920761533        2.1418836485623278        1.7729474700670835     
  0.10869001841431875        4.3269637858045419E-002  0.30850745635281157       0.33595090434069846       0.31314298983894240       0.64335829744481987       0.41108748865810302       0.42037695845423334       0.20853341653456062       0.29773138952475575     
   1.9783508932866209        1.8601695969165053        2.2661063687071170        2.1563922802166648        1.8995739551918946        1.8755850805747221        2.1863571443115468        2.0060648752198724        2.0789641123967160        2.1461788705061258     
  0.11499616896120654        4.7425617888086691E-002  0.32376604591957198       0.34707628170345123       0.33031794480077237       0.65371417893020245       0.41784911230360117       0.43521577356329372       0.22301013251121718       0.31423158754943470     
   1.8024253579520069        1.8378350044250953        1.8762471901267970        1.5560099016974749        2.0045677084270848        1.9833316827559624        2.0780209737734219        2.3824973603708695        2.0342201097917294        2.1143216160049603     
  0.12120274473862531        5.2011441374236064E-002  0.33922544342955119       0.35794104746195410       0.34759209784614192       0.66335127715538955       0.42468051918961264       0.44912344545638483       0.23750802733494464       0.33045607532013854     
   1.6577636191974683        1.8031083652442035        1.6748454299137570        2.0448272122929612        2.0308675291119367        1.6833996333492940        2.1824334636936111        1.8378380607930276        1.7650553665905937        2.0062253902246274     
  0.12778220299288731        5.6907786697981945E-002  0.35446791423246882       0.36837608730452642       0.36332968778489289       0.67270709866009248       0.43130136900580807       0.45566667545133505       0.25252870803979455       0.34758705145570173     
   1.6922492907861424        1.7542852314602049        1.9950847769333686        1.7001253802339680        1.6278917497629597        1.3957688603192451        2.2667906446330441        1.4323981007393178        1.7700731450829263        1.8837526133865961     
  0.13511629631773781        6.2173085520283493E-002  0.36997389857576812       0.37826994481836046       0.37986581853254325       0.68174513152286687       0.43723264489751629       0.46268211282478916       0.26673356223714478       0.36505936764133862     
   1.6907050528441745        1.9250556639826713        1.9920092484358065        1.9179802420803820        1.7578593941733218        2.0741864614971255        1.6722528479171115        1.2510028338702692        1.9136155817702611        1.7832224681133573     
  0.14311891894411485        6.7673524064546853E-002  0.38588007888661030       0.38859777404351203       0.39497791711645081       0.69051562827099733       0.44246439569368473       0.47023153719214095       0.28206713280996143       0.38292266767959821     
   1.6345117676968204        1.6153095983597519        1.9210369396581801        1.3668763749637789        1.8596006975530781        2.0791904401558274        1.6529253730265940        1.2943072802821500        2.1133034264972315        2.0047611042564455     
  0.15178326083398785        7.3413406071571569E-002  0.40188960690386466       0.39890119747842134       0.40999507897004028       0.69917968777903761       0.44776996534879643       0.48250422284657779       0.29790016857722751       0.40103948255633126     
   2.0224912692421415        2.0538774121561736        1.7938785811244358        1.8567095856098443        2.0071593485680124        1.9251261683191088        1.8746340871317098        1.7086472326195010        2.0749740376920549        2.7402064009035914     
  0.16018140160293767        7.9432316474721390E-002  0.41792344126875564       0.41028462439582580       0.42611149903891576       0.70767141880693585       0.45301149027669740       0.49543986666410461       0.31375371353814618       0.41809233594040157     
   2.0566431982845215        1.7700263636172255        2.2002666319283617        1.7408689793509984        2.0654599865179826        1.3516213033294784        1.6083479677218087        1.6852693425792711        1.7667167826466741        1.7268543738194444     
  0.16965055004849133        8.6031462675981163E-002  0.43484839272277581       0.42261473921190562       0.44186515358235223       0.71625326292807245       0.45889547596209002       0.51287888610484456       0.32994578042562106       0.43530366206896898     
   2.4697360956385244        1.6658790150409488        2.2791967030488136        1.9991580204546660        1.7751690990767359        1.9861117241983568        1.7394727962764363        2.0213996856730776        1.7157496429966996        2.2734572646507711     
  0.17941656412608276        9.3418776685784771E-002  0.45165669471398362       0.43490296313751381       0.45842396181174516       0.72510753868262923       0.46590723573168680       0.52953804479547151       0.34723037340378443       0.45143777159024551     
   2.1670326135574816        1.7103316541351197        1.6299255172767682        2.0165658683106256        1.7629677418556979        1.9456558162220472        1.9917981402069433        2.0790300098687924        1.7882431991756211        1.8298034778239498     
  0.18935509112943436       0.10153949506407689       0.46651035717711226       0.44740472919729407       0.47478378715938679       0.73437683812414967       0.47310659736666028       0.54822549476520366       0.36512731869555559       0.46695897833377731     
   1.7835426356259185        1.4965754272658029        1.4082671021289899        1.6472000062666097        2.0421485233973860        1.6774642941242144        1.7229662859992143        1.9365433281271496        1.6490658326066019        1.7548248068644619     
  0.20001936087298183       0.10991311152772366       0.48134480959248893       0.45994099427828050       0.48978147104507808       0.74250303706279008       0.48047326817801911       0.56700096150384383       0.38253910413575637       0.48195686714381136     
   2.6762718154489411        1.8792175931645168        1.5598733009612720        1.9308214515489481        2.1287171932488640        1.7964337962607211        2.5932704098532260        2.1851860230612870        1.7549316083838034        1.7609830257889239     
  0.20844103105527828       0.11851051591633593       0.49471696042138325       0.47376752451842724       0.50456967778328143       0.75008189787917401       0.48716645985924578       0.58618508751571363       0.39939146653713692       0.49945537585926364     
   1.7459764561724154        1.8748308768180846        1.5379420722825632        2.2663264876519076        1.6817287010460291        1.9029845652341206        2.2010809916694276        2.3471904771920178        1.6678962421126895        2.0080546322897077     
  0.21603404472364429       0.12761115355823799       0.50879647367647707       0.48730596732006032       0.51976716017240099       0.75804890638445799       0.49282702255994565       0.60617494190622623       0.41499614379045369       0.51810178395933726     
   1.4578334258887291        1.9596730665192157        1.7656813884491158        1.7778554707279226        1.8790840143754803        1.8660451941815162        1.8907130640110010        1.6685927031519350        1.5367401398812375        2.0249379886340471     
  0.22266372274356686       0.13723070190647449       0.52310894663550811       0.49990915191809754       0.53601975692807047       0.76579727314900303       0.49743357922746195       0.62194592397825776       0.43061347949635020       0.53615978051417801     
   1.7607076989800763        2.0666558925288396        1.6884066340161890        1.8590009010947262        2.5514433389735820        1.7123600052617964        1.4510454254420457        2.1937538778241845        1.7745447287733231        1.8608342886983926     
  0.23006600802424923       0.14693641686549436       0.53770665847663879       0.51155227811093362       0.55372496362474921       0.77253865133883970       0.50151859047717429       0.63724986187362609       0.44897130990802631       0.55412335300022164     
   1.7821805473994596        1.8979034035052864        1.9669481016895629        2.1109256908774077        2.0088206616801476        1.8361134186365822        1.4612970171193205        1.6606822863395687        2.2934945579200745        2.0599480100958645     
  0.23913246356624232       0.15652823109244918       0.55272213283017113       0.52220087097793877       0.56840280272005439       0.77860443552112668       0.50619528986502804       0.65246005608056401       0.46758986620353343       0.57166222331692085     
   1.5285200437267976        1.6346443210794424        2.1041697330276672        1.6768126728195161        2.0292230211763758        2.1194816007335291        1.4256595480309546        1.8390834050792289        1.9709226348115367        1.9565835669275022     
  0.25119015475829526       0.16662692088113845       0.56765111337208607       0.53294159990665391       0.58052816817787833       0.78555500284648971       0.51229629975625834       0.66868798579379962       0.48686393303749143       0.58650847985622268     
   2.2587378182043913        1.8544032179922081        1.5194870406043699        2.1183978694467211        1.7199983749553718        1.7176827451558765        1.6470842035202440        1.8577627440022491        1.8682206722580428        1.7243957812344293     
  0.26430726840994484       0.17768955978389561       0.58278805874858119       0.54430054185153187       0.59104304485906822       0.79323851578592686       0.51875970066449806       0.68523985890728556       0.50658776139431083       0.60299551965182452     
   1.9747059456563141        1.7798602117174986        1.7557629208979550        1.7203004044610022        1.5618490777188287        1.8802819196559784        1.8373017347543232        1.8814648682455519        1.8362136978360719        1.7580358787114563     
  0.27649493861101443       0.18989541057556314       0.59804007894592581       0.55578092618037389       0.60088612028318433       0.80096754987019259       0.52486255810336047       0.70291044542207137       0.52432593542295125       0.62006408624860065     
   1.7287327263238625        1.4679796688651927        1.8230415770416046        2.0571961263921876        1.5313041197496946        1.6865623277808663        2.3129983118369872        1.9345757195721391        1.7897926248201366        2.0338165932763728     
  0.28824355046122674       0.20418863296118814       0.61324960042264753       0.56672178991078914       0.61386746186800445       0.80873040699353793       0.53063451652547411       0.71900972006627428       0.54204425831866554       0.63703297739566933     
   1.7564276243119248        1.8188823279882866        1.8346899903830471        1.8962568810622991        1.6181610263302528        1.6194530354365468        1.8989131746147323        1.5155120775736743        1.5500771368481292        1.8610487669067228     
  0.29916807036796056       0.21991183951219156       0.62822824246966746       0.57706272311134832       0.62852301218127926       0.81600791236364933       0.53642372308632547       0.73401303193319523       0.55778101068993091       0.65494835900700843     
   1.9832123529943946        1.7199090487752731        2.0762880341538534        1.7531738465448703        1.5354544658224891        1.9738958793044965        2.0452076648570747        1.5981589216234253        1.7771825746402981        1.9706185245481691     
  0.31140981676310037       0.23558354308125459       0.64337126988295468       0.58777376630294287       0.64378460764216516       0.82244076867357807       0.54247588131148605       0.74615216446707733       0.57230759068091486       0.67439188258926197     
   1.8459895251829723        1.8899379717783069        1.6962210305185916        1.9283173207338404        2.0201740037929148        1.6928803530482415        2.3070141241427757        1.7563856656133456        1.8865886576263562        2.8769880181784866     
  0.32564537383744402       0.25188636480432591       0.65738866124971296       0.59858110960603528       0.65959329983980830       0.82877571455540855       0.54897707387565642       0.75746954356395535       0.58616937306739203       0.68872027580533668     
   2.2033135695009110        1.7331067279869299        1.7098194074400881        1.7777478500044184        2.1296864154625377        1.8340531886007319        1.9455993380233219        1.4066557181498038        1.5119093121941425        1.9244616237745515     
  0.33982577749241544       0.27072287617328183       0.67287727395507002       0.61022322766179571       0.67631726270506765       0.83549762787005732       0.55564196379448128       0.76843167044512772       0.60048189016257358       0.70293230458236744     
   1.6171157228476394        1.7336489195384366        1.9327499687890093        2.2941118098833431        1.9023320872080169        1.4413623291646884        2.2982851199443068        1.6549150362916376        1.7305258083078470        1.7572422630792583     
  0.35389003318340218       0.29040000415700495       0.68879897780916921       0.62249136758618528       0.69330074388395435       0.84234270740098605       0.56206884213388253       0.78044282875135207       0.61512227519592244       0.71888282229398737     
   1.9349954317980558        1.8191248685509214        2.1943938377803329        2.1685693806208963        2.0582368681971550        1.5774916730469848        1.6799914224851527        1.7444307893727267        1.9831393567514191        1.5389053241674171     
  0.36738977774498804       0.30978341121385383       0.70297535793268784       0.63481702355987912       0.70951947256360126       0.84920974050668652       0.56870289684312558       0.79304827359315933       0.63098116485019096       0.73620587856998609     
   2.1304761128554710        1.5819573328685577        1.6844414912139516        2.2557609561167471        1.7852788756236668        1.8390543879999415        2.1643819951387897        1.4800400760864745        1.8574973153910042        1.9994735664120307     
  0.38094479732330006       0.32865997821250842       0.71662451508105862       0.64572054460218653       0.72583036084675356       0.85617055475864545       0.57564015609894437       0.80680766815129146       0.64850739726195805       0.75286543664705985     
   2.0537836052666045        1.7791455970611443        1.4370886243451952        1.6510861475642911        1.5013398415138082        1.8280401105276405        1.8647310955286311        1.8229762629388400        1.6328627110526099        2.1218414452007339     
  0.39598375948157105       0.34730759961255231       0.73277095892655753       0.65647066342933624       0.74237907289680549       0.86344952666747143       0.58273373540783546       0.82087325911947329       0.66550604639360156       0.76866071782954049     
   1.7437631400796929        2.0046887604611392        2.1481524388738831        1.6556196404736099        2.0938476133755817        2.0273396796465670        2.2603516858538324        1.9027526500678356        2.0069545276275305        2.2197340727854478     
  0.41139437189284539       0.36921174961136721       0.74960556502204811       0.66736518651102639       0.76138906282427898       0.87092856569331767       0.59006431641857637       0.83309549023683804       0.68192010017008287       0.78415201144126434     
   1.8876914921984811        1.7111670896163016        2.1784804065514849        1.7121456765744927        1.9124488112716420        2.1944189721255252        2.2090776524727582        1.4749227599475627        2.5292857712475194        2.2310294512217443     
  0.42922779921090931       0.39311315679055425       0.76297138482320304       0.67810202995018531       0.78043099801386140       0.87805486577245706       0.59778764937354889       0.84376594892443291       0.69831419456686294       0.79951396244168549     
   1.7742584948660669        1.5867766711182723        1.8805182341655715        1.4907996974152773        1.6958504478832996        1.6177545414535226        1.7112222189697337        1.6668454561359389        2.0778970684916280        1.7849383958502942     
  0.44528135113279743       0.42029773832271883       0.77598226758965472       0.69032764424981241       0.79858663072392067       0.88497539885933585       0.60579653687050128       0.85471769917576013       0.71540006508535559       0.81538644711642949     
   1.9291085701246271        2.0135318409612366        1.9487581080545848        2.0899209069194238        2.5373917605487484        2.0630011080830397        2.3740933137578604        1.7282038649116318        1.4453220631228463        2.3566033425109394     
  0.45875334779820409       0.44915642988716609       0.78522691975731018       0.70117426250106218       0.81474947229427619       0.89160664065415451       0.61356988805233914       0.86615654334487036       0.73345337117795284       0.83122894945176917     
   1.2059118643430196        2.1862100410811158        1.6560134974840417        1.5003450051455482        1.7683350879727451        2.0128621063317653        1.7581017990581602        2.0443399678290954        1.9247808151441581        1.7695000027990038     
  0.47279616382845763       0.47548971505267840       0.79464858748374745       0.71282455855967874       0.83110905479130748       0.89778449662437765       0.62122300589101354       0.87767933022041700       0.75439781220088120       0.84450437062234873     
   1.4340259812714249        1.8912045876477983        1.5240462654932820        1.8495479520728817        2.4182394471513664        1.8083994848723353        1.9005030369306326        1.9988975132019664        1.8576416044199235        1.3730936286508661     
  0.48964787522908154       0.50371202304411655       0.81064253702474665       0.72475160956772677       0.84670589906352034       0.90337290544576165       0.62901200773398824       0.88891934429245123       0.77756598877012806       0.85829351529019404     
   1.7067294334160552        1.9352414762959298        1.7797333669775310        1.8301983997928097        1.5409748455105168        1.8762048180760698        1.7731651962381063        1.7444959905159287        1.9143816574301680        1.9325449132332522     
  0.51032707181940706       0.53781784208813799       0.82743678392795050       0.73785443482508717       0.86223759962483759       0.90818627794971740       0.63720409996722072       0.89982138109958820       0.79896411237479004       0.86880046068121941     
   1.5632282590712085        1.9347694669492830        2.0349326021912750        1.7738063360273446        1.6279841168935771        1.9287637749895570        1.5589987365790834        1.8780528304696091        2.0160022062380576        1.5404533987965658     
  0.53500151171308885       0.57023528946279201       0.84674095671697247       0.75162220792738133       0.87754334439016435       0.91287060225049432       0.64625926899694830       0.91093230287544646       0.82006794402513283       0.87978272081854636     
   1.9030402742262447        1.4492893441894004        2.1003017880460670        1.8571974076365891        2.3004052939833253        1.6149305955481283        2.3075676682842552        1.9860242338488645        1.8461316144772759        1.8972759380047048     
  0.56066045719491697       0.60769619239257933       0.86589525640185838       0.76460519639310853       0.89314183812352055       0.91750223471278181       0.65624632202435096       0.92235497646483133       0.84271352267047639       0.88950288458271110     
   2.3885095904631197        1.6810609250598647        2.5268078859759395        1.8649910729783419        1.7678274330923169        1.5794726846135128        1.8596931416502582        2.1145673412127435        1.8971555143750631        1.6792257324350102     
  0.58953363216150412       0.65505692798788717       0.88534661640881374       0.77682173529347531       0.90926152590908849       0.92544776974199328       0.66740732312393325       0.93316419495099534       0.86777974050573159       0.90218715000525340     
   2.2738038800905946        2.2638935661831678        2.9441693354414196        1.9945298848597532        1.8681496670401105        2.4195142291826071        2.2245274702454960        2.2176063831301671        2.0804401787437019        1.8785649595886080     
  0.62357577587606483       0.70434448361705704       0.90473590202142828       0.78811504311345426       0.92550988347563135       0.93339971003319699       0.67949983268087133       0.94323922957847739       0.88827453414810897       0.91731545261647263     
   1.7894108325149640        2.3656432360162234        1.5890363867177633        1.8526627508361213        2.0762638041000234        2.0005732594532191        2.4216738100124982        1.7961625376210208        1.7878544788851329        1.7071520143109067     
  0.66391878026360307       0.75914136506994911       0.92308869058199627       0.79999951215748422       0.94136075065511648       0.94373613252391364       0.69317118019414503       0.95294707657074451       0.90788753624891860       0.93306527008796036     
   1.8994232389433516        1.8601622316540365        2.8780623322063588        1.5948012849995665        1.7058871415150285        2.5737232745874263        1.8897864501288328        2.5084001608176809        1.7081271451287805        2.0532461682325347     
  0.71411427673589623       0.81552455721978423       0.94076143505627152       0.81858195242242981       0.95628038260398140       0.95463088462543055       0.70868878783473332       0.96270946661812251       0.93152606811082128       0.95103369172441410     
   1.6621249586987152        1.8994530331095505        1.6503453437322313        2.4601441941837487        2.6452528263976247        2.2465137102364716        1.7342379923904883        2.2086516206195017        1.9935750610103455        1.9667694655081498     
  0.77950384346554691       0.87253416595942412       0.96086776853173339       0.84629895777063302       0.97115572252432492       0.96637610904795035       0.73915112752197809       0.97372288065174895       0.95329421210824583       0.96865229799243624     
   1.6508600006521756        2.0041741880751851        1.9861512874758875        2.3655330673996544        2.1489369633214985        2.5547865194240682        2.3260561785971023        2.3671582414460683        1.9546543933777014        1.6784412671667595     
  0.87347172913854443       0.93283043097359852       0.98012869198560570       0.89726179165474629       0.98574158261961531       0.98083863961577344       0.80004474074770915       0.98607708959843687       0.97686229311941386       0.98397489632375046     
   1.6434835906313796        2.1502242842482242        2.4886751214346701        3.4947445241749318        2.0594150349066553        2.8004873140185178        2.6836275974687553        3.2155638195754190        2.3875778599288124        2.1236784367686061     
   1.0000000000000000        1.0000000000000000        1.0000000000000000        1.0000000000000000        1.0000000000000000        1.0000000000000000        1.0000000000000000        1.0000000000000000        1.0000000000000000        1.0000000000000000     
   1.8211163777606181        1.7655305586082037        2.1100452489351045        3.0572520123191858        2.0634681500723615        1.8926095441902000        1.5705242619409174        3.2701454736587658        1.8674069774387432        1.9045909936101160     
   14.373499628823129        7.0050829931944500        1.5767201729478344        8.9489848821929403        2.6006872756024078        0.0000000000000000        9.4484947670490094        7.4986889618732926        1.8162454757922231        6.7063486177679694     
   4.1046027605575643        1.2509724451358533        13.349243174193042        11.707893676595001        6.0963158424327979        6.3152921576436230        6.1763196597699128        6.3376162239015628        6.7802160988713602        6.6707184301600275     
   1.9120965679099897        13.872056552409372        14.885316495206299        8.3357966808860660        10.394611477320366        6.7208595806476294        10.027906447986707        7.6377798702482087        7.0535460057748871        3.2361809696771489     
   8.0591680142210294        7.7295937131520542        6.7844744044854535        5.2977349770784352        15.604762829294000        4.7574918723190045        7.1347548886502450        6.5801880854299482        9.5044911103911787        7.4687501305996111     
  0.94062727878389152       0.55058596931649106        5.2473434752456134        5.4949074686369439        15.501948843413983        4.9725284671431185        10.546481984953690        5.6928699530866282        6.8958044681361113        3.4344745866260946     
   4.3608510667833453        10.873515151771272        5.4554390696812201        5.9374905958166675        8.7893419465945062        7.6640189375346681        3.5265432994739134        10.305085367534732        4.3113886370332457        10.053392938939529     
   7.7213581504256732        9.0075951644432859        5.8364984629150349        12.964811325656912        3.0161838427365946        9.4551406110423066        6.2492705450320765        6.9170023927581186        14.102017391317293        8.6497730930295234     
   18.532555228975824        13.541845046945111        7.2753136639797793        9.3615911393166993       -1.5701383217331852        13.326319742576636        11.902335690991546        5.1212316820833355        7.9660032156765377        14.330315251616913     
   15.215887291455607     
           1           1           1           1           1           1           1           1           1           1
   4.6761311115802657        1.7276972758999223       -1.5988101263151675E-002   5.2647201138899993       0.11368352872308327        1.1707843770914456E-004
   3.3164918764286053E-002   2.9544258512660661E-002   7.2597976625605890E-003  0.29279548027135022        7.2583676675631826E-003   6.1250484275672243E-006
   5.0000000000000001E-003   7.8219573855052529     
