   0.0000000000000000        0.0000000000000000        0.0000000000000000        0.0000000000000000        0.0000000000000000        0.0000000000000000        0.0000000000000000     
   5.4900298601525547E-003   1.5914488594272021E-002  0.18989521000960335       0.13485724975692889        9.0537503340129333E-002   5.4837941696684246E-002   1.3667131351888686E-002
   2.4356405539627612        3.6289548929782249        2.6784410510985874        1.6032049057620805        3.9804078994937622        5.8759960917634260        2.8132262264012748     
   1.0723093021448377E-002   3.2682556597136737E-002  0.26281871820106778       0.23418162640802592       0.15275021463008925       0.10139205304675693        2.7493845437436274E-002
   4.4187927754595240        2.9379567706209695        3.8322098083332503        5.8120768702020982        5.0284325320206715        3.1318717864869305        2.5147281347856301     
   1.5283101934583104E-002   4.9462449022383149E-002  0.29797045302081537       0.27443638481737870       0.19243081942677143       0.13825348973833976        4.1589337188243244E-002
   3.2853367393315880        2.2721501109982443        3.1977501267089328        6.2527285014323830        3.8042759832587802        2.8651827386464856        2.8371018586087553     
   1.9761917181206234E-002   6.6437540570217724E-002  0.31419309615823360       0.29120386947460630       0.22316748044612561       0.16974467024651321        5.6268173512772093E-002
   2.8740616334966274        2.6965737503618730        2.6028036570491841        3.9822992251798053        3.1806832720899534        3.3178060920191177        4.4007032200433347     
   2.4434047962378962E-002   8.4388009759102225E-002  0.32764980408355898       0.30286383748339218       0.25116677505353796       0.19886643060129985        7.3123764321386189E-002
   2.7368942529981126        3.3723694174579721        2.5108903001622993        4.0678915314800115        3.2608559188396522        3.3798226296532334        4.4870576734467447     
   2.9223829848105298E-002  0.10184126534400961       0.34162546560785240       0.31475508089341553       0.27832470466766990       0.22685534546651873        8.8921217388642546E-002
   3.8611827600395676        4.0438520005868837        2.3122975865264443        3.4360938587452798        5.4909008465853573        3.2294004145635906        2.7726973479192982     
   3.4035275388879342E-002  0.11802231201668165       0.35512995594743252       0.32540891235479452       0.29850410279094391       0.25109994717119621       0.10390605914762595     
   3.1854087292125230        2.9573702350628883        3.0444091318125999        4.8619103192205841        2.6105305273035939        4.0333219806016976        5.0172745018634526     
   3.8987542931772534E-002  0.13337954701830437       0.36755108130365116       0.33400024208421009       0.31376205294186532       0.27423347924505742       0.11798588861550308     
   3.7465284727713959        4.0291563990347736        3.2332765279107085        4.6278704074185875        2.9785028788333188        3.2063476182488047        3.1893885603198120     
   4.4193580588047246E-002  0.14865398411918626       0.37853198101093188       0.34173404295733928       0.32802433492703098       0.29701559719502696       0.13132619899510956     
   2.2283974578660652        3.3488700648644607        2.7672595732171139        2.9831524672023617        3.0894436671134407        3.3955258449055301        3.1184853020769538     
   4.9605487680026816E-002  0.16477538518331852       0.38800198084491533       0.34889303661314075       0.34360730899825187       0.31903986384867566       0.14449363469338572     
   3.5245548065946726        4.4233341597607030        2.3907648614686088        3.1461769258971994        3.7609686164305201        4.4023494939651382        3.7942010886559507     
   5.4677031570046115E-002  0.18045732091092265       0.39689084986828010       0.35550493553982188       0.36644935930911959       0.34019895258508448       0.15840585761305348     
   4.2929682602042156        2.9555284728123095        3.3064438096546178        2.8765759564402202        5.0753020617385500        2.5410983336768536        2.8980606446217516     
   5.9106913335847042E-002  0.19503952011969153       0.40524553886115933       0.36213565663512343       0.38988263250736566       0.36084563367280542       0.17354716235267603     
   2.5157802857054232        2.7038812955142180        3.0199663833257624        4.1713448875693979        6.1947180791051100        2.8977715118778500        3.4876155374965538     
   6.3448064964202439E-002  0.21114313470733648       0.41509205366689272       0.36910625908670713       0.40718358120498099       0.38208122931869021       0.18981962262048024     
   2.8605683190110804        3.2941938922028142        3.0871068278293032        3.0203692863474685        2.9962517175705239        3.1284561469975558        3.0004982575298214     
   6.7909332351627730E-002  0.22812319042798457       0.42467111680155795       0.37556209031366966       0.42227148268133691       0.40590763719291634       0.20612658130032263     
   1.8413283047172939        2.3526901150185222        3.4987758532925515        2.8976441289006862        2.8803400724360220        3.1462587124103445        3.3230061293567905     
   7.2555428620529744E-002  0.24578640353679704       0.43400493001720908       0.38182657098464157       0.43588233778034929       0.43048553415073121       0.22082390270646207     
   2.1032729322398906        2.8961245336383801        2.6776797562153027        3.0497949243145146        3.8110461932002795        4.0814792107490945        2.7731532409456618     
   7.7675475223823051E-002  0.26365542608911374       0.44219083434578083       0.38760113887376402       0.45021645864078719       0.45553961312238972       0.23374934050632915     
   2.3241352522278107        2.8019811425521990        2.7627828965546088        3.6866162144907046        3.5283776914446481        3.4600307369444794        3.0953103648033893     
   8.2753300598092341E-002  0.28005019079094651       0.45079123674726174       0.39299706608670765       0.46839694141656180       0.47867446919993478       0.24609530264939553     
   1.5608884072351994        3.7117697547817468        2.6638255019955812        3.0304827077132028        6.9638751729956221        3.0701372080688709        3.7113082676199851     
   8.7883639144882356E-002  0.29620442296212551       0.45948180428548446       0.39820598939918062       0.48389849494364212       0.49973686905089998       0.25888711668053371     
   2.4183118021838470        3.5706557567200554        4.4377871660159993        2.1994216240308639        3.9167019374844587        3.8684269876172999        2.4235477073154148     
   9.2814735313498153E-002  0.31231105342536947       0.46566201094552317       0.40428506696903266       0.49713756882257371       0.51951995939511941       0.27262218168357488     
   2.2740032440580276        2.9011614138094752        2.3069748664228169        2.7929935627116200        2.4908081081038596        2.1130380685209222        2.9710312971209070     
   9.7806318215316657E-002  0.32822469190347331       0.47185271603888274       0.41041341627827282       0.51090500424280527       0.53876909573491061       0.28779254374375302     
   2.6536177350692443        3.8305587904359522        2.1730041180651480        3.7576831768384973        2.9040680100992313        2.6855937063669049        3.1430532176699546     
  0.10366002343400983       0.34334208959725782       0.47812196605069635       0.41702996152427257       0.52582563475253141       0.55769877278120350       0.30583989793389449     
   2.1129871816448951        2.7937365051444973        3.7720287069048610        2.8196202668885326        3.7537676863571363        3.5654299409751378        2.8113790069696942     
  0.11051765229059730       0.35941515466036505       0.48500344636868931       0.42363328359375546       0.54023726568114372       0.57649118482241546       0.32470947548210644     
   2.9917985579074871        2.8216835603597166        3.4337287825789966        3.4426890639766721        3.6377716705995709        3.2058402129775945        3.2781043539391503     
  0.11793884787304765       0.37477528541626942       0.49221849981314525       0.43089066711999974       0.55499834863811981       0.59438598673465448       0.34317978013908806     
   3.0138511160949446        4.4675742335301720        2.7754751347867477        4.5126148102838819        2.8574244935862660        2.8856713811945340        3.0855458023441149     
  0.12576095113601263       0.39106253592140267       0.49962802882127810       0.43686490052834076       0.56895833289910835       0.61100302661494499       0.36018196586701429     
   3.8125599831496899        2.6027627275740364        2.7922558335574652        2.6910521026432153        2.2928982775515663        2.8683048702472034        3.1419650385402580     
  0.13363828199035471       0.40609033050300403       0.50722360014507761       0.44243487041311913       0.58242053824951467       0.62655205803976322       0.37659006587459187     
   3.4593988249843712        2.5974989829309356        2.4553585531906421        3.0826508484675506        3.6432562061165861        3.2068813659536870        3.3359417162008822     
  0.14153625518648527       0.42212907314511267       0.51467519243918047       0.44787665287191636       0.59467824494077948       0.64180019447536441       0.39336959471618471     
   3.5646674855872238        3.0744718239675848        2.6399387140720920        2.8838469625531764        3.7368187770540473        3.1543562359495523        2.9404467627252049     
  0.15002524158612165       0.43829196162022743       0.52202476076839976       0.45368297202830393       0.60586988140625553       0.65618867466796038       0.40943627876812738     
   2.5912394643900170        4.5584990263529352        3.6627119680236908        3.4485302600929666        3.0728338645276558        4.9668608879185383        2.8902242906702291     
  0.15882048762733256       0.45469624925639879       0.52984711179372368       0.46018814731902535       0.61740382321629983       0.66905323614917145       0.42445775031582017     
   3.1685022798336719        3.1696874605812329        3.2034888890406799        3.0431311476893605        3.5221053839929861        3.1060101408715655        2.9874259128201608     
  0.16841650457467505       0.47024123761293890       0.53845552291598175       0.46687550770940478       0.62925880999613304       0.68111561886150329       0.43913141396707711     
   2.9991227317685434        2.7328726020225877        2.6292995847779155        3.6465507418986660        3.0214602128300925        2.7539959794179745        2.8421099887913890     
  0.17844375885645594       0.48550225315574130       0.54671821441450397       0.47233302457466625       0.64155355334692221       0.69566642230061548       0.45442438673470487     
   3.7424703573384308        2.8863025801676421        4.4871994421165695        2.8892402829748511        2.3899448047840526        3.4335370862837120        3.0394305173334626     
  0.18813138448694872       0.50054922157814130       0.55390736924007589       0.47827136254911323       0.65390977026846364       0.70859024990974073       0.47177997802411425     
   3.3987247608694990        3.6928217950431828        3.4576538365589968        3.1233649569710056        4.2235801587559925        3.0695963508681312        3.8226385809589751     
  0.19763783792508541       0.51549054206125844       0.56068109297638502       0.48414940286827007       0.66595962701204092       0.72062802763135791       0.48918506467213230     
   2.3492706225243976        3.5122663962629224        2.6676138620647238        3.2742639828931877        3.4589318655123034        3.7485743233864226        4.1477614502117159     
  0.20783746982788931       0.53047025662521241       0.56795527166308479       0.48959099715109855       0.67798207901146879       0.73328395962323834       0.50570558077850558     
   3.4215609734544059        2.9536157819341802        3.1595502639068900        2.6988333623265408        4.1009729975951448        2.3638095679018289        3.8529428711567872     
  0.21930216023531604       0.54597816285271394       0.57624837473056578       0.49537833646060153       0.69033926156772996       0.74516990086862089       0.52202952603761121     
   2.5639402602829264        2.7800168851355731        3.2302174681483464        2.7691440316019338        3.9086552816654136        2.4572179709638138        3.2153676172556191     
  0.23142074927337092       0.56240470998553538       0.58517786688183282       0.50067860650011753       0.70267284311979106       0.75763390329970159       0.53961049063639188     
   4.1914834444527331        3.7747986711219679        2.7994470624516743        2.2647344469208850        3.5451209925756522        3.5409047069094455        3.7452677374613148     
  0.24391476030083734       0.57887642480349510       0.59405331382491866       0.50628465514196264       0.71401385496666092       0.76934778198619569       0.55770239051982451     
   3.3860866227854571        4.0180699929717871        2.9110012678371469        2.7009129164955503        3.7857972387947356        3.1024861848160494        3.2572268288261235     
  0.25550587383879003       0.59509827142411487       0.60265526257780710       0.51198869135043890       0.72418181859370856       0.78059744348924531       0.57482831447886695     
   3.0870900068410871        4.3366416336115678        3.5003505018638643        2.2876707363999542        2.5526889339043968        2.8576055258286623        3.6271009075795728     
  0.26750443310812466       0.60936134359183658       0.61138723019957597       0.51971911461822173       0.73397307701738812       0.79079764340818892       0.59095484136146825     
   3.6217685935596551        2.3037287354661142        4.3913601175752159        3.7864704857689309        3.2326485782719474        3.2267106983108245        2.7091776827883236     
  0.27910385557265910       0.62204974451951833       0.62053692694696549       0.52714566812735097       0.74369455211523006       0.80140237127904834       0.60673140941266535     
   3.2570237148843741        2.9817712688596334        4.2121433528324861        4.2928081143527930        2.6712513975945180        3.1507381716165126        3.0619962959550744     
  0.29157643775027359       0.63429371903702225       0.62841689222385044       0.53466786543940792       0.75398938904089507       0.81187752360205245       0.62149315109435888     
   3.0256468616168228        3.1158992698764942        2.9199093056414922        3.7578188156662367        3.5881392867343278        3.9934074132898751        2.3627280995343609     
  0.30584729321370829       0.64656246416018404       0.63682044629167667       0.54193969254105867       0.76533558811955826       0.82230257209093682       0.63613201304746225     
   4.1652082730138602        3.6712302305768785        3.0640512604732577        3.8521172824432197        3.6044716366663780        4.2128996248043187        2.7021238325834238     
  0.31966962361697315       0.66037137392695566       0.64552911112727118       0.54897604285475898       0.77674466482811244       0.83262788832899626       0.65195440895662249     
   4.0933876779650964        2.8905171046365488        3.6130273993440265        2.4756349167848861        3.6203815965110770        3.3109601403785156        3.2599311730366916     
  0.33381473632313580       0.67652931071005773       0.65585758018382545       0.55604928740110349       0.78724131384342355       0.84276449759617200       0.66728917133537091     
   3.0745150218803809        2.7022775816706033        4.2474822398858532        2.9935296413573966        3.3278248925239176        4.1065632845333191        2.9852649161131910     
  0.35011458040530857       0.69337326359883578       0.66599316217157911       0.56287805339470576       0.79685733328965569       0.85122519575497635       0.68206893224248899     
   3.4001437359179616        3.7717694941787547        3.2109768283276559        3.2499211688952321        2.4465817887604944        3.3513183601592602        2.5337900362001706     
  0.36830270435490564       0.71052673561627466       0.67517621816650464       0.57054021564366142       0.80605019559273205       0.85829318643519725       0.69815303798817308     
   4.0075680141973464        3.2512565116499252        2.5647972741843370        2.4637121342508972        2.7192343448687839        2.4539617205598820        3.2635240711268443     
  0.38720491342312535       0.72524938292287089       0.68418530787996246       0.57853316632766749       0.81569104104689261       0.86533338425757411       0.71457625867134722     
   2.9672598557729164        3.6229762415374793        3.5201816248170146        2.8499173575798555        3.4392075657675734        3.2227248719499562        2.6991364340571766     
  0.40720082868723051       0.73983248144682845       0.69408225855961236       0.58611433835852156       0.82576837990871410       0.87269202223045772       0.73126110416670298     
   4.6341571752035797        3.6088098101637702        4.2715197805171519        2.5940324420471730        3.6123774741660126        4.0123020659530626        2.5955285986511427     
  0.42941813796273259       0.75213742583159771       0.70466756668227781       0.59361852883073851       0.83644651959086691       0.87962948655694606       0.74822211031169261     
   3.5089518552140366        2.3150493833617007        3.8619646660786158        3.1596978668520332        2.6500562645220511        3.2486254809243595        3.5289954861307891     
  0.45218157917678414       0.76433864034961341       0.71539999733369442       0.60104357053519630       0.84697673341291946       0.88708859145684882       0.76526988131099039     
   4.1948722241543459        2.5532356001770551        3.1843509683839035        2.5669464386335150        2.6083793788963088        2.8777660594583963        3.3126704065024803     
  0.47437880822575268       0.77667668103005927       0.72726250409258120       0.60976108631350134       0.85732521494596803       0.89484991967415750       0.78144642190286184     
   2.7411708799801837        2.8075809464570667        3.3154087437351589        3.2061871704477709        2.6497294633412780        3.2221871723351265        3.3516863398843433     
  0.49627735368804704       0.79087042531410889       0.73998239383264686       0.61733230447165588       0.86695139484065142       0.90272435108555560       0.79705556938510980     
   3.2755428209841888        2.7233988458365399        3.5985475551811819        2.9353487436295449        2.7885962628296945        2.3202452375263665        3.5326317426607248     
  0.51842780202952254       0.80670683340012128       0.75174955830083479       0.62498257812076596       0.87540158214458608       0.91036378094217008       0.81202831691127120     
   3.6855686292796594        3.2711454788209151        2.9422361394759617        2.7221753294053044        1.9880356116789477        2.8635833142179772        2.4181845559930961     
  0.54084105732041121       0.82356054745322216       0.76179368681502657       0.63407277922540162       0.88369413876767144       0.91733617627675312       0.82576949314619019     
   3.5950657691321304        3.5725905418977062        2.7282320440739505        3.5946799000285066        2.5273915101218059        2.4877841713444790        3.0655509166248911     
  0.56568227838489937       0.84042459903153000       0.77138178872142882       0.64402106559339567       0.89160996366039702       0.92405710113501360       0.83955184635600122     
   2.8242666433891239        3.0234984183576787        3.1491148285790125        3.1346900166875096        2.7608278915604938        3.2490602663435793        2.9768090145868271     
  0.59503033421342177       0.85677803555562393       0.78137752641129943       0.65412184348738589       0.90011864617667015       0.93135232397948287       0.85445187824355961     
   3.9268846013880099        3.1998760082663433        2.1433342840779730        3.0181046088262753        1.8017148275925992        3.3758750707643026        3.4592119798540359     
  0.62692609165108826       0.87292877366157517       0.79527815895606258       0.66457509290054440       0.91002907298290037       0.93876152905551880       0.87108075069369384     
   3.7901868089656050        3.3079995867184202        3.4738182124231152        2.7069741070914879        2.7484892966424450        3.5516686909356872        3.2667788977826446     
  0.66451634327193387       0.88860783663701248       0.81116696611184647       0.67630639122392100       0.91891591513975979       0.94660369830850322       0.88706345874579562     
   3.7058545874175595        3.1927211145265915        4.5767595411878927        3.8619209083572850        2.1545580304805809        3.2698756258716086        3.6404574616544334     
  0.70359149762908035       0.90564050811370500       0.82890851991953829       0.68921521091467841       0.92878554192734963       0.95420050937589129       0.90313533376762101     
   3.5551682096196058        2.6875710249329328        4.5975662145432139        2.9801787149176442        2.2628905074219023        4.0614547947912971        3.1739345968736501     
  0.74686437046395715       0.92169078225175494       0.84673397360375380       0.70251136069536613       0.93848591507771273       0.96148292876602337       0.91907789707844834     
   3.3963097155836461        2.8321324993556365        2.7647917514729823        2.3734183015332668        2.7134333866464888        2.8587080932210496        3.3414719008740192     
  0.79366778839892249       0.93648239968482905       0.86409683606724730       0.71851808735229428       0.94858841723159171       0.96832910711578501       0.93531492057117827     
   3.6131932976501644        2.8984469882944439        3.2388647234662531        3.2152420852164085        2.7876716494891838        2.9493854630942020        3.3280309328871356     
  0.84358218550705599       0.95083286019242752       0.88439481334094860       0.73969719771156472       0.96065586199651842       0.97541575765246114       0.95201801720182866     
   3.9957394447045713        3.4668408950133487        3.4782731612012783        2.9399255798342629        2.9476387363712213        2.4570050706683753        4.0410458399053324     
  0.89650614987093102       0.96628774459741296       0.91148218912050960       0.76761526611596731       0.97248946810109127       0.98274147552332436       0.96819881423379306     
   2.9095717133304415        4.3126682562600767        4.2836417442862356        3.7531921958178778        2.2279612754870839        2.2895439081550903        3.5669231252738816     
  0.94782040201293249       0.98237823705912641       0.94874485303099421       0.81802199128182806       0.98565644697649024       0.99133089707136224       0.98406519454435193     
   3.9520820209503866        2.8961307092116506        3.7366759199927229        3.6868742438664248        2.9273225744726576        2.3084713385727857        2.4716722774182038     
   1.0000000000000000        1.0000000000000000        1.0000000000000000        1.0000000000000000        1.0000000000000000        1.0000000000000000        1.0000000000000000     
   3.5744035399910090        3.2065568515941538        3.2884780585107101        2.2380083594061828        1.8574913163636046        2.1273079623527429        2.7312548484119294     
   13.139438135889845        10.470173052304640        0.0000000000000000        11.685076007933821        9.6789405340949575        9.0127436931890408        10.141002015062705     
   9.2640525916610770        8.3344558921289948        0.0000000000000000        6.9802872604126129        11.356728121956934        9.6891406760455041        10.323205862496492     
   6.7377966122532689        10.585266560639914        4.5919044637497217        6.6131898684588792        10.248049167354070        8.8776707768892518        8.3554090798474903     
   2.1666533443529703        11.024498337544557        7.7627018382620108        9.4017758252510824        9.6016394021774918        8.6770451336469829        9.6751062868244926     
   3.2790057554232619        10.823153716410532        10.217122550443332        11.205215558448439        7.5832435748033156        9.4734333533163895        9.2196954659249268     
   4.6185613609496921        9.4252751501353611        11.740802332301561        11.581959491634102        10.055311422167282        9.0817461138245577        9.2974170371323837     
   6.3042988813135183        9.5626084638069244        11.446182387757677        11.218821061148072        9.7897361402384213        10.269535181898636        10.557844018384666     
   11.446211981407043        9.1953194644612157        11.260917094608121        14.973202065361113        10.945173099178657        10.630361779252041        8.9502357059611430     
   8.6549399247146948     
           1           1           1           1           1           1           1
   6.0671726568309605        5.5980023772298981        6.4251198173466651E-003   7.9741438862226923        4.7683779993144999E-002   1.0781899235504796E-004
   5.0882841917252938E-002   5.0843407115466643E-002   0.0000000000000000        0.0000000000000000        0.0000000000000000        0.0000000000000000     
   5.0000000000000001E-003   8.6298392519478835     
