   0.0000000000000000        0.0000000000000000        0.0000000000000000        0.0000000000000000        0.0000000000000000        0.0000000000000000        0.0000000000000000        0.0000000000000000        0.0000000000000000        0.0000000000000000     
   2.4516403612327544E-003   3.7953946183452120E-003   1.6527523383642839E-002   3.8901911092554961E-002   2.1764222646110706E-002  0.20675522277950489       0.24814745740659780        9.7853600653343545E-002   1.6094850791361782E-002   1.4138000667844862E-002
   4.5017116914270048        3.8580006591253020        2.3440607295808871        2.8180805293856577        2.8341493408461718        2.1082977454912770        1.4996167133977971        3.9803128250468740        3.7011231839225727        2.5953404689735371     
   4.8378513829924492E-003   7.2860296066526433E-003   3.2299065073077546E-002   7.1319793228647219E-002   4.3384783446256625E-002  0.35912063960989438       0.34124782432130568       0.16072115406049556        3.0557212121611922E-002   2.9874951457691618E-002
   3.3385028420208589        3.6006514177969300        2.4401203898563857        2.6297505867830111        2.5053801719055566        5.1680240764021725        3.4703669544136955        5.3377656049936304        4.0660378304712133        2.0783763849558605     
   7.2417653669204869E-003   9.3931657465625134E-003   4.9333418285621176E-002   9.8028828768490839E-002   6.3081781830887862E-002  0.38170120151629117       0.35997652395927965       0.19432239383381053        4.1302996940156537E-002   4.6036369036180740E-002
   2.7385378022939442        2.5940694031420457        2.1952706773267590        3.2352753460874135        2.5763982572292692        1.9994070118409524        1.6590817061730947        2.1957074941488810        2.7585477998781709        3.0052596759394881     
   9.8885308640631921E-003   1.1261499947476298E-002   6.5372411155068380E-002  0.12176654566800903        8.2925401725028811E-002  0.41069437382612245       0.37923194807487870       0.21506666728189433        5.1908629610310161E-002   6.2532448457627371E-002
   2.5928980387590590        1.9341493059606105        2.5426697349967347        3.1828102415376613        2.0122869522349118        2.7478663867671611        2.4484838086666620        2.6844469410728187        2.4576483533875835        2.2297860134416774     
   1.2841427320047285E-002   1.3303163601123160E-002   7.7972623552641396E-002  0.14505148415390284       0.10374683623227070       0.43581442990383523       0.39720777437128063       0.23344738803133255        6.1718790242204419E-002   8.0200276150598104E-002
   2.3670806200064729        2.0043737594119109        1.5752194364735017        2.7206987438741996        2.1197320362292755        2.6114080602859322        2.2118276356164919        2.4388793286392771        2.6280691462720673        2.2684165077085687     
   1.6173954083775310E-002   1.5619670613142195E-002   9.0912517807368698E-002  0.16535408913784538       0.12524602273631213       0.45838312578323970       0.41064138832921626       0.24825358218664831        7.1369222073850366E-002   9.8456974366649214E-002
   2.5123839777686725        2.5095310014768657        1.5931979372169358        1.8823452436687966        2.1785045400720024        2.4532934087026868        2.2994368857343259        2.0146502914199997        2.1352089960748795        2.2492990060589015     
   1.9756454228001361E-002   1.8111931000629508E-002  0.10345756778384967       0.18471386004964224       0.14614170181845962       0.47709567350314119       0.42191781292796304       0.26162967623977074        8.1553111683279195E-002  0.11561803007048070     
   2.1340870695609619        2.7659041530005393        1.6252096727105705        2.5910863920617313        2.4775918053987853        1.7297884027997512        2.3256490813708606        2.1571516657165226        2.5588383713056233        2.4136334259136274     
   2.3240836934295742E-002   2.0630427158235206E-002  0.11812392834328196       0.20447699185688739       0.16592739772232945       0.49287067185396333       0.43276070910181230       0.27449173267568944        9.1865376104123195E-002  0.13242596604099990     
   2.0168885351802386        2.1215501450915073        2.0498552316805587        1.9083535754954299        2.4634607205017454        2.3093487533448362        1.7882266708462760        1.8437002840865446        2.4651407339910270        1.9374798463160736     
   2.6857132056643827E-002   2.3044726634529455E-002  0.13435321493427244       0.22324792734161730       0.18421463242547734       0.50804007085768299       0.44288982994474330       0.28762727062134191       0.10286498059452902       0.14839160363466006     
   3.1810242976535910        2.2061002420694282        2.1785542980311838        2.5630560502353661        2.0663230534136074        2.7069858134188562        1.8581642849704700        2.3146984201466818        2.1387109125416708        2.0186737361413862     
   3.1072071799572810E-002   2.5422141115191917E-002  0.14923331080805027       0.24169417222291897       0.20064352716501413       0.52224661152821106       0.45261031832810611       0.30270302043926683       0.11395654269792582       0.16406458897497334     
   2.1618638996257724        2.3900016977517637        1.7061521775810469        2.5392034035092528        1.9435330177030141        1.8811515185829824        1.5759647752940920        2.7398987728378050        3.0948342074476534        1.8652909627373770     
   3.5573071171498639E-002   2.7724865552911378E-002  0.16288146421652661       0.26023227818433764       0.21445955189212648       0.53707941944089266       0.46237171022260121       0.31772733546931331       0.12503299657057218       0.18095299846654933     
   2.3046241596727506        2.0748409064919273        2.3759482806415040        1.8359834519087850        2.0032848796041471        2.2751799754889128        2.1300149586682462        2.4305116424717794        2.2359781346234118        2.0262085017685889     
   4.0129569766141272E-002   3.0179716526978876E-002  0.17616759566389095       0.27786086315720210       0.22778429428013136       0.55069911165128993       0.47260892490411638       0.33172836028955610       0.13560746891990128       0.19723127941779439     
   2.0259660929821131        2.0877913342478500        1.9043690368597910        2.4026829995593393        2.1486118834611232        2.2698020136959900        2.3558942998230195        2.3465502344130336        2.3259214255305758        1.8926641519591234     
   4.4645917560077950E-002   3.2738667738176665E-002  0.18863230315978893       0.29431791596786222       0.24286394889455659       0.56298701988391808       0.48160378892517014       0.34550893348140066       0.14620362541007600       0.21421984146779699     
   2.0901827255386078        2.3197454353948159        2.4935857850140226        2.0062645839403146        1.9343229757738034        1.9362179759259304        2.6513586369745208        2.5858984973527668        2.8103490398683926        1.9661111632519475     
   4.9122835884184007E-002   3.5588755198540649E-002  0.20260519097815941       0.31026161618088877       0.25908916119169190       0.57526085658643511       0.48937742421798636       0.35780326490422071       0.15749656357185812       0.23059575756716438     
   1.9311874251144630        1.9380896026610956        1.9153375711708693        1.9110174032268246        2.0613624659474072        2.4933600141617749        1.7234948388098374        2.6935952037698474        2.0353830966076591        2.9555494457573483     
   5.3711790947236243E-002   3.8274369670798593E-002  0.21720754859076444       0.32603182561868133       0.27470697802448935       0.58689426991704918       0.49710662840411357       0.36907881984825291       0.16944423931722513       0.24719205701022468     
   1.8669310025403449        1.8143720212835079        2.2813400031732427        2.5062288816767473        2.3867530304163664        2.1022433178951458        2.1965835609595596        1.7055329359839011        2.4724408975082355        2.1450315926327970     
   5.8681199952894503E-002   4.0828677812442857E-002  0.23322934309915933       0.34180589455419852       0.28777354493058666       0.59803005062540571       0.50526215522494144       0.38037779896177265       0.18211003378471186       0.26443367376001314     
   2.0023334303802587        2.0279772396292581        2.2107481600190182        2.0487023386202168        2.0367076185857202        2.3534156098361896        2.5907400790325794        2.0376398936775506        3.3639484094636036        1.9314272956843836     
   6.4120937420119109E-002   4.3481963852327311E-002  0.24979324843046335       0.35680034709631170       0.30011963886843046       0.60822755176225740       0.51413642426731609       0.39232848496827594       0.19558415730798703       0.27967878111855132     
   2.2715895463027134        2.0171505792072986        2.4028451392633827        1.9127978598480277        2.0408416699949652        2.3714904202271145        2.5752307527639178        2.8400436343657369        2.3485148350837615        1.6182914957263077     
   6.9878036666309151E-002   4.6382698000752842E-002  0.26603542355817983       0.37153723978990250       0.31263687267285073       0.61782903219553842       0.52295991551194065       0.40437994126102722       0.20975227830945484       0.29464600683755504     
   2.0555824200553916        1.9579664281001354        2.1490532585595634        1.9673385372715833        2.0808268310391083        2.1468776034423644        2.7650426235554648        1.8342626616104860        2.8487243190278697        2.0274668854921623     
   7.5812846713703766E-002   4.9572422804454279E-002  0.28245977779057629       0.38640788707429330       0.32529355487078176       0.62687935007767526       0.53163185446705119       0.41619283177986649       0.22447216478717952       0.31044704097724346     
   2.0734533104467108        2.1406879058609700        2.0649084698455211        1.9990908965138552        2.3143032793291494        1.7180827176251243        2.5252482792331699        2.1904365773985495        2.5922489442275829        2.4130833537690788     
   8.2288383872205551E-002   5.2994190544207863E-002  0.29746531923790887       0.40059875757911428       0.33811970046000195       0.63620575658308132       0.54045854538519922       0.42830161168624042       0.23879065429737234       0.32484437915969855     
   1.6887336509998507        2.8842731011995908        2.5971316704842891        2.0965440234776040        2.4948499903359798        1.7597017250837967        2.7391161994193380        2.1594022476450276        3.0093847328761338        1.9156842062441128     
   8.8946184644067283E-002   5.6585544219858196E-002  0.31144023915302971       0.41466997966280877       0.35238295995099955       0.64642671871511614       0.54914370028597204       0.44115523821548724       0.25273664423855330       0.33965463386600736     
   1.7085230293404525        2.1501524144416151        1.9469737195305390        2.6406587022839161        2.1023466690439356        1.8698774738724278        2.4081914017580917        2.1463657186753364        2.7696560492692810        2.0704983823693062     
   9.6357424970658759E-002   6.0258841986346408E-002  0.32514702912111776       0.42758858776994169       0.36587139034161065       0.65677502313070435       0.55753756911399133       0.45504603488677148       0.26659352402106434       0.35485843351131263     
   1.9583694425971918        2.6664932003267303        2.4317404064952988        1.7998865244742046        1.8310940809212071        2.3699260567501055        1.9520967215223353        2.2204672712431135        2.3189279255986150        1.6450166054770843     
  0.10429677525585880        6.3929584228231903E-002  0.33953601815435114       0.43898550456574781       0.37951669168395874       0.66701146690306878       0.56584195400584669       0.46939880456176064       0.28039620909551405       0.37035644250275174     
   2.5210286062778287        2.6653820202940652        2.1507356026856939        1.8708380693025879        2.6709403563493983        2.0926823710005285        2.7574236924918512        2.3687023859408360        1.9315322497778924        2.6057854363767139     
  0.11248740443214486        6.7646493350705064E-002  0.35527356470517196       0.45025797567086778       0.39428883760274541       0.67606823486960543       0.57374724045323344       0.48260029189928211       0.29461225368005867       0.38535246263907813     
   2.3653569319009287        1.9264923080770064        1.9400479094521812        1.6459436762065263        2.8145158480009904        1.8524815826928054        1.8316293909183583        2.3198669414124073        1.9588448725141960        2.3870233128056806     
  0.12052235521414380        7.1516799292071012E-002  0.37111919195522036       0.46138019169735467       0.40873464488123601       0.68436072670041148       0.58103607602227270       0.49464553775932979       0.30866262225803137       0.40026427089931649     
   2.0721803303896440        2.2596809844182499        2.7234780245030565        1.5524034747684188        2.2374026982301309        1.7092339517677722        1.8468205990703710        1.9049346073742282        2.3626484410680018        2.0367703464526143     
  0.12895470407894133        7.5547624883870179E-002  0.38727469819153509       0.47412321376844990       0.42320416540055938       0.69281976906750664       0.58812435563839738       0.50677941780021929       0.32516291906002009       0.41589874847121960     
   2.0960610681606728        2.5528485910964283        2.3275267730052751        1.8281828928218689        2.2119833387987269        1.9574540967165415        2.3381843892500949        2.3229933399482330        2.2076339830995044        2.2286122847391230     
  0.13808058826673364        7.9805180579676713E-002  0.40354344308405743       0.48719748457631157       0.43727758293679569       0.70131912449034928       0.59492039708601341       0.51960453859679334       0.34222619593300058       0.42972380139655114     
   2.4440221506225495        1.8373653680064006        2.1346584549976559        2.0574936113690603        2.3933278176187351        2.2853839124881370        1.9439283192465893        1.8604075480124469        2.2406417699099799        1.6975617310056614     
  0.14751425152229949        8.4272435068468099E-002  0.41935382436529683       0.50024723626752754       0.45075464194575238       0.71013551142113007       0.60140700239887201       0.53251631227110630       0.36020521782064596       0.44227971015270906     
   2.2131020801956902        2.1202396710282012        2.2187396469593730        2.2118172267075966        2.8756737668574845        1.8541365375612073        2.2124987484482115        2.7427669993970833        2.6147486246515741        1.9649336856366622     
  0.15726790278514835        8.8888555673079073E-002  0.43535710473383260       0.51194502982013113       0.46378904732453580       0.71937451843252231       0.60848994102919696       0.54489486042699486       0.37814383458878564       0.45446999328559218     
   2.1225823934412169        2.2848321637224296        2.3573743574336405        2.4490540526506690        2.1517177955434432        2.0883455521821288        2.3202079173413215        2.5833624211774850        2.5155183218356485        2.0628941120342708     
  0.16718917095145722        9.3373328825262336E-002  0.45143040311316623       0.52313527337166210       0.47664962121792565       0.72821866859063411       0.61598153064879091       0.55700490286811866       0.39564884684886831       0.46672384623563118     
   1.9968243405638950        1.7380882207296948        2.5806220377267746        1.8310427868699521        2.1479369619201480        2.4377352445576044        2.2009624037784792        2.1985692950640185        3.3627617816448558        2.2558274553062665     
  0.17736573327887167        9.7582134691138148E-002  0.46700768894944078       0.53412691936462764       0.48918538804990780       0.73684610190226540       0.62319398981997620       0.57002137866497982       0.41238072150335470       0.47950552315471806     
   2.0583709553327556        1.6818946566154509        1.8816132622324047        1.8625458698016493        2.2403809773761507        2.2823864423870877        2.0720396214698380        2.3331243449612282        2.3414944252944059        1.9600731536316820     
  0.18786214779159222       0.10171824739256988       0.48289209186993765       0.54582149469347307       0.50122201656609722       0.74456473159482539       0.63122677248878634       0.58352633450604330       0.42900215046931800       0.49311952880589383     
   2.4889400830068213        1.9537027518132895        1.8058248347876558        2.3755913491820846        2.1099509149462263        2.0831720543091774        2.3510459049856882        2.1267526328549882        2.1991280724815492        2.2514301206978899     
  0.19854844626848719       0.10607888884149856       0.49788679216627563       0.55729466070018374       0.51323013476769208       0.75211113112342420       0.63868870455208993       0.59697875309467974       0.44614731786953521       0.50834940592873989     
   1.9065249481805673        1.9511296784030876        2.3314112000637901        2.3476775477986611        2.6733124682698071        2.2081347499005375        2.2582029920800650        2.3221569629277790        2.6259810420710230        1.8933554112970588     
  0.20953866731810533       0.11101791335566376       0.51217338728413808       0.56815798243881310       0.52562412609498677       0.75945849070440552       0.64649135263130086       0.60901960353112083       0.46424591526698494       0.52273244509836148     
   2.1100016470392613        1.9551285586566107        2.2183164096929970        1.9976872088455317        2.2605785732110539        1.6012055318156249        2.4205062657283514        2.0241134002155947        2.5973648179101545        2.0534775819609994     
  0.22093058230410137       0.11640975962484465       0.52628104129444964       0.57828403519106264       0.53817737672305932       0.76630564239165411       0.65446820483588419       0.62059990350258176       0.48108051061008911       0.53753020069839896     
   2.2090107909991152        2.2694585212869076        1.9919871314955953        2.1130624504410003        2.5664693453998439        1.7755593370809206        2.7402194407759866        2.1467331785410657        1.9824935750168289        1.8914329051346599     
  0.23317258920541328       0.12185284402629885       0.54082820469095982       0.58837605757347644       0.55040748136401219       0.77341704918895671       0.66202219456463207       0.63222034219385681       0.49641593211769658       0.55337225252841915     
   2.0678708193429394        2.1519139368679632        1.9601904554716922        1.6017104500120334        3.1224667198884331        2.2331331293148038        2.0976974195650513        1.8031698434454280        1.9347867976636262        2.3463453149026510     
  0.24611399817575030       0.12732401116525760       0.55626507689545690       0.59890668059981633       0.56197108537282847       0.78033527610732834       0.66947693987736823       0.64430773857934820       0.51260899000309990       0.56952684520423846     
   2.5458007339857027        1.8506275401100800        2.4105618264931796        1.6899090933167589        1.7404607652031858        2.0761313121126035        2.2245247888932544        1.5149773546582106        1.8702882715813289        2.6552701613309027     
  0.25928558856964617       0.13318227782750902       0.57165442699122659       0.60892080452367725       0.57364503903188169       0.78766245413609837       0.67647857001482048       0.65667976024061603       0.52924871640103499       0.58710558065555596     
   2.1153950972285593        2.0065757587091286        2.3811911016999940        1.9722355441168649        2.2816725194336165        1.9605642995802561        2.4785135503290721        1.8857699046419636        1.9457785950489519        2.6817876543018913     
  0.27227699367998309       0.13945224910066967       0.58664758943116824       0.61976936309052832       0.58547961813542126       0.79493535124242809       0.68357856523320926       0.66973222635452745       0.54599046232535176       0.60238067278711904     
   1.8458721179060449        2.1000248233439738        2.0997194394116807        2.5543612481628872        2.1072322302362290        2.0259689959586953        2.4698751832446013        2.1641598200933823        2.0367763182263534        1.8096357105287300     
  0.28488040645288210       0.14602861694833738       0.60172461566881652       0.63053391223255051       0.59623699410754283       0.80253995972370651       0.69076277238540584       0.68320888948671510       0.56217436005036636       0.61629994745129424     
   1.9392000455688672        2.4809206186406483        2.3497643485846997        1.8993015100886665        1.7378158577647271        1.8037868720881411        2.2041830548767312        1.8671326156959482        2.5981992901933442        2.4946921951416474     
  0.29793959743358445       0.15284311647153115       0.61732893205457151       0.64188398299726890       0.60984478966923739       0.81063737180147888       0.69790161138593299       0.69721333038074595       0.57725356410643702       0.63261760436391523     
   1.6362268310462060        2.2755211924993386        2.0038586553894873        2.2107104650179576        2.3939446478174764        2.0764298319017200        2.3199133448945020        2.7875667627902381        2.0183078326411077        1.8614496264326357     
  0.31277390185719467       0.15983070312299835       0.63377937274748308       0.65335972697581401       0.62336737808350906       0.81852768847092550       0.70526353208828407       0.71125929893223061       0.59277838191029608       0.65063196915788291     
   2.3821128153120288        1.7139811484695584        2.1118555787474373        2.2519993969629186        2.2394265830862272        1.8385009002976194        2.2495946248185494        2.1798492538735657        1.9250990236029399        2.7364618141527624     
  0.32886958704372571       0.16744151635450322       0.65095792376296369       0.66448900351598039       0.63617434879660495       0.82617490802324567       0.71244747316731227       0.72550522048438526       0.60927356908338415       0.66993273709835910     
   2.2132081837491495        2.3149141214121300        2.8217434773440999        1.8310563276123459        2.0332233783010589        2.5931503436530021        2.1122604811776577        2.3345989341884894        1.9151339548790054        2.3829764079955864     
  0.34638516162611410       0.17588442181797886       0.66846232544735884       0.67564351033787950       0.64868668278801234       0.83370242377102854       0.71917903282354390       0.73844585187782696       0.62578558585484001       0.68893022095660694     
   2.0471541960260833        2.6885536587644392        2.5841877248467013        2.0039408621520249        2.1436491509478328        1.8439361085880936        2.0267896697341095        1.9823907006679973        1.9276271365440989        2.3171935809390978     
  0.36341435586068599       0.18509684289040587       0.68565369946252586       0.68694086027053203       0.66157891464700425       0.84132894547837012       0.72603944102033902       0.75035392421590630       0.64261909880028834       0.70530886463013609     
   2.1687395308372346        2.3769496114360225        2.9748855984816971        1.9823427029490679        2.0292161170179868        1.7617608074095512        2.3885330953355570        1.8461346714473070        1.6845431833598032        2.4197680690862424     
  0.38025167932363774       0.19480638874933867       0.70308804434379202       0.69831931336026165       0.67461266701557099       0.84868392525616498       0.73282106175150008       0.76190810792771979       0.65825250460369755       0.72049961084828318     
   2.2831628716528813        1.7687561991538039        2.8554087576009897        2.0548811097189459        1.9654380488607133        2.1712313388747764        2.0909749409383589        2.1032013343023745        1.7177954818989631        2.6174862304567781     
  0.39566826824951468       0.20508391289220984       0.71869224989320857       0.71029051384030206       0.68850129471838961       0.85566488752207237       0.73955526898396062       0.77349858125537141       0.67410603754252607       0.73686556821485638     
   1.8611701909558269        2.2059714152250449        2.2453399165860084        2.0499957010959360        2.1053102934831958        2.2502540050758379        2.1623310476991127        2.0355933507274684        1.7976859188888819        2.2012191246839250     
  0.41160395018800117       0.21552900616998963       0.73311051120285919       0.72234460841670090       0.70332896504122255       0.86248029889087674       0.74649197574375914       0.78543307500671677       0.68998313933115507       0.75427999075293639     
   2.4555676643196196        2.1634775758341442        2.0757247377782475        2.2615737460785401        1.9581423044461963        1.8517646529730791        2.2844078294648922        1.9052424771245866        1.8639634545195918        2.9362535909301659     
  0.42756369743174211       0.22642587358768312       0.74975479576542381       0.73446575057167995       0.71883062874037296       0.86913939393087736       0.75333039360950638       0.79805363838783716       0.70619833802535525       0.77097270102056503     
   1.8718664034522061        2.1020150193864229        1.8590442969695109        2.0529028702159624        1.9216548924982386        2.9154185800274672        2.6745608982759643        1.7038167343070894        1.7293521402821643        2.0525660652838957     
  0.44363738491117760       0.23828611449640361       0.76663679497223169       0.74662676562513286       0.73494009657881820       0.87629738050590134       0.76040278088340707       0.81112434630209951       0.72523535145316431       0.78726608991877844     
   2.4006370316115526        2.3726594197635511        2.1392931762920990        2.1315840353083977        1.9681401039949533        2.4553676420335946        2.3293004978622882        1.9646575241113893        1.7889001081915652        2.3773803193517984     
  0.45949573763896251       0.25101361913447257       0.78424519171071538       0.75854329700903300       0.75144136785004401       0.88404121729146656       0.76779543531117522       0.82429167992071484       0.74506572022168582       0.80425007633701240     
   1.8433765543366478        1.7490668719922042        2.7660991509512516        2.5554544564237882        2.4397741863093918        2.1999610022648186        2.1323685072673553        2.2516934291494382        1.7784453151274355        2.3642364281894146     
  0.47596668899588029       0.26497836312581163       0.80182103274535133       0.77179389433567736       0.76870010943678313       0.89166668729662590       0.77530742670599173       0.83680262171389008       0.76536625691896631       0.81979339368756843     
   1.5579377728441925        2.1209873172091456        2.4782352464015860        2.2106967845021295        2.0345509082404427        2.6728794002820830        1.5765450058708357        1.7962254701942273        1.8835468791982710        2.2063738509077431     
  0.49385696357143827       0.28072066971449994       0.81875370723512608       0.78538460688609391       0.78580655910638442       0.89928698591062251       0.78257057884497194       0.84858611670188566       0.78598957802483616       0.83537393428992923     
   1.7486176700147467        2.3295771038626292        2.3437659882118953        2.4472692426604996        2.3281987801638899        2.0445338633069974        2.3920369564801875        2.0870280666922847        2.0434924751800509        2.2431944975737714     
  0.51417286506588000       0.29890938815036194       0.83526688003529692       0.79868876898778940       0.80250957199583817       0.90663940791234032       0.78987350477745366       0.85989617444040389       0.80723175454019847       0.85066721205717577     
   2.6048233103808474        2.3707695461519132        2.4107905228215505        2.3502116241091975        1.9174262138296048        2.7660705691606688        1.8141074215833859        1.9446812402789360        2.0080848189416711        2.2284261060242390     
  0.53984538898777712       0.31796385901874791       0.85156291700913833       0.81181024750987851       0.81991075841096961       0.91438538220464127       0.79736762002360007       0.87186543159419905       0.82849207704446204       0.86462474702692005     
   2.6310381012184623        1.9618741884707775        1.7528184769659219        2.6604955166559416        2.4115445397282413        2.1025064588399465        2.9014979043204199        2.0692181194182906        1.5191817717405705        2.1135936647913707     
  0.56804938030905883       0.33955528516852695       0.86739707957534162       0.82574576607958505       0.83736672091899966       0.92242065420671049       0.80522416712174538       0.88575268430225895       0.85089447868663770       0.87878711493040140     
   2.1882750309037040        2.0556896417451780        2.2027212335953243        2.4253546876449086        2.0760760778399323        1.9941338086768550        2.2493342865369503        2.5830498478852748        2.0940103706442095        2.1418955017615620     
  0.59796390480389083       0.36334954835666539       0.88244216668758457       0.84041001066136878       0.85660786865149607       0.93030203421077218       0.81330142266789363       0.90043659190668424       0.87182275143384269       0.89341047889764036     
   2.2611694428522653        2.4069927249717784        2.6210753635365673        1.9147310130236748        2.9799703568802212        2.6109686866501254        1.9267674211208050        1.9488621371174171        1.8618617735881404        2.3874621597434031     
  0.63119197816178485       0.39285948728443737       0.89717135398495607       0.85514233345510504       0.87563485035471389       0.93841935006573918       0.82229799290956973       0.91402337224129948       0.89052319706835681       0.90813086105178731     
   2.3909199097018874        2.3955031329667591        2.6307025721673623        2.3467099188534353        2.1166984380203120        2.3672594773052817        2.0704049167322589        2.0205000340370769        1.7580232597065133        2.4651934281533663     
  0.67070584063594829       0.42994768100826419       0.91218464351923412       0.87028403151063594       0.89678463041997447       0.94683601497748793       0.83269787323192979       0.92653724896954637       0.90913763014560156       0.92361864179876940     
   2.6857379605523888        2.5382639887835308        1.8523497034214005        2.4353637549732658        2.2154788924135294        2.4666060419915565        2.1503162549925343        2.4645813325113601        1.8082455040215095        2.4885362751667084     
  0.71822959764224248       0.48333878778936157       0.92863567412802417       0.88708992397911235       0.91681389487647469       0.95523324465165382       0.84465269341278726       0.93915099282397130       0.92914399294624384       0.93995853630432014     
   2.3452145170987384        1.8664001931457301        1.9690986364229541        2.6030109268900081        2.6555752492643827        2.4203843381000931        2.0997417877965829        2.0475425076304528        2.1705703214810450        2.7662244541715690     
  0.77622311383549758       0.57324671141218286       0.94613333612959760       0.90738460129949283       0.93797942535278944       0.96438634947538937       0.85797569037299015       0.95097644557227923       0.94953447969460703       0.95488814291151314     
   2.3463110115583605        2.3659324138081188        2.8125558944015876        2.6808391065531909        2.5372600975696180        2.8056502206128773        2.5481029064899614        1.9292607111061266        1.9735733707883869        2.5299447337279539     
  0.84376078530661813       0.71462995502966442       0.96385581019290933       0.93004774461862294       0.95894543372567631       0.97459797703762641       0.87158360909126809       0.96463741180964824       0.96863068221302362       0.96944465289880144     
   2.4594673355668712        2.1950567534055319        2.3132707095275991        2.9827482931071980        1.9650402239807465        3.1525037070284796        1.9093416449424399        2.3216711524293268        2.0806697306310040        1.9550395979258735     
  0.92248163449352716       0.86863657340660849       0.98103942655973075       0.96452264603915849       0.97941670434545602       0.98580403306248399       0.90721518164840720       0.98101649883886644       0.98503680144934269       0.98449051184373926     
   1.9770935232378748        2.5457536219482173        2.3447735266445711        3.5985315717356992        1.7844353069254593        3.5211667244130633        2.4925358685029901        2.2283660104883993        1.5857149222411586        2.4410289740554241     
   1.0000000000000000        1.0000000000000000        1.0000000000000000        1.0000000000000000        1.0000000000000000        1.0000000000000000        1.0000000000000000        1.0000000000000000        1.0000000000000000        1.0000000000000000     
   3.0864616092830692        2.9595225513924497        2.1615331316980448        2.9412860873724544        1.8389526188028267        2.0821613566146691        2.0350573735950079        2.7754342061577124        1.5981343413862239        2.3470249815657609     
   3.9969854481092413        11.130679515148245        7.3233700132619903        10.033737400527672        4.7823971685836204        0.0000000000000000        4.2150259710063169        7.2931187481073838        7.7071919834948712        3.4166446481124000     
   10.686474535859212        5.7373596865598282        7.7756703863347330        16.298394407028063        4.8731362801597351       -2.0793135169811769        7.2283866958929739        7.7266346426882526        9.7811179909054946        6.2424751177409954     
   4.0009443165371108        2.2346265148970588        3.5995776681218050        13.517262015725203        6.3878798938982762        1.6072889032362834        3.5161800383506407        5.1512367828859382        7.4531218415266673        4.5021825343431718     
   10.810770627565613       0.99115790973596740        5.5198882545407360        12.351836360886168        12.949703167247717        4.2864950993233810        6.2983545942130998        5.0930038991025137        4.0218908302594611        9.5422360694999977     
   4.8977376029850435      -0.45816682205451936        13.022895093538180        7.7433920234472131        10.525732963358934        8.0793943916751179        5.7175463733083198        10.372268894451153        6.8739400898605298        3.9705146006888814     
   7.8662843261125897       0.65538705093183125        3.1878279365327038        1.6626671499012915        10.578153255043654        8.0311606942680793        11.949091432992471        7.4409090197861483        9.5125431378616820        13.493153498719185     
   9.9119259777035875        2.0431544385272131        6.4902833360485577       -2.5577149079738208        4.2015647151654125        9.6590812916530400        7.0775503950208440        9.1805645639235767        10.737950908275170        9.3247669962651614     
   12.733586600746102        6.2454882839721710        4.2840055148710361        2.5065886101669754        4.1704544728827955        8.9256726802037782        12.454393785412721        6.9085397473288728        5.6787633821309980        9.3386977594719731     
   52.539251069379077     
           1           1           1           1           1           1           1           1           1           1
   8.9820238272366524        4.2408264431120237        1.0485217551500466E-003   7.1932128286878090        6.3210516951501270E-003   1.9542154286353855E-005
   6.7567191249327918E-002   6.5255854015694281E-002   1.3044991480369540E-004  0.12712849049369118        1.3036852906581620E-004   3.3334728419685554E-007
   5.0000000000000001E-003   7.5111142043200019     
