   0.0000000000000000        0.0000000000000000        0.0000000000000000        0.0000000000000000        0.0000000000000000        0.0000000000000000        0.0000000000000000        0.0000000000000000        0.0000000000000000        0.0000000000000000        0.0000000000000000        0.0000000000000000        0.0000000000000000     
  0.22618693759280670       0.35337099818483714        3.3967408677560785E-003   7.5729892111212225E-003   1.6030129542709215E-002   1.8531630964329842E-002   1.6113021842524278E-002   1.6169541155300077E-002  0.64576547517674054       0.15380820676209947        9.8614464099003374E-002   4.2996572841634821E-002   1.3294953063110043E-002
  0.39948164639053052       0.36411446378286300       0.41895897308046037       0.55510948809081373       0.53305492109552233       0.40788752426011460       0.50707875655064349       0.46213914479836604       0.46040280153995800       0.39234624193314777       0.44187688373686201       0.50084073094408132       0.44435464433574201     
  0.31432507962098644       0.44907921691932384        6.7282129528034047E-003   1.5248100698905474E-002   3.2601128572350910E-002   3.4818391149944464E-002   3.1229488095487062E-002   3.2600040181763254E-002  0.71169357287993285       0.19455815111133859       0.14823499850370475        8.0927739904781040E-002   2.7999746207905910E-002
  0.40639147331917319       0.33906015475224932       0.42774914533697100       0.53549556649873820       0.46178258528261018       0.42908315229665156       0.44451944501577456       0.45194089080050842       0.49940860675457294       0.51017412050603228       0.42085929362047703       0.49621559450335562       0.48101580652252601     
  0.35942603594890105       0.49952030626374572        9.8967190726176688E-003   2.3327520817750611E-002   4.9418258136898402E-002   4.9026418976046898E-002   4.5948166681171243E-002   4.8521243819469581E-002  0.74742236575212684       0.21499135931563917       0.18301256731856569       0.11048043504665135        4.2892420574901301E-002
  0.41885382408145616       0.43939274573772236       0.43607961807099216       0.49031336911027174       0.41444634586620849       0.40530211065893562       0.39185836135743179       0.56773686647245702       0.47572461714449171       0.44339545167103955       0.45680974589938034       0.45565921698569789       0.46092237526356189     
  0.39357456082880338       0.53687847643215292        1.2734307902691004E-002   3.1736717352140120E-002   6.5456716499165096E-002   6.3082472227092803E-002   5.9509485453630162E-002   6.3968883699079659E-002  0.77149926076334308       0.22665467950763046       0.21234677377728003       0.13408345725566739        5.8814311359631194E-002
  0.39105617316595737       0.41314059238573758       0.43200832453062071       0.46778058832984026       0.42630054567923237       0.39855412410873803       0.47765493605177695       0.43054087849445610       0.51072005357906791       0.37876034569391953       0.45985734023215419       0.39726977484671822       0.38341197186480430     
  0.41496088205457476       0.56560296577417934        1.6021509182066164E-002   4.0033143609532730E-002   8.1191820401477238E-002   7.9751587676627794E-002   7.3188444106509556E-002   7.7108391581677260E-002  0.78679510716868239       0.23768578661473516       0.23813634123261226       0.15531288250762609        7.4650258249167822E-002
  0.34580417706046979       0.36091726427016718       0.45750118099364773       0.54304551439771598       0.45547244255442931       0.38636830222663360       0.43726209539430216       0.42159975583541631       0.37118042036691751       0.51925882242125543       0.44914795701470694       0.42140463899650665       0.41954057703026149     
  0.43553862271753102       0.58847811549415707        1.9456529033338801E-002   4.8061845034976847E-002   9.8193810161982531E-002   9.8359237103853081E-002   8.5541945185992410E-002   8.9484526518927493E-002  0.79980782115005200       0.24909542126716047       0.25769957764629559       0.17658748826797810        9.1434324092106639E-002
  0.43109113083157208       0.42255929624638361       0.49444660428065074       0.49705670934606239       0.49594537890681634       0.57908650886532143       0.41949931455296879       0.47169315660988020       0.41508606421043776       0.50225164338617234       0.39395469371884373       0.40788977523239867       0.43519283605476816     
  0.46129838127969569       0.61026289484526131        2.2999856449649980E-002   5.6102437327215766E-002  0.11645124026738411       0.11753905264651719        9.8001024716250204E-002  0.10150642097453691       0.80891428166590396       0.25924722279726958       0.27493783156479606       0.19787255561183226       0.10726998470274225     
  0.40830113379052185       0.46335755166132242       0.53478721962645959       0.52958830683545222       0.57319399887155920       0.47959820344444898       0.46914036992576058       0.47851409363654124       0.36668255617141071       0.48311363219634967       0.48890337363061404       0.40349126868642449       0.45587479530123681     
  0.48556378833364339       0.63033435617890254        2.6909917451771688E-002   6.4165504722523872E-002  0.13297301265367459       0.13557495772744635       0.11125211962347446       0.11321422513673768       0.81753356209955086       0.26869513442813087       0.29291118633497071       0.21830621449811649       0.12030564622474715     
  0.45125713425404596       0.47876554767356216       0.56806893185240259       0.42936173328236921       0.47356481519070925       0.44635133593771120       0.43725440216752537       0.38424728705237393       0.46023706112084933       0.41908111798831904       0.40287108938178912       0.43122860120220380       0.43441242975714861     
  0.50861086667057243       0.64936248524981410        3.0972683359907143E-002   7.1859936929107818E-002  0.14737109787809660       0.15276760681979890       0.12582569101646315       0.12716490523883880       0.82590946063986570       0.27809062221167974       0.31078959855003063       0.23835042219841471       0.13396905905602327     
  0.35313793637967977       0.43017646102042917       0.49970048633757264       0.46219404578725631       0.46443167767216526       0.47734138107420410       0.38031993297805244       0.44688554482947995       0.36828515020563912       0.44938533425478483       0.44897018761480512       0.39188366872849850       0.43619069917297121     
  0.53090998952155399       0.66530081057550550        3.4908541357007349E-002   7.9109967691615060E-002  0.16104075593937078       0.16951374610107164       0.14076815449812394       0.14293353394024469       0.83390375706652020       0.28689363845915838       0.32921425612110550       0.25932208415004776       0.14848080030908892     
  0.44616314958853653       0.46262044098367550       0.45956587656528664       0.42748584584683541       0.42958592145724200       0.49406621227983205       0.42750377489311997       0.41192677840999620       0.38585730149925512       0.47424121453615753       0.40272269256622223       0.50216337824700819       0.41834782579948704     
  0.55137817709541403       0.67968378104444060        3.8573379767086274E-002   8.6934660931695398E-002  0.17358631125258001       0.18693952620710849       0.15530362559084343       0.15823283792247106       0.84071047160849055       0.29526234911425031       0.34866669746539558       0.28066718332083357       0.16592774272795296     
  0.50283369165608938       0.40997876241798836       0.44887164409335717       0.43981513172300468       0.40839364486193602       0.45416148824526237       0.41277504462509940       0.44487795514903550       0.36805815440624573       0.45189670073393179       0.55304012231357746       0.45207546530799875       0.51772589956093940     
  0.56980571980400885       0.69270124749002671        4.2230754461120214E-002   9.5173810267754955E-002  0.18696910781927883       0.20356239245634034       0.16974169211235346       0.17296521136889001       0.84726887975384535       0.30231455116831812       0.36662561275621319       0.30145932106402651       0.18276850477893236     
  0.40995096982806317       0.44022109395687237       0.42846584124177733       0.54537151238993387       0.42406053098716873       0.49579086995628696       0.45043602631261054       0.41516677481924102       0.35266080139122341       0.42220448612572486       0.44723072541179865       0.46255924820245836       0.53392845166931913     
  0.58643002031122793       0.70458750797043512        4.6174161621443284E-002  0.10371323310942918       0.20198764390584967       0.22023283537176211       0.18494954272950503       0.18720139346897569       0.85417401608525667       0.30887445255398871       0.38487988526774314       0.32149003371610851       0.19919672252245879     
  0.43686280962089064       0.42236213279347168       0.47703199843697397       0.45892784809836512       0.46245641401845489       0.39905377987945606       0.42626441013578853       0.40711015196960448       0.45321255501139918       0.39552268121013234       0.42004068460327160       0.47342462462388579       0.40948020963820642     
  0.60245639179334720       0.71609929943186912        5.0546281308778598E-002  0.11169981079857830       0.21693662455386964       0.23909813566258700       0.20009312563629086       0.20172763166460336       0.86093493478193261       0.31571779991461041       0.40169134334891077       0.34074494087268786       0.21525728939320263     
  0.40022408111493024       0.37197464981229394       0.49797626146744489       0.47052663016199764       0.52929658245223887       0.39182317339686362       0.47446665102154889       0.44612927837809840       0.39184374266377242       0.52056261593786868       0.38227136206085005       0.43209711551719948       0.44628653062022522     
  0.61815470069984635       0.72731323724405872        5.5362355386208692E-002  0.12008230043183099       0.23300862332114011       0.25669741544491975       0.21526863994379172       0.21646772657713387       0.86713735443774054       0.32221549230024898       0.41860686394804281       0.35904986922036553       0.23200330773167538     
  0.42999924807732742       0.43300038955507875       0.47719812978209925       0.44454770459948167       0.39665061113288674       0.50819584011683017       0.45456295376454958       0.51560683839985300       0.50895681683745542       0.46252036795591295       0.49884350733623706       0.43498429446360914       0.52289307068834578     
  0.63285151327914069       0.73785776043855411        6.0283573112683737E-002  0.12867154090089819       0.24872716132155409       0.27237158637805098       0.23064013936247590       0.23155932139877161       0.87334443458369415       0.32879796358274604       0.43619441348619253       0.37793243510877000       0.24900121700328509     
  0.42798297173162414       0.38287402527180819       0.48089565611830415       0.47709968189440544       0.49251626778194058       0.37350940616347567       0.40903794283669892       0.49483251338232975       0.48772215716953016       0.38746942489202701       0.44512919795624373       0.49116153418799824       0.39115053545634848     
  0.64640113000471022       0.74815680838260912        6.5428805072192814E-002  0.13734855029786164       0.26406909208029911       0.28704434874233481       0.24645972762314880       0.24680379961313567       0.87801231642868804       0.33562316001373177       0.45372856478432039       0.39727275962237907       0.26597478029961713     
  0.41009036956511902       0.39028460649171953       0.43964206041785286       0.37911004550821642       0.45740083660719755       0.41271330792644695       0.45708655592285363       0.50044156533347750       0.44333377084320991       0.44816591155400848       0.43260921640403316       0.50009911598602241       0.38360307252379250     
  0.65899304549767157       0.75795012494980307        7.1247410967472821E-002  0.14636726485370111       0.27822167498043893       0.30146961912210091       0.26313547805079807       0.26166657824723960       0.88287356225080349       0.34216214722203386       0.47286650281319598       0.41583012400873198       0.28237665528252365     
  0.44722295810737828       0.55470797723484644       0.51207356713381291       0.42948098025827963       0.41415043921704153       0.44083270971172928       0.52619504894224756       0.43374231380882300       0.45130975638901455       0.49642098013161545       0.42851475514782955       0.43212430344907482       0.42422146397029348     
  0.67108625866771188       0.76867666481710983        7.6944364622832329E-002  0.15578917292383035       0.29236724711324613       0.31406396008373111       0.28010235602644612       0.27576864201476797       0.88744579468320850       0.34834614179558748       0.49117018624176889       0.43254379857864150       0.29743266932206797     
  0.49669400917315876       0.46311528124636070       0.45878297182643241       0.47624185595650420       0.42018372298005241       0.45848215832307332       0.49052130994572185       0.44442162214694381       0.37275451799729459       0.42074148763759783       0.44910257368587075       0.43593715654559562       0.42604849300673797     
  0.68315497953436166       0.77880485825959656        8.2557007166635124E-002  0.16501793613177271       0.30620920178479588       0.32520323891844360       0.29672745766006076       0.28880451368924248       0.89182430867827278       0.35417561353679894       0.50749760419078305       0.44911707649059618       0.31116006414647773     
  0.40021404116907594       0.41556771000167925       0.48560380763261313       0.43205787532865925       0.38137220034032987       0.36729809224441018       0.46933529937256308       0.43486481061456334       0.42882310841593368       0.42531863811464982       0.42862256200590720       0.42923010692524638       0.46630743791086121     
  0.69515347646901160       0.78863956574440319        8.8039768694226694E-002  0.17466662197563862       0.32108517800119091       0.33702055128847203       0.31297293833071710       0.30262457068676413       0.89580274814014493       0.36010206582187870       0.52387471918749873       0.46564821283068908       0.32536648974207966     
  0.50496421797110280       0.40478023353745241       0.38350745143791320       0.41921714939910726       0.49254153782154642       0.41845008879479939       0.44873664203969676       0.41946293763147108       0.45792587894906411       0.46272709346817859       0.55465702025561758       0.41059153685343242       0.41701727337828598     
  0.70704459438154033       0.79776131437881392        9.3365346386248826E-002  0.18437378324610815       0.33465756299421051       0.35042378986261918       0.32900840309933843       0.31698351066939706       0.89968643531713410       0.36656207367102417       0.53610826744643392       0.48084499734715158       0.34024763317958145     
  0.41876687594312334       0.43192800450887009       0.35625327885173963       0.43279683852769618       0.49394637448425865       0.41505631545169958       0.37925611325950342       0.46930990173969522       0.44554934714357902       0.44578574948410543       0.49184444481270173       0.39484756822258821       0.46905770905310057     
  0.71825766875264030       0.80634269685141813        9.8956162332801911E-002  0.19389447083965458       0.34868311404074781       0.36578576265301105       0.34474241252253002       0.33123272946135751       0.90358909855845637       0.37269907310004130       0.54832916439979507       0.49626108871161939       0.35624815516146485     
  0.51787120499112216       0.46656600810642518       0.37765419796965649       0.37029993824461394       0.40169463907927294       0.44404265623754879       0.43015119887516190       0.40423127580633228       0.43078677399952814       0.43919990920483926       0.40288671042870727       0.42733781399946091       0.37644595535044556     
  0.72842565936488923       0.81467230226883025       0.10502921642961643       0.20392115351368259       0.36317783615246729       0.38138422864014837       0.35995106310952618       0.34500870190376498       0.90718494200315003       0.37880339461001089       0.56113199852455276       0.51159025764412813       0.37204128580321966     
  0.43644421689659130       0.42753828023832136       0.46882661958686267       0.44637558634092300       0.41922157082981765       0.49696964412796157       0.46526786602287118       0.45089024529253252       0.46012999738105020       0.47662455921501562       0.41662678613799314       0.48020906034233735       0.47548632342634906     
  0.73829902772464406       0.82213002962237014       0.11173442512460509       0.21447694410738558       0.37726503704214326       0.39762637316158322       0.37490016059392361       0.35908139110370507       0.91112580811893551       0.38486095514952123       0.57426891141389469       0.52684520017180514       0.38801322614693906     
  0.49833656705025842       0.41766483451821507       0.47610129623000619       0.52529619661669291       0.44365802565813089       0.47114275430304203       0.41519098541286947       0.45171233346843648       0.46727826129749411       0.50580600145587806       0.39308949756827671       0.45792024155511607       0.48667268828298493     
  0.74771058005870994       0.82896164683487072       0.11876994522044176       0.22596601895449636       0.39028951739457596       0.41410203357774034       0.38963152468026024       0.37396565449612984       0.91486863060086532       0.39064056119071527       0.58747869319961110       0.54022776357931301       0.40522398078239164     
  0.40881732329868825       0.47139953464235806       0.41873359456115450       0.50845810462267071       0.49722019938151085       0.37909972789010388       0.47927134095450924       0.49215855620174520       0.53224554200223584       0.56172284013283158       0.36350862460479394       0.42682820651234754       0.40069607840350391     
  0.75638631724007233       0.83529632819288713       0.12648932987801900       0.23881243093290447       0.40504992881699775       0.43018397094017663       0.40502848619327564       0.38944674497416759       0.91838489900380771       0.39605501365158391       0.59962352824913889       0.55326662962740514       0.42076228216806694     
  0.48296221509078668       0.54914567642496204       0.41471118494610881       0.44198806090208081       0.47422907252427138       0.44631744615084284       0.44608709753953923       0.48359280525117110       0.49199126499319151       0.49311833276454581       0.41735798624783393       0.50320887940277237       0.45386538182673886     
  0.76488655229742220       0.84106631729744563       0.13422900614067310       0.25128334884688969       0.42092942095608565       0.44623768549552506       0.42070997846837072       0.40546408114213267       0.92164814806367812       0.40151749156182565       0.61022249701755582       0.56500263312766108       0.43664969328648612     
  0.37794986251392215       0.42625182419407137       0.45589391275674290       0.48102132703292499       0.40516903164982843       0.44102050562265915       0.59808927915419652       0.51642941640351370       0.44280286038633271       0.44921838137389231       0.48456182229855949       0.45839641762659422       0.49634911784254998     
  0.77275315716067383       0.84657062012879547       0.14307661230538635       0.26362498753678948       0.43663188429086441       0.46129633072028087       0.43691238673862315       0.42154011915799694       0.92486710355446800       0.40709086425945379       0.62025679320814009       0.57690875674337450       0.45226758259120026     
  0.46266059779523466       0.48364451021420068       0.46886576336155661       0.42375540996134420       0.47184190659148839       0.47320133577615914       0.41156098034887700       0.44593866872592092       0.49050627257834939       0.45096451743989080       0.50267310629297401       0.47592537716972283       0.50872674146843255     
  0.78022863309233970       0.85224896961746277       0.15211989693606232       0.27626920495028551       0.45178207916062085       0.47697365922887397       0.45381055280313937       0.43613049131540083       0.92772460411294833       0.41268416876366204       0.63049402445309433       0.59000616819381091       0.46828858820612196     
  0.42576790903645162       0.40720470689731858       0.45075263424243145       0.43677464856876486       0.40416381910003057       0.48057489675599585       0.38767982492528991       0.45845387983123687       0.42491065057772104       0.45060470579049516       0.46810426682500578       0.42404945998745491       0.44687117114117453     
  0.78819282493781329       0.85771796845929360       0.16278242581540051       0.28945522569082205       0.46676930488573032       0.49454102470130978       0.46945617147262897       0.45039791738898849       0.93057584682432026       0.41906720145267962       0.64135265495716332       0.60294411969224593       0.48499805809953178     
  0.47657544084350900       0.43557276896709263       0.52772092531746928       0.44007074905305799       0.44929300226121321       0.44220123453465893       0.51914877825003758       0.43733266692753719       0.44465481346636637       0.47339123429194152       0.42012286520316283       0.39785867919787193       0.47150020099222029     
  0.79626470881809541       0.86297679597901344       0.17320103539336268       0.30281714686918199       0.48233187896021251       0.51231283587415388       0.48408779433673699       0.46325516404000527       0.93310776601288636       0.42509195744191081       0.65317975580317766       0.61622580964717755       0.50237830859622756     
  0.44492712889711961       0.45059728669661780       0.48352424730272453       0.44059023567549488       0.42570184521641741       0.55459374003721440       0.40465743352144751       0.44154119993823154       0.38087047464182644       0.43407711634157442       0.56413291319443837       0.45076007628987524       0.45020030701531760     
  0.80402208414512888       0.86792094730468439       0.18381690769937359       0.31652393026988379       0.49773174232156142       0.52885066280808779       0.49953888148440850       0.47583837371084259       0.93546126859632572       0.43161850862203871       0.66590711654097712       0.62961382569183899       0.51895824321027495     
  0.44765917736653171       0.48183955452269739       0.51577267563843554       0.37053125971857143       0.58109748792746552       0.43390472049146578       0.48000706563162365       0.43143159322787827       0.42277211463725328       0.42808627616997802       0.41334002824854488       0.45446638125600070       0.50630706764662781     
  0.81137300859657457       0.87288167455032672       0.19443510643367781       0.33158154609094653       0.51375964668168961       0.54491562247202630       0.51467182689587065       0.48954985030089221       0.93779113453835439       0.43805184002605702       0.67954012031255329       0.64272495912592220       0.53442470012569754     
  0.43823274190193295       0.40466003462722572       0.46598756644111117       0.46499996076744560       0.46205608582149815       0.49056164504895122       0.54281213938223594       0.46972815566540921       0.53972827805885337       0.39366455810360740       0.42989311114273271       0.50058531236268278       0.46842488302282753     
  0.81839156724361040       0.87805241359583563       0.20489469628432611       0.34761988603417404       0.52972608939555610       0.56083797041486194       0.52930455949980360       0.50384074380471366       0.94008607923154541       0.44466885927651828       0.69285570912787287       0.65536497655845738       0.55053339077855079     
  0.43101999073291247       0.47262711867091473       0.44327283340279700       0.47481392807094619       0.39798925308111349       0.46316143257591380       0.45077934183111823       0.38869662892885753       0.38941386180520904       0.49886772607224722       0.47165115494008708       0.47003650506551697       0.46527139147794766     
  0.82536341600908991       0.88326645188389630       0.21523030716380354       0.36394122531187983       0.54603388769400152       0.57712060201543003       0.54360343431665459       0.51853632527046523       0.94237977365062320       0.45132738259042210       0.70527427977230062       0.66606037646397709       0.56647522643052306     
  0.47333556374581220       0.37404003965620292       0.50654610155058388       0.51319196479930485       0.47939269628659281       0.44706415863211357       0.44740520580716980       0.46061099430831404       0.38688866138894995       0.43978966932470986       0.58162530530858969       0.46180307455828523       0.42185651262933876     
  0.83229559665080399       0.88892399708108971       0.22660334435234128       0.37834608638980832       0.56146988279889087       0.59423088835904747       0.55806515549078128       0.53400737725617964       0.94470732177352912       0.45753684890775737       0.71733057862889749       0.67722232524204407       0.58088233974617287     
  0.43302043541259277       0.43120275866457797       0.52809400373449067       0.46682801965937515       0.43136272953749716       0.48281788202844150       0.42641257220427131       0.48250515893711898       0.43782270479881058       0.42294869550335101       0.42474746256619056       0.42398218749881161       0.45778835255454980     
  0.83904832125128548       0.89479312508616859       0.23857671286244611       0.39277212951034945       0.57601484739146136       0.61238523266368827       0.57192174253168782       0.54949150953340187       0.94707682795748982       0.46357494554043355       0.72876834947915603       0.68802561286574582       0.59432889256728227     
  0.49836168726136149       0.38695583763662422       0.47588788084377687       0.44001244329805245       0.38029433450803080       0.43420185349596230       0.39280065305944079       0.49366863319068416       0.47114481519483647       0.49950905280153995       0.52879577060456184       0.43303588685537359       0.42074587744040720     
  0.84576615000013700       0.90020075251093246       0.25147974463197453       0.40703483233950627       0.59111119709841820       0.62998784320176371       0.58678421875195885       0.56592035563562548       0.94941020391872644       0.46976186298462191       0.73984594025938899       0.69936227007007123       0.60789775625473086     
  0.52221151301953606       0.45548215798001979       0.47293148192524215       0.45454481617999737       0.49146637561550588       0.38628514116234736       0.47827338131056529       0.46753171836433782       0.48972102014513091       0.46982309769268810       0.48550736116522597       0.41709200566544397       0.42832139658383100     
  0.85246766198244572       0.90508547376227311       0.26504068841762662       0.42299372493645204       0.60704956326777826       0.64634898909836236       0.60308416356545780       0.58183620729752450       0.95164028149891577       0.47652141694199168       0.75062669943606597       0.71138835221429775       0.62293095934553122     
  0.49449050368936770       0.45258735657006183       0.36670098177101590       0.47499889173721938       0.45735407055857091       0.48070445777025794       0.42760734567358155       0.37198141054579087       0.40071643760333170       0.47078635852866446       0.51303570528473841       0.43894525049040628       0.46876599606974823     
  0.85897541202844574       0.90968906165811148       0.27802461009771040       0.44153036015431985       0.62262594249086545       0.66246464935768901       0.62051273003192609       0.59655494118466723       0.95379108694693182       0.48388791992120261       0.76042769249128728       0.72279862788459170       0.63826637422822918     
  0.44082194483676779       0.41696515372188891       0.43613790778398848       0.39449335518568496       0.46422015527070415       0.38207429533613096       0.44243430367976500       0.45604947278313884       0.39250242678597663       0.41021714782256369       0.37015101935534933       0.39052344590899918       0.49819218060028769     
  0.86505357067362942       0.91419124025380838       0.29133154038558629       0.46089668349532487       0.63935447382976707       0.67860740307006351       0.63807854069340619       0.61106394826286226       0.95588695363769605       0.49089602760332990       0.77059227050552370       0.73419566885000231       0.65444238986259518     
  0.45978614027974990       0.45839704380158891       0.36776160505253946       0.42380170022225400       0.41384660197043988       0.47557486379309644       0.47148115018695919       0.43169995687270291       0.39757512907927578       0.41812410489504792       0.44472081523960633       0.49066969571866631       0.49139348556544971     
  0.87088061700098762       0.91885892909127498       0.30491886639562493       0.48077783015391229       0.65599338975512278       0.69490451592266078       0.65640699611019193       0.62686364260681293       0.95786778041961362       0.49758655554193332       0.78070232327866995       0.74524054878978274       0.67122946434896058     
  0.49165210707484847       0.52118354361352093       0.41476004773324499       0.44354065150379907       0.48421936435663837       0.39350076074912149       0.43151796756925559       0.37037220963747308       0.50267121685013316       0.56673511064844162       0.50740908755107761       0.41835872426405485       0.42927955463385764     
  0.87674122842729219       0.92328784438985745       0.31936237424313108       0.50162625140072725       0.67165460764681395       0.71068577626395946       0.67595234075990795       0.64510567150595721       0.95983635708674597       0.50443748067881589       0.79017139629079136       0.75570316221142586       0.68751064278652274     
  0.43649754367879423       0.53529865812955235       0.41213712361564020       0.45764315701338520       0.49672372334654130       0.46942992351920432       0.50570786748901653       0.53756468891719289       0.44906983950246526       0.37780449588315895       0.44473406936735704       0.41961860618202129       0.38902372817618192     
  0.88260813718908648       0.92779366094601279       0.33487659534742970       0.52246673533302046       0.68677939654835207       0.72513877423830198       0.69559058618357383       0.66206974103142979       0.96182547187288292       0.51167332027903867       0.80051121130640546       0.76930941398277652       0.70290915233806639     
  0.52394566508566909       0.45449109428680767       0.38999931561954115       0.55375976603211507       0.43777423366746987       0.47278271279268774       0.47787633982884781       0.49722772423222122       0.39613799013038609       0.43586148970465177       0.40319532571314365       0.48781632718902862       0.44731887973896589     
  0.88844934271856091       0.93222993424705702       0.35134794852822976       0.54152737810057361       0.70193341420924549       0.73966275192002651       0.71438033100135800       0.67955975350716302       0.96368809160920932       0.51990448279821910       0.81135880446005959       0.78360568051852353       0.71680913394233858     
  0.43759657410807068       0.49350688797608594       0.40047596178001910       0.42646233614773782       0.47003127621538426       0.44641352780749927       0.45950867086355640       0.45548866468255883       0.48610865209628940       0.56296913786747393       0.51222646022794349       0.48650374082322184       0.45418076677993430     
  0.89436703772629833       0.93647621708316031       0.36857441476852854       0.55990947248306722       0.71681003653185682       0.75522857475906235       0.73257684512912646       0.69689136399138651       0.96546707076635596       0.52903389303002146       0.82256222921318878       0.79821014586231698       0.73168511532924396     
  0.37861017071878411       0.51100358976828908       0.47720973733199246       0.42808316734297280       0.46880066703401868       0.46337129051131498       0.47642299974490898       0.39264488884510595       0.49032279556350800       0.56072232704803271       0.45734098741325413       0.55003248335273369       0.41289430946264644     
  0.90043259994901792       0.94059400909137036       0.38589441642079220       0.57871717803012535       0.73113102850435574       0.77152069469417484       0.74984103656903078       0.71409624397044602       0.96720613183772597       0.53838863912445112       0.83393407005031195       0.81324258178610387       0.74704846729572849     
  0.48496449951898035       0.54704605848236998       0.45478164966402085       0.45985841400443017       0.42863257438675101       0.47320525694495091       0.43264035615130736       0.47357428449823746       0.41486052387726591       0.44359644017194239       0.42997505811923609       0.48770481383462921       0.41079614062331826     
  0.90632651143035681       0.94455458012124816       0.40359721045447355       0.60097582085230272       0.74581567119074033       0.78772610167563173       0.76519585972580972       0.73130612197061529       0.96897336547542445       0.54788096670262709       0.84439234933737439       0.82816231728176215       0.76360418626807025     
  0.61828463650939292       0.44481811712590685       0.45401886717811846       0.38910911706601181       0.51675586636676207       0.52321209481792363       0.43231416674938039       0.43753277007110358       0.49659667548552044       0.41602412534965499       0.45434052735418401       0.48216930593046409       0.48649315204107374     
  0.91168375828230952       0.94836375406187701       0.42248152365299191       0.62614312018427210       0.76209119001447334       0.80333326557230456       0.78069066930768705       0.74925162281790825       0.97080810731662670       0.55743136436835949       0.85385767025668047       0.84182999671158798       0.78024197618270630     
  0.35804519524825273       0.50927987153438181       0.49673627807240062       0.46125423919637759       0.44891968434520402       0.43644788092347087       0.46195511247188098       0.45124517832309591       0.55989463796580408       0.44396510282321910       0.51547500807196134       0.51716673964672211       0.42134222604508986     
  0.91702760380544268       0.95211949489401626       0.44285048738576099       0.65247120735717956       0.78121146459804758       0.81828450421299836       0.79651627125988811       0.76574095782723361       0.97255550280889536       0.56792842427053247       0.86284998390049317       0.85379201087778056       0.79696567498277016     
  0.46316709434454290       0.50673036887684086       0.45767363406374262       0.45125024546628767       0.47496337880762135       0.44330572740230673       0.53977887677004088       0.39641972516537405       0.55788140457278779       0.54796898646495795       0.46876618149799065       0.44641123793771303       0.52653478013670818     
  0.92221320600795531       0.95584229454448544       0.46519981119302545       0.68048901717348642       0.79926789614313909       0.83268954079552138       0.81334708985814119       0.78199374997724225       0.97432984680576562       0.57954811627204783       0.87128670173295397       0.86512671928778895       0.81358125110185442     
  0.51377064094438085       0.41078654229525230       0.50672417667658587       0.47032946128258740       0.48120108114865517       0.55617486256084903       0.46185861438237663       0.35723777647985427       0.43625016240071790       0.42932924476062889       0.41576315522591156       0.44058535963335765       0.44206210974736632     
  0.92750208641936460       0.95943735631656135       0.48875694450560447       0.70894830600793768       0.81625824697718652       0.84692181743467643       0.83061781858418848       0.79817970723846987       0.97610682013141159       0.59182220229241833       0.87993296146907762       0.87722745130045299       0.82866069168292333     
  0.50676594600539215       0.54483359299757350       0.65203568594481032       0.41226263171246419       0.38244275343202933       0.46773012133284531       0.46895595460967993       0.46229200706322104       0.55373390076211526       0.47997766130217617       0.42201418843380550       0.47166022285489517       0.37945636603999505     
  0.93363494379122269       0.96307262025921647       0.51333320874293675       0.73682741828864584       0.83328989821789845       0.86197509309078890       0.84621592318127337       0.81821843883645828       0.97786082342426928       0.60382153442865705       0.88882484058088629       0.89034797469451266       0.84356977520938548     
  0.46151604677417696       0.51061257442302643       0.52542338642005881       0.49814126418885796       0.42842017132878002       0.56032039605725570       0.44752216828579927       0.62820740832173882       0.55006058231323840       0.48936057351654577       0.42971949930417769       0.50530413420375953       0.47681652498333144     
  0.93910696101708702       0.96644908352276981       0.53946572111790148       0.76376697329592280       0.85007327775546582       0.87557154885334398       0.86053779215483850       0.83910903828518846       0.97957335734999129       0.61487144734689825       0.89817322425814627       0.90351080286118546       0.85840267537953652     
  0.47014376374898914       0.51976327554584800       0.43462191076807122       0.49932954116414585       0.45599699831240281       0.42794081978558673       0.42060142501653125       0.53394821691771754       0.48391968170763056       0.47639778083407641       0.40424300951528419       0.45747712200582968       0.55334951402641963     
  0.94433376410438119       0.96978808756911583       0.56960046313446533       0.79180758043370503       0.86783889013513338       0.88919763722730238       0.87552990740264580       0.85753518636319770       0.98123340979195295       0.62585782280355606       0.90844617794973859       0.91415999462588771       0.87336166989824282     
  0.50628351734188726       0.50175347428470363       0.40997293665253198       0.45221382525567227       0.45291527049965691       0.52258341300907629       0.43866781120261927       0.35660631060932740       0.46296568817899775       0.43361796500247735       0.49745649132854169       0.50249691868919155       0.52573462813413818     
  0.94942413005023829       0.97293813525556250       0.60239526260173371       0.81786516212203653       0.88626856585112457       0.90260567457033047       0.89039836203719802       0.87532345625167640       0.98274503623874943       0.63771467582459285       0.91947457316108572       0.92558489754897610       0.88876759721503629     
  0.50249872200856105       0.41078990694794587       0.37586215655120270       0.47905623462384950       0.47916345511869168       0.52337818718879903       0.49139941763852096       0.48103580281608116       0.49058835940283257       0.38738064360367758       0.54943876759089028       0.43393865319684960       0.51772421889824705     
  0.95468786126985428       0.97617862082203710       0.63330072727377862       0.84637018035851430       0.90368485454571768       0.91613579453228577       0.90568175906216442       0.89327913357354072       0.98431610492166999       0.65082775008025473       0.93022612937451366       0.93655117430034485       0.90414058600629588     
  0.43742762326672691       0.43380317587637252       0.41817183056691359       0.42579684692484593       0.51560569424013014       0.45079287226926146       0.46506267723094180       0.42339578714496956       0.44053567367855995       0.41728481180706750       0.45065575285220560       0.49003888069694473       0.43343024788935303     
  0.95995086384767281       0.97944658533989337       0.66235102285430369       0.87645666530616551       0.92058671520727609       0.92927338336906551       0.92117100852637146       0.91139915225814094       0.98586343775154306       0.66688910162745951       0.94084815145007505       0.94784371040144910       0.91861780770493962     
  0.49671165302601988       0.43315232490938887       0.41036738437414777       0.34198483422192810       0.42205907155522221       0.43020581136864228       0.46489353521647270       0.48317437215596404       0.40937912003837024       0.40630408752166242       0.43134142578676349       0.45375192874086695       0.44334215163285806     
  0.96561884008388865       0.98276202866696605       0.69718604407363471       0.90542251072281899       0.93880509454070782       0.94134769393027695       0.93646091650618313       0.92932829879390078       0.98752881119926617       0.68497421735309294       0.95160652981343608       0.95907989777136149       0.93418494709393485     
  0.58043010905815606       0.54018707011228528       0.47565379341699010       0.39909349449053894       0.42897417398853993       0.52235563344140568       0.38205797452150997       0.45351814073806385       0.44937951649997437       0.39581151624615973       0.46747981211430922       0.49997296842816580       0.45197002878542808     
  0.97252274646268333       0.98642963649828119       0.74406075059623211       0.93160532141703978       0.95660395294284584       0.95285597988795301       0.95233780112814836       0.94619634091272564       0.98957649200526199       0.70487841212975610       0.96270972976754110       0.96940176912265830       0.94844746833953275     
  0.48967922824658577       0.60165615070360190       0.41732737468991637       0.47100938533927178       0.47456353321140421       0.38770575291694143       0.56072092005215990       0.53479166233193387       0.60493920529793443       0.42941471351017235       0.49377804122196006       0.53177355921610192       0.42797069420902245     
  0.98056738668102195       0.99059931671300017       0.80969203592593209       0.95285729539645236       0.97227735952890559       0.96483192610301116       0.96906257057607648       0.96337694917121142       0.99223177119269179       0.73376358976357436       0.97442443897719488       0.97954659625810125       0.96497659004504077     
  0.45805323630346906       0.54801486453189829       0.44110986067637381       0.38599033144022848       0.45381392267605797       0.47129898444131080       0.45903097431958545       0.48353157299029098       0.64416220854685491       0.42578737982722475       0.38992391181424968       0.44944412695807334       0.49997436940450257     
  0.99002917179726047       0.99529687889642526       0.89532719303599650       0.97349846986665955       0.98670846057474870       0.98148075469228335       0.98425665337251389       0.98155233075110226       0.99585615715897957       0.79375281711383805       0.98679659390567354       0.98851584730502018       0.98105371835004240     
  0.60554034848537830       0.59693639924517450       0.44309807552683167       0.48698787168468566       0.41738412951991999       0.51404965353369403       0.40061306969830385       0.48458099709098207       0.57968723191501537       0.46535206855490840       0.51135204670518419       0.38212159419995162       0.49484203770463242     
   1.0000000000000000        1.0000000000000000        1.0000000000000000        1.0000000000000000        1.0000000000000000        1.0000000000000000        1.0000000000000000        1.0000000000000000        1.0000000000000000        1.0000000000000000        1.0000000000000000        1.0000000000000000        1.0000000000000000     
  0.43681633276673953       0.45522977431862938       0.38664822974885837       0.39111970222599940       0.42179527419007751       0.43228598819285674       0.51326477901931478       0.44690145190236724       0.39985534763207820       0.42812410250629890       0.48339180910603718       0.41613271134413121       0.49648052148828337     
   10.437503369921872        2.2346885875654734        15.002334598625957        12.075217189304091        12.685490940259907        11.698820606050271        9.6165877140980083        7.7332800185373713        0.0000000000000000        10.180174791219534        9.3052555216677479        11.707667609500170        11.699485265331445     
   10.038015678139114        8.6820235358484421        9.7320144778705302        9.3229377776005222        13.682217975272872        14.112692938284969        9.0343153277283399        10.862857644061798        0.0000000000000000        6.8386228502982629        10.995862931991306        14.097393995140813        8.9654634095934167     
   16.111215229068172        7.2847046528234136        7.2025585700728323        12.485734829978258        11.082324056362422        9.9650723711557454        11.073508837422191        11.347839973543378        0.0000000000000000        11.273956240124683        12.091314704419201        10.076613478326406        10.514829557631515     
   10.092307552036850        12.424189647025530        6.2361500476404546        9.7016220229183272        10.240040755127456        13.509368394469229        8.6282639199197781        11.665936121299662        7.5439591505333015        10.659776076653797        8.8777652027472467        12.220491397287759        12.380100589754109     
   10.356105494359932        11.309383420102796        6.1622392684317964        9.4791808158999498        8.8769255429689871        12.932031649060237        12.826609349223908        12.603143234237994        9.1096882134126584        9.8678381765269876        11.819363730760115        8.3215985941609087        8.0658077110875706     
   10.942175075029079        10.482394880283096        9.8687511193941226        10.783848692268823        9.6905833109255521        10.179770109264982        10.146655472543442        7.2834361300953185        10.340268947544054        12.189584632196228        8.2198462320801919        9.7060356155880232        10.569222749397552     
   8.5555096234771622        10.104741794273679        9.9607090508320102        11.710914707215403        7.1126375802773500        8.6551786254216765        11.970424525138961        9.0834203072307886        11.834735312003902        10.635871503247976        10.565690708532458        7.7417740610107186        9.1635494769462742     
   11.107413021678067        9.3709707659547181        15.019115775323398        6.8191262574993736        12.662798242717081        4.2837128856073168        9.4329742072286322        10.507660370066263        9.7750444354932675        2.9600854268454744        10.246860121708606        10.483136610111227        11.005091946060666     
   2.5748726329572708E-007
           1           1           1           1           1           1           1           1           1           1           1           1           1
   6.7631313234950218E-007   5.9409390970153247E-007  -5.1081600988198605E-010   9.1899437786979128        6.2910811280848780E-009   1.3024395569480616E-011
   1.7798171290783267E-008   1.6664771120521361E-008   1.0442380735494401E-009  0.28540262773193170        1.0440870929380232E-009   2.0924656124190443E-012
   5.0000000000000001E-003   11.136708987965143     
