   0.0000000000000000        0.0000000000000000        0.0000000000000000        0.0000000000000000        0.0000000000000000        0.0000000000000000        0.0000000000000000        0.0000000000000000        0.0000000000000000        0.0000000000000000        0.0000000000000000        0.0000000000000000        0.0000000000000000     
  0.19274363530875455       0.30845336217628422        4.5219982530238989E-003   4.8559662405586292E-003   1.4461420295769705E-002   1.8900897952768347E-002   1.8761029614004141E-002   1.4696659020952525E-002  0.60636712180444130       0.14850236138032377        8.7065915842726785E-002   3.8423806016698481E-002   1.3214187517180063E-002
  0.32308709809461261       0.34922943823596053       0.41972854425093825       0.47200061572705371       0.44913890591195355       0.42666714794180421       0.52478864304402795       0.45921658091496098       0.33463458092867998       0.36570303221257533       0.35350785909484800       0.39873633691569654       0.43739566653961287     
  0.27826262916733091       0.41266814018421166        8.6973714012162744E-003   1.0157847597455104E-002   2.8446523828998795E-002   3.6626398635153150E-002   3.7726546203453115E-002   2.9270539733172129E-002  0.69364214164940508       0.19087162607191466       0.13732133718141029        7.4063570482043109E-002   2.6935562339094998E-002
  0.38304915725675182       0.34034139448916967       0.54091165006169306       0.48402245519497938       0.37752044981640681       0.46389298331765888       0.47772607325685573       0.49331212381815370       0.41414903576888706       0.40979009711986852       0.35802203743792976       0.40546881421145070       0.37454426998118773     
  0.33850197629930534       0.45903239597656875        1.2507709924363276E-002   1.5682027779845530E-002   4.0141833566162494E-002   5.4645508204293300E-002   5.8106002043201474E-002   3.9905823235675944E-002  0.73136687949627688       0.21709113754663806       0.17111948313138986       0.10032372633190127        4.2786139035860253E-002
  0.39681176378043226       0.34307688730416447       0.39159608180292571       0.52487975923413976       0.40060500473566002       0.39350969895244747       0.43065752409522812       0.35856782135689197       0.39573627857904120       0.41787587558260891       0.42878833372448577       0.42109294983712081       0.37631817836093123     
  0.38461373886955308       0.48772806691161269        1.6413095871086567E-002   2.1606081881003183E-002   5.2536855641125840E-002   7.2802424690514775E-002   7.6688427770614020E-002   5.2799318771410746E-002  0.75929367684976035       0.23837282962000467       0.20207860044609319       0.12754209892279600        6.0190139177274282E-002
  0.39612797919528242       0.38943560559239249       0.53018826872403069       0.52152398106065956       0.38338776409905451       0.43259619594037013       0.45342385412793595       0.38044339791791654       0.46110150141109257       0.54857756705351324       0.38257730710791216       0.34571778237126521       0.45273188568292388     
  0.41847210969677034       0.51425737060641219        1.9814375370961545E-002   2.7708358765889625E-002   6.4186047339603522E-002   9.1136779635186016E-002   9.4320649264348314E-002   6.6858515222433343E-002  0.77669751722909897       0.25028094567009246       0.23092462042237152       0.15623689623393591        7.8551253903654056E-002
  0.37779208757975768       0.33463458092867998       0.50248919880879128       0.40598108227732921       0.39589050553952471       0.43087816070776913       0.43505271272923135       0.46980820282991320       0.43264924460548881       0.35965490819278650       0.43744480783603329       0.47573038349374630       0.45632389009739233     
  0.44976995995524399       0.53914577221807736        2.3214020532102059E-002   3.4477423520230838E-002   7.5174406986987755E-002  0.10912788464215281       0.11164697953751652        8.0221939831030736E-002  0.78937099428719604       0.25902672064533833       0.25778211745460644       0.18904737706642116        9.5463289846874327E-002
  0.44822340530426263       0.37358235493213887       0.46495639945387784       0.35439073372351043       0.42484904775732091       0.44263624353168712       0.52683077497228592       0.36174641360424220       0.37655655054571130       0.43890444540365942       0.54273751614050436       0.38517092636438810       0.44227420012247493     
  0.47896007954745107       0.56209966569668290        2.6658930457020901E-002   4.1162547318414192E-002   8.6021859264878181E-002  0.12526681943887244       0.12887593026464253        9.3455563274337433E-002  0.79940506001548794       0.26710312305851680       0.28272038558905221       0.21924683514460319       0.10967324248184873     
  0.41318258800073709       0.39099425601158849       0.40228391580013639       0.38929003251480154       0.37530133299681157       0.40598161311266806       0.41163631851898103       0.41666344384745685       0.35051553552541148       0.39333038039386553       0.48596813052001808       0.41829322378884726       0.42112376799679008     
  0.50456567768501004       0.58234064006774988        3.0298688024208247E-002   4.7645548027578762E-002   9.7427328144391270E-002  0.13921899859324541       0.14698731434378992       0.10785051255290246       0.80827645954606508       0.27461810191547381       0.30572343436250360       0.24458915999227182       0.12487189170981088     
  0.38965715489730723       0.36770978045179464       0.45587047108752510       0.42760141862725826       0.42505219956656171       0.45109615843778966       0.47643660395170334       0.39387180380712367       0.35776886687210224       0.41455433820199983       0.44335257106386028       0.40169236037951866       0.48158006478900584     
  0.52351959090960154       0.60107919627498163        3.4086853277417208E-002   5.4256920071314593E-002  0.10990458556500682       0.15469062508793038       0.16366180330472044       0.12300406605457360       0.81641177813374632       0.28219789159503739       0.32745045730433092       0.26679451823055456       0.13984249463589754     
  0.37989921048441888       0.39460968727426848       0.42027038404244271       0.41663472315519229       0.39579923567784664       0.41631199599881258       0.40451282707337949       0.42599671945291623       0.36609760424916921       0.41561784081699582       0.43210341386304518       0.41648555674180204       0.48603015297932650     
  0.53934363479312308       0.61863133596671704        3.7723512131861113E-002   6.0424481539323470E-002  0.12253793296948651       0.17089635549951532       0.17810442549221997       0.13752995734692547       0.82385948388339325       0.28973503551346752       0.34765039708357043       0.28525540196340976       0.15530362344056564     
  0.41129039227646336       0.34060032340525170       0.43666234636305923       0.41663414496576368       0.37487902070109036       0.39243287044470837       0.46079498063522584       0.45210928675554390       0.38841571346518328       0.46268493355593415       0.44786092124671856       0.44652317088504334       0.44299038644066946     
  0.55358163971602481       0.63480221266599079        4.1311242736781821E-002   6.7227110796722306E-002  0.13631058080379957       0.18915629162604239       0.19183958004582433       0.15233948320711907       0.83089286117736605       0.29724947758510872       0.36760553403405205       0.30330763944607797       0.17065930084327871     
  0.37832202162589179       0.42141665288807739       0.40105519049208316       0.41452762217187095       0.42084426189642132       0.48559014655661631       0.43536031842299833       0.39513218340244100       0.36153126628554938       0.35259821442093475       0.46366539491120923       0.43887585725153838       0.48964162275853967     
  0.56681798810983319       0.64895456844547339        4.5191022079896989E-002   7.4958305886495893E-002  0.15078607002947828       0.20710045405278182       0.20384753994073904       0.16804849601573391       0.83722493984264190       0.30369534688988614       0.38845826598562877       0.32211475791990318       0.18799286611597268     
  0.40435853253765819       0.36483311524724449       0.47447386866649233       0.44643453630815649       0.40685813605600918       0.39268044927002410       0.41555119508495941       0.42373553666351327       0.38939756795320718       0.35558123876686054       0.44566409006513874       0.42031572415742408       0.41997371050154231     
  0.58010080592382562       0.66165547310891448        4.9039564572175863E-002   8.3674279955430267E-002  0.16751446548918275       0.22310538585642703       0.21746890144255984       0.18145347376376991       0.84331869494270117       0.30991855478897845       0.40953216358314731       0.34061058544895567       0.20470670486696238     
  0.35780048981563700       0.36149769648762226       0.42918553068663579       0.43120153272385481       0.46074794289577498       0.35738561764261051       0.40131061221503056       0.40416588286545346       0.40024025348351305       0.43489173916677110       0.46879805247934542       0.42583621326921078       0.37593643786080311     
  0.59323114611965422       0.67378012031212564        5.3746825895021666E-002   9.2830334058088243E-002  0.18375260308095395       0.23880753503094823       0.23295406736129809       0.19372789822443254       0.84916397743305216       0.31597342740078971       0.42832600684944544       0.35823215836199435       0.22164030775970961     
  0.39165345647408289       0.38278238161363992       0.41657060524843154       0.45277187034525934       0.51258838595884393       0.43054670183094923       0.39717458825122104       0.39268044927002410       0.38024367185174307       0.40935112915623861       0.43616889120694341       0.42183546827825469       0.42643393311723776     
  0.60635417766562727       0.68564652805423987        5.8675991456465702E-002  0.10165956198637316       0.19901714420408226       0.25417998795448998       0.25036192917947159       0.20685332879250290       0.85498261591073643       0.32187387702659187       0.44382311676487757       0.37462839686236571       0.23908166266141687     
  0.41003130468638305       0.37039216070617154       0.43331339634932126       0.41805189609746279       0.38958610565752105       0.41692944257705578       0.45918348788786734       0.33327533242930163       0.41184586810235635       0.44811400284608871       0.47698882376254459       0.49757016523447883       0.42253783451725596     
  0.61808680998497822       0.69800973901283259        6.3796624109605460E-002  0.10957323465349303       0.21444782187373854       0.27031744135288649       0.26886358939838823       0.22087068351135516       0.86085792115373894       0.32774670923242971       0.45773571971590360       0.39156584520945081       0.25430179360953176     
  0.35706976648389260       0.42475347298058475       0.39534080187088017       0.39511848189601606       0.40121747375266786       0.40592580723637617       0.51566965386318375       0.42676504635059898       0.43946575243757935       0.35457947267829526       0.42947955273841748       0.34122253180398887       0.42486082715507362     
  0.62880652455489128       0.70815359607187944        6.9038669092783958E-002  0.11680677253715210       0.23077904921169737       0.28851120898971028       0.28503734389936841       0.23551325145861102       0.86652846359684577       0.33350398833363021       0.47176134440380951       0.40835313670896972       0.26750955051799868     
  0.40954665170585125       0.35075492127569985       0.45771807762870581       0.39901604555673842       0.39214333041596228       0.39808285096823798       0.41783341670180357       0.39603625005109905       0.35382273898003508       0.37586387379531766       0.38696440799194332       0.46300291541295635       0.46392186009121783     
  0.63877706321731009       0.71755310156140939        7.4200947953830185E-002  0.12368846159506174       0.24680428824961193       0.30695971876504430       0.29931935848911706       0.24913494659271845       0.87191882598515380       0.33936483273085361       0.48738472236198921       0.42351932822259347       0.28103265243920050     
  0.36823351905026680       0.42092359148235287       0.41939576380311350       0.41418601678759359       0.41386693370310024       0.49016324736483963       0.41972678004203201       0.40195143169897557       0.41887685616006898       0.47438473294719519       0.41311571576045664       0.41067986227417635       0.43341368050250789     
  0.64863919766308276       0.72680231230154202        7.9224899306006361E-002  0.13070588216734849       0.26224695800184200       0.32497678884626380       0.31507669889817186       0.26246189851254803       0.87719626732209455       0.34534014464392504       0.50330536821069183       0.43868544447070024       0.29427801037115647     
  0.37425824533415880       0.36003393600292261       0.43311589756752900       0.42542676257482420       0.45162339963759346       0.47949149485515430       0.42559329521706052       0.45167084835352334       0.43576884392293719       0.42601506258972577       0.42223541415687776       0.41307702321400647       0.38681704706845310     
  0.65921172812315521       0.73606765302495192        8.4340995742559668E-002  0.13877172062928017       0.27686626785460583       0.34187834248140758       0.33072378632056898       0.27534458245832738       0.88228885440502325       0.35163443379272807       0.51720432996318022       0.45446347486078020       0.30963713852608898     
  0.35274710321741670       0.40531512222747801       0.36759961355285586       0.41905085455110858       0.37310796254267298       0.40249790336070190       0.45105879860896447       0.47375891520038610       0.46004063096445968       0.44332325164342551       0.40897533881683934       0.43680363440054593       0.38992797432100051     
  0.66954318542192626       0.74613260622151090        8.9840008800970622E-002  0.14681575084451953       0.29103026324939485       0.35780798619959625       0.34671811321395629       0.28738287872283730       0.88707901248729504       0.35813769431814318       0.52973968451223252       0.46937778502663113       0.32566453478912527     
  0.50723106043404642       0.43670068519322647       0.37446888626438535       0.38384087369602948       0.47176980254375539       0.39414457115704848       0.38206469969915396       0.38910059411455805       0.45274783180438510       0.44769102905267671       0.44074889753631868       0.44108004227488634       0.53580047380520979     
  0.68129907211025609       0.75611361183233339        9.5872573878157952E-002  0.15594203885836005       0.30546514408870706       0.37403282533072707       0.36290470241785888       0.29965478104115501       0.89132280256577179       0.36422974921431805       0.54019582770708696       0.48252752091948109       0.34088107349960423     
  0.43376602680177895       0.38754618654789375       0.40056357162212097       0.37206733784787333       0.39981294986159849       0.43134503453517270       0.47391243742383077       0.42623047838092126       0.40324250417456348       0.41187866775368231       0.40236326100123632       0.41507559484880457       0.41381399620233061     
  0.69262314600293717       0.76628726933358771       0.10229918202268937       0.16449504867916204       0.32067379122475798       0.39101886440939521       0.37937138650551910       0.31090780321754469       0.89515016860325602       0.36969993199178369       0.54846559995631317       0.49473633962567953       0.35578311699984722     
  0.43051579503503951       0.40003198207210489       0.44112180116651228       0.36948300042619009       0.39937131343303423       0.53498042070713214       0.37735762685721852       0.49922225431599682       0.44707143034595553       0.40757744313057265       0.33463458092867998       0.43254287007822784       0.51987500941542375     
  0.70214598632541281       0.77618173669397639       0.10849057254655728       0.17522382261117792       0.33532112960092619       0.40750371818472181       0.39577638624096029       0.32274811952293270       0.89891755035530585       0.37498360111385115       0.55705497981016572       0.50673879245159070       0.37082312280030261     
  0.34674337768347196       0.45283716361728721       0.39936114242136750       0.46579703182441895       0.46153821029614572       0.44825561965671062       0.41652907497251496       0.40037987662305363       0.41542839985394781       0.53143071407007159       0.47764346365410132       0.42734404957118560       0.34652941227574735     
  0.71159806052976626       0.78528223544547882       0.11517811332862436       0.18647861127135743       0.34876846070171102       0.42434034063849951       0.41196395066005143       0.33641676141295673       0.90266279629413060       0.37996487497514042       0.56775183638356652       0.51700848682542755       0.38652367224530032     
  0.48384178355163743       0.48224481956647125       0.44478693532628705       0.37754736265351574       0.46414212753891659       0.45834817626054236       0.39611853279172621       0.36560350606541092       0.38996808529390559       0.41760873881375554       0.35401667921740571       0.36073497999125614       0.43838679813986103     
  0.72161054077862019       0.79366696891701005       0.12277573059084149       0.19879360114772035       0.36250456478078691       0.44067475028425201       0.43013673530086122       0.35147774632183831       0.90633381922029266       0.38469630452111303       0.58030601877030752       0.52596110731543488       0.40307540854342178     
  0.43560213170927653       0.45194179042025195       0.45204325626843650       0.45216104904634485       0.38681892680039703       0.38828314799222213       0.48030423844351727       0.41339714988385634       0.39324047287653430       0.40597722828777333       0.36423651590962175       0.38913927167802481       0.41226667256490612     
  0.73135925356221432       0.80196569662690209       0.13059501933146897       0.21392944264468280       0.37598566306143516       0.45700327600068430       0.44724945300704944       0.36749096567993761       0.90984636947615105       0.38963668144495567       0.59204541987509307       0.53561474140609289       0.41870459746651001     
  0.50738606477717230       0.44337836978167172       0.49461063275303380       0.45995736540106730       0.40714260388615481       0.37973088515881775       0.49862221844724752       0.39955082905054118       0.42684198918889299       0.39996629591955868       0.37193814693810134       0.33463458092867998       0.38680320386814082     
  0.74096165668719272       0.81024065088234354       0.13853979161252536       0.22893097675050331       0.39010096181718629       0.47346808800541917       0.46278880452908244       0.38245007776838541       0.91325859342344773       0.39404316056619293       0.60265022473752461       0.54482652859351233       0.43418377837813771     
  0.44618497786457489       0.40398051047945488       0.47320963558562457       0.56587663403325805       0.46249070530572584       0.44645783206905920       0.45535098081043179       0.41879494170546677       0.40997787814135839       0.38958728351000965       0.36158189251253470       0.38694727740106288       0.45486137983940267     
  0.75049072644905490       0.81854764711830663       0.14776094467595871       0.24184391360305732       0.40463022399777210       0.48823251044730542       0.47902068394259956       0.39662109671624179       0.91653262538434133       0.39840897989381047       0.61225179297205801       0.55542717652437468       0.44850507915478882     
  0.45327897907814124       0.47126779491594811       0.48059350122536471       0.39183312023668521       0.32928180497627468       0.38008370378205025       0.45060462986852806       0.41424815966417089       0.42864237563078500       0.47258293913300420       0.41916644252528623       0.39650462513706919       0.39665401439327513     
  0.76019088031774695       0.82688690640416473       0.15727002281157385       0.25456918267986106       0.41946344727745077       0.50336150440455696       0.49512613768719488       0.41128897649245583       0.91973607320065198       0.40300123681761146       0.62321843901852991       0.56550494610909841       0.46369968090905372     
  0.38942266774503698       0.42126808878355382       0.45490524346228928       0.42992192161842668       0.50275790669478426       0.40950220938814386       0.43378404842844898       0.43665290035806259       0.44147638559418007       0.42683283618199785       0.34920066129601346       0.43225045530709677       0.47917411131648091     
  0.76952956099075098       0.83507556959034002       0.16665561096678358       0.26852279496300896       0.43415061589603776       0.51763587772691788       0.50959654926355635       0.42720198463120762       0.92278173151824860       0.40815881167204104       0.63308852949267114       0.57911772073852319       0.47965920179392513     
  0.46491934601516177       0.54410370382811024       0.40359093186956868       0.38383101049375618       0.40834317561531824       0.39428323388826619       0.40235028871025624       0.43402483154315008       0.42684896930763611       0.38818458154720847       0.43393771306420426       0.42381030513640650       0.45366020725269390     
  0.77897119466609543       0.84298668746275063       0.17614926513231000       0.28149674291013249       0.44997500731617102       0.53226453146993957       0.52378163261847066       0.44286110674091261       0.92584553092053490       0.41395543712086430       0.64377168996890999       0.59184272636471980       0.49595906323543143     
  0.43535594318348542       0.44549105695432073       0.41846517508143344       0.37265364834115788       0.40291918703445301       0.42847476554249075       0.43359414786430267       0.43616072653453319       0.50828314279440279       0.40708375960615523       0.46867593695318088       0.44429828155386808       0.49439810931171313     
  0.78830630296788240       0.85048374339172039       0.18554848627066353       0.29681327547436065       0.46542345611951358       0.54652792641263070       0.53790351622530741       0.45654863848053412       0.92885320490119094       0.41970360198931361       0.65468930292224936       0.60346552439317969       0.51348081321442929     
  0.41151595247095196       0.42238326994246367       0.47948840128441139       0.45514526846230552       0.42257796490928495       0.45407246427959747       0.42395445749320032       0.40370488582479963       0.42532770599421227       0.51939470045932823       0.49138237439101323       0.42828506481401385       0.51368953987835986     
  0.79734219670831186       0.85754520504987486       0.19486990828327291       0.31236203827833903       0.48060048463835381       0.56110872693425473       0.55288461698054747       0.47012202022060889       0.93163516050133777       0.42544223466215375       0.66624326848844095       0.61387912254082411       0.52933984281593816     
  0.50247675753311705       0.41544938249718000       0.36886214061392952       0.43171974030379995       0.43176071548214917       0.46860986091913542       0.43751707369960385       0.40551055736187785       0.41016152984401377       0.39807237479730273       0.39905140130995742       0.37840583552449775       0.38160407879552016     
  0.80501068407839316       0.86411976506327304       0.20444221840186363       0.32687357763058089       0.49574924062226522       0.57642054005259058       0.56932786193602580       0.48515500543698664       0.93418026750312277       0.43127452948119421       0.67713447629857093       0.62583481305775090       0.54334790828390223     
  0.38111013034115421       0.42756453099205299       0.40972952492693754       0.37562341474524946       0.42314952539525447       0.41135694094573666       0.46575695540828810       0.38927527284676100       0.46484458925611183       0.41282363860504595       0.41707219305772436       0.36038921988626216       0.38195514529965990     
  0.81253624613743780       0.87016757575310122       0.21479224805964384       0.34160632004095615       0.51152418326118987       0.59313668756555138       0.58635094700483636       0.50196712394161425       0.93661098616869143       0.43735576744209542       0.68896500302080987       0.63801558315428630       0.55979605512648578     
  0.40864419806412355       0.44830498644198208       0.46704656263145894       0.39605319260999716       0.46930991297264102       0.42896930260358129       0.48862180890900619       0.44109826227405724       0.40591200978656633       0.39315319445037683       0.46702086379676033       0.44272710578673918       0.50482776820952613     
  0.81992899246898610       0.87496969300174787       0.22627922180139731       0.35735089914250773       0.52745498110010991       0.61169278931819648       0.60372492777850739       0.51967422674753150       0.93898871747160562       0.44379914963225570       0.70138204771212642       0.65117792301487964       0.57501453059858376     
  0.38201314020174132       0.38312965528485260       0.45641274759277550       0.46798252061577306       0.45649871571549383       0.42143813799102237       0.44982908295618551       0.48270408441562263       0.44708482055339865       0.46367225675751106       0.44391725542227550       0.43984951495844737       0.38828322806771154     
  0.82727769845963162       0.87984571346275242       0.23730288099644684       0.37228100647763002       0.54254832696284661       0.62887946744594070       0.61906762376384317       0.53632650919486280       0.94149502729668255       0.45032954347328008       0.71399536114755435       0.66595660521898337       0.59193567299842909     
  0.39063658245997857       0.44469913111712439       0.38423719253288002       0.38469934306028919       0.39036990142011746       0.43399958534127825       0.40398200404803419       0.39234544973410795       0.38680891603810907       0.40086497647044750       0.46062064771307282       0.53635704432930142       0.52261261354528588     
  0.83487416663527303       0.88494648662416719       0.24882826465764837       0.38908824154048577       0.55825808940798938       0.64445536793850755       0.63321873838149101       0.55338364229474146       0.94403463863700976       0.45675656783090546       0.72604895215747778       0.68070977751405182       0.61010029641146146     
  0.48113721428620337       0.39609440984823652       0.35955039695402896       0.40119532781158862       0.42280512657760067       0.50184698146391193       0.39696830667963051       0.43982357081262080       0.47683437441302440       0.39344807255093550       0.39272300220708356       0.52693917597909745       0.47514119042612879     
  0.84253076499390378       0.89019352218335290       0.26031603359768152       0.40474347501020558       0.57480632147593258       0.65822786440473746       0.64692388496084230       0.57201479884429318       0.94656569738995477       0.46287594530362253       0.73757741899328944       0.69651703189973857       0.62756794636846180     
  0.48448635180236521       0.39605168381622197       0.42452182380130238       0.40965404245122877       0.46449867709251635       0.43743828560449544       0.39270727480773998       0.46561021703911842       0.41872722678912211       0.44037429794910121       0.35071438246918474       0.45975310539884623       0.46241789179982412     
  0.84938928157260307       0.89539107737106816       0.27362620120084191       0.42120725086449429       0.59159888716088571       0.67162309358898331       0.65940612859463676       0.59091758307167319       0.94916592656513354       0.46844167805592102       0.74982566504632042       0.71234983358382264       0.64357855325942692     
  0.37481865515968027       0.40641692809123964       0.39254452464572265       0.36315779954765726       0.45862762602389612       0.35156928199189580       0.40816257636160208       0.42773649572323347       0.44798634454934044       0.41808726022914106       0.43278567352304725       0.45713757677447536       0.50016533162277987     
  0.85613948243876725       0.90051237850305399       0.28839842150140060       0.43653027337939154       0.60839148775444030       0.68542032185758639       0.67137839772496355       0.60970674120005652       0.95164496325155401       0.47397283687784081       0.76183688451971965       0.72684955398663065       0.66086008747991587     
  0.54029343042405065       0.46731788922582645       0.47691037625496585       0.39624322458615041       0.45489798918197583       0.42612854930464439       0.39849238021695271       0.54816544890460872       0.41141939092569013       0.42383953249643008       0.52100414580770527       0.44519231675015780       0.40320649313344442     
  0.86250795342032283       0.90559332813180782       0.30333378980436942       0.45448525661172229       0.62541946560411255       0.69827098845354019       0.68487708410418169       0.62694115698996211       0.95402316033416301       0.48094986109108717       0.77369787946838098       0.74067393851210517       0.67792518250267297     
  0.44726301593512646       0.44059566811830575       0.49346465612855517       0.44662179580152012       0.46139837611603224       0.44150576059244490       0.40523489690350256       0.47760747605961901       0.36792294479125320       0.37055415871042668       0.44328424803848226       0.39942389760553798       0.40780502515494010     
  0.86907340723722271       0.91043042826451692       0.31670374784977018       0.47341744238403449       0.64376566308188787       0.71098745012141418       0.69927343185174029       0.64407411655766333       0.95622493517923435       0.48843296574830336       0.78556182364665728       0.75461374767548395       0.69488237616257365     
  0.46090845687178678       0.34120907399447614       0.37462460109905898       0.46427244715847160       0.44257738992445639       0.37725525386771108       0.38361401982209881       0.44575836643302208       0.47134796583781330       0.62409837186170991       0.40649169214306852       0.43834503252135976       0.41401979048367821     
  0.87571265131015241       0.91553375148238636       0.33130151586347956       0.49241013320347760       0.66212487449525570       0.72388074756844978       0.71248881049555957       0.66101987123815686       0.95836033681015131       0.49726741139320185       0.79754321211640733       0.76703550485377614       0.71154929483855378     
  0.44723133557593253       0.37041050291375266       0.43787648911649352       0.41112726721260417       0.42500951572433443       0.42786645736450646       0.42543032700841732       0.42422750434295364       0.42309596078683254       0.48806918884274919       0.45831292247221178       0.42056372267760683       0.40662979861929194     
  0.88227200075060153       0.92079016048864004       0.34561501427251096       0.51147625815293607       0.67816591814150118       0.73957266729861137       0.72512950356044936       0.67885354625351024       0.96047262154769819       0.50634256847598913       0.80953052109759538       0.77945421747399424       0.72700991464223719     
  0.52798039122862506       0.47027015297087910       0.36967771038433106       0.47047678939881038       0.43412329020835611       0.41863798645993583       0.44011457293222850       0.44250933883655996       0.43843719340497811       0.44078449976500628       0.54867939644595676       0.43830178090384947       0.38367594936412891     
  0.88871479496533012       0.92577580016818795       0.36073315056919242       0.52949782923831679       0.69261360861832022       0.75602598021686529       0.73839423291552753       0.69715861219845432       0.96243235745722011       0.51540214231392112       0.82123117374850496       0.79417958702762514       0.74174761506009512     
  0.42101301920915563       0.47585351740577397       0.40332834074979557       0.37521076831556355       0.43212909013464296       0.43716854883441270       0.44640394158087343       0.45284324494600270       0.44464594059963147       0.49325503499146284       0.48709502764251811       0.42396473454930905       0.44524009242864310     
  0.89512764924164645       0.93033271865856282       0.37845224766056940       0.54915407968337782       0.70919666781128110       0.77214426863007790       0.75160537415112028       0.71555883529125464       0.96425185428722726       0.52430223432205547       0.83236168317517367       0.80977667471813908       0.75651965377420494     
  0.44648942819236259       0.54271594088416286       0.49053939051378054       0.45913560491562366       0.47431334386575802       0.50546228401051274       0.38089725715786388       0.40002208381981491       0.50175491554340212       0.63253838157341435       0.49410238473687701       0.51438471680795028       0.36605331233583249     
  0.90147736481088048       0.93462843637629756       0.39713585480426578       0.57247853808134075       0.72782572510893673       0.78629572807577053       0.76576153420522064       0.73449748990168928       0.96614618022640442       0.53322572241125166       0.84285413913928875       0.82470615613335985       0.77142128442728608     
  0.42556713638397597       0.42968566261960145       0.44241305083344029       0.52139053141972835       0.43465148204315124       0.40603694680268354       0.43194434305839452       0.45090778827219724       0.43018328673683504       0.39446381219749416       0.38977271639458289       0.44096317620014336       0.41896337767075992     
  0.90757910269466779       0.93877166426654046       0.41668151535082953       0.59581241392495399       0.74701741009115685       0.79945445234583001       0.78075675635157904       0.75262154872124098       0.96810085399476709       0.54162553226681842       0.85286529217532181       0.83900988059211123       0.78675270961308230     
  0.43292791805058728       0.47853447770590241       0.42467062222481283       0.41663907431039970       0.42612400507468523       0.45309143872706725       0.40448354894519062       0.43762545498206568       0.52240838338979079       0.43807966586596786       0.41269488145910926       0.46936776754788118       0.38309355379283561     
  0.91353677725240945       0.94315294491775603       0.43615475439055534       0.62416693666866596       0.76697948302425945       0.81211660517811779       0.79599178795176628       0.77042893605520135       0.97003899969544516       0.54949673584254355       0.86257426783003421       0.85271824580570665       0.80206662805255813     
  0.51703553986064055       0.40896223409018317       0.50792487837914202       0.55206018181405914       0.45170096497001661       0.37036836644540277       0.39346702015904239       0.51753507289116440       0.50539811996107786       0.37967058238700874       0.41837995547894707       0.45789359937073343       0.35125613650903792     
  0.91884338018874323       0.94791549433744626       0.45672496446948579       0.65405993363154258       0.78849961941911251       0.82568826000318474       0.81234616148892402       0.78816168162653599       0.97193631375405265       0.55816449217239394       0.87244423629665102       0.86400223769981011       0.81753738997786896     
  0.52759456080217348       0.61695553718710938       0.37351842458682383       0.49821987548164332       0.56089779411394136       0.42793658946400692       0.41515725621823624       0.42046132411476528       0.45279852597820969       0.38969433390696173       0.48813129337958960       0.41640821746139739       0.37979664812045655     
  0.92401679289168825       0.95260989528832019       0.47894892625053020       0.68541039269868909       0.81000262404849199       0.83949012403828993       0.82972692319513741       0.80715240943306055       0.97388816034693082       0.56796114481923943       0.88252442382300778       0.87495822099675546       0.83287709650685948     
  0.51992612184248577       0.60509254052268457       0.42895660229991239       0.49934168100524973       0.46719062303303260       0.42305926969658353       0.40044324562667905       0.39768534687100926       0.49145168794684224       0.40036369181548681       0.38570001950553795       0.46814492504937577       0.37725352614687846     
  0.92935118046717913       0.95708605693619886       0.50204844155789252       0.71728292195739241       0.82972984670933114       0.85208452695373083       0.84783022520642870       0.82723832729589197       0.97582569871699720       0.57858349199650616       0.89306594542484319       0.88604525745253848       0.84712602529425263     
  0.45557715025375228       0.49310805982381378       0.42144084297289830       0.57561314003133812       0.52026337744613860       0.50015600206729360       0.42512575903548183       0.49024717405293283       0.50989542131359189       0.46157159726755720       0.46181899850875130       0.39921144298740036       0.44195243442143972     
  0.93490552014519401       0.96127674403672725       0.52518723764576147       0.74591977053554126       0.84844626454015970       0.86414220082209436       0.86540965266023528       0.84794270230678070       0.97763841320659994       0.59133864191183227       0.90375849338929071       0.89680444198935994       0.85901908691664863     
  0.38512249729555564       0.52448939494468039       0.39268044927002410       0.45715411756168672       0.40177732453510234       0.38603403878007958       0.46828663255288810       0.62427761606066634       0.40360301985563440       0.57185352633326048       0.50607708727890999       0.40130511788630752       0.42595796292185556     
  0.94069549868112678       0.96530998885777808       0.55299212364342387       0.77495655383000361       0.86666980676005700       0.87562025641697860       0.88060665888074652       0.86809347316764174       0.97932533740255745       0.60460340282317782       0.91425137266657075       0.90678433263464620       0.87302025954317031     
  0.47000417778798781       0.50321820487978386       0.48454646205661572       0.38117187290384108       0.49286620570423284       0.35368038720945749       0.37180999803862247       0.54771220123042419       0.54083852061549975       0.46710723157979239       0.43110141129245727       0.47275997299690520       0.44591068988505167     
  0.94649556602874862       0.96939387016014689       0.58858375493869741       0.80159205439890413       0.88401149141117308       0.88908230159761503       0.89647142594822748       0.88763271178748027       0.98087717550678399       0.61870445440985322       0.92460437372502369       0.91693148144362535       0.88953318222290423     
  0.42819444647461652       0.45329059436011498       0.44240128898138414       0.36507629265878172       0.40102949129488191       0.41933650956062635       0.39287215728011604       0.49633592412050037       0.40792937185098294       0.45422876191072259       0.46983045809593976       0.46060819556662602       0.45122752480945444     
  0.95205219001834795       0.97331082219406784       0.62815250179174043       0.83181624750863270       0.90078403574993382       0.90305415573615999       0.91271964167453834       0.90622689574020743       0.98227781796804026       0.63349206489119803       0.93428966878622799       0.92759904898082379       0.90522629383926279     
  0.43359076500858346       0.50669796784746191       0.40742096402665190       0.42997005546389677       0.39887391915347326       0.50979441743901432       0.44820239674983248       0.40767909627670013       0.38127582124789300       0.46163710276210485       0.40948273571441601       0.43816884259491351       0.42547642772150646     
  0.95778086497297377       0.97755807572183839       0.66959206471554733       0.86226348969605005       0.91757689494033245       0.91736445553729418       0.92859015932648381       0.92034515938956218       0.98397278663039489       0.65105758721926144       0.94314840813347789       0.93930873516628699       0.92009269570828411     
  0.49365140503966631       0.48453181131167300       0.40823286083632709       0.47542595505215962       0.39576436295639633       0.40810359860433448       0.45065339820712591       0.37559909538052738       0.42930175687900912       0.47386200466832623       0.38634896860677892       0.45408543012812397       0.41642400152778253     
  0.96374912799081403       0.98176882203271354       0.71562224388869855       0.89069344007804707       0.93527136366444519       0.93173904654032635       0.94218179240319844       0.93551089441433288       0.98568754633274158       0.67082702680004103       0.95253615221999999       0.95191349723766305       0.93570619733545757     
  0.47023542289476605       0.59342024261845494       0.38200389168747878       0.40347284599853639       0.43137287047903655       0.41279309749177207       0.43695549462632732       0.36867141845948714       0.40087584287341466       0.45075783896429716       0.36899363297442556       0.43625529540657715       0.45605381677198015     
  0.96986271753540643       0.98593619557377055       0.77081469708517014       0.91856731223656896       0.95339590885409853       0.94621340044880098       0.95713055852579776       0.95106701180797548       0.98748734706647212       0.69630639487889312       0.96297416613540687       0.96479339773701667       0.95284801023378041     
  0.49108066283451707       0.68176866673360947       0.42538889097500360       0.39605809474224807       0.45280451447328329       0.47574058759395288       0.48038791351265775       0.47797566452865142       0.41531530763494395       0.38571988674382629       0.45194872327678354       0.45632333311723555       0.43556272947279778     
  0.97753251633502669       0.99016383472996095       0.83338332250777691       0.94655114603760748       0.96969431625353442       0.96153865343394551       0.97226048690016964       0.96711184254441329       0.98966615671557168       0.73339723922845879       0.97435906719563936       0.97743108235571707       0.96886989222225128     
  0.56834183834977525       0.45179014673539408       0.37170025191709349       0.45099636158327944       0.52930652856718974       0.46621727182987616       0.43408932709571330       0.43293588837208274       0.51540564658700172       0.46974847869235398       0.47138940635745780       0.60276753710413100       0.52817206723757382     
  0.98875738351343112       0.99461691033519428       0.91012672321218058       0.97329750351945377       0.98524667090767359       0.97960272408633364       0.98644283015341716       0.98343328884120840       0.99421149948726262       0.81557994683241120       0.98722513305092985       0.98842762104731363       0.98503213850229532     
  0.47298303407934733       0.55269308085976909       0.39874987840788600       0.43661381760181611       0.44257239509031499       0.52374545293772845       0.34935163791542645       0.41363634981347436       0.77138373835993224       0.44348083409984651       0.50146416792793225       0.42783576669255152       0.43588797108111405     
   1.0000000000000000        1.0000000000000000        1.0000000000000000        1.0000000000000000        1.0000000000000000        1.0000000000000000        1.0000000000000000        1.0000000000000000        1.0000000000000000        1.0000000000000000        1.0000000000000000        1.0000000000000000        1.0000000000000000     
  0.41825514520309126       0.36518248041724716       0.46658491311011507       0.42448593184013073       0.40240057776885024       0.50570595213876468       0.37952676281255859       0.39593044293603158       0.52205630333330189       0.33463458092867998       0.43401966050171298       0.42881444066606555       0.35691851913374456     
   7.6798977091963163        2.1599945027441967        17.707844247625150        16.430870105936854        8.5107120570599157        8.0183289556222785        6.1324897878985505        9.2867236164838260        0.0000000000000000        5.6360267804965334        2.3306127717794558        6.0842377716637790        9.3325131815814242     
   12.317964592461008        5.3209219096658193        6.6433245539340602        9.6442118330171684        11.788455586068155        13.395793075346592        7.6575769255309813        8.5562232056696867        0.0000000000000000        8.5442726222372123        9.7520266019218873        11.732267927846822        9.4511696434161738     
   12.594397271769244        5.6470205335054109        5.8698748114001944        8.3068693820662762        5.9556191679967752        12.320133666266337        12.774112928065430        9.7904622991090893        0.0000000000000000        4.9978325465862898        11.449877402532669        8.2957572689970256        11.872560948100713     
   12.685675994383823        13.308955678544057        6.9599568806045564        7.2302531390438523        9.3094246729502785        9.6567549541340956        10.260192845096887        12.153170129034704        8.9892280478060638        14.682014138500056        8.4277822240756066        10.214162765581307        8.4906601872271263     
   14.181516897317341        9.7360279490209098        7.1112605334404968        11.903553137229370        18.445490744669002        10.008735566285832        9.7098858325246482        8.6066635134326894        9.6491355509627343        11.123874933170447        16.057500660042127        15.319539675579621        9.1425574615282041     
   10.535783389827083        10.643251664285984        8.2640291021581049        5.5446423880099873        7.5203261714148173        13.605934954820246        9.5916949610914113        10.152511513919103        9.3765329221118119        10.587915634420893        8.8272784957286117        7.1956482741365395        9.7621387452474764     
   15.283109708302016        16.079668945686933        8.1681648657598025        12.755142309297389        13.350779195213196        9.2461107186875999        13.447972855463288        9.2562784486599732        11.062385484178504        8.7325573362543949        14.203892387884181        6.4049144790843364        5.6960969685987459     
   8.5443805709496452        8.1313397442120152        11.505868784798382        6.5250388577070151        9.9301378974033661        3.3909007641285154        12.477946335144537        19.735805676031600        12.415930406801612        8.4550053781364767        3.9715132538977440        12.506662632303165        23.028391175405464     
   1.5916246752080221E-007
           1           1           1           1           1           1           1           1           1           1           1           1           1
   3.4235980898708148E-007   3.0204303932600766E-007   2.2766921666319098E-010   9.4424611363430397        4.8741550507625639E-009   1.0264156352935054E-011
   1.1585691724087385E-008   1.0916029104277165E-008   8.7686858540554132E-010  0.37749882417457364        8.7663834762725545E-010   1.7981133899977406E-012
   5.0000000000000001E-003   10.020882375384652     
