   0.0000000000000000        0.0000000000000000        0.0000000000000000        0.0000000000000000        0.0000000000000000        0.0000000000000000        0.0000000000000000        0.0000000000000000        0.0000000000000000        0.0000000000000000        0.0000000000000000        0.0000000000000000        0.0000000000000000     
   2.2051888663064484E-002   7.8239605815747834E-002   3.3310806008919388E-003   8.9629186719766534E-003   1.7891306455660835E-002   2.2776993526791231E-002   1.7105677376775503E-002   1.4680949325880566E-002  0.30066566658133242       0.12916873323767761        8.1586258728916894E-002   4.9884584421862700E-002   1.4588965347984635E-002
  0.75014479450508154       0.65644893745724076        1.0716794622326649       0.83259244612344430       0.79601415130623865       0.85063245312499436       0.89780605723011730       0.82581274310924202       0.63214868426907378       0.63554720804783527       0.63965644798703247       0.83930069681145569       0.71710497648618532     
   4.3341122454969044E-002  0.13955378689034359        6.6314095834610603E-003   1.8342384795770134E-002   3.6431511841922025E-002   4.5680487960295058E-002   3.3832947839373982E-002   2.9046500590735134E-002  0.48925209420375732       0.17525511758212076       0.13981198026224265       0.10044642032507545        2.9329201894301986E-002
  0.74656288327031917       0.97448727602683360       0.96338656417574708       0.83628901867342620       0.70041771984597978       0.74383734155234771       0.82358124781252695       0.77864399139122331        1.0890541036943513       0.80638006735777479       0.63965644798703247       0.94349391599089316       0.73481960111836375     
   6.2013894637896048E-002  0.17188526762357387        1.0113289796732964E-002   2.8679738185773351E-002   5.3309347598333424E-002   6.6911631113733078E-002   5.1007195874833690E-002   4.5434050733777279E-002  0.52113251517460246       0.20014434048867261       0.18052781045643518       0.13617858646820344        4.6008829747552889E-002
  0.82267017783067597       0.75347592801086194       0.95980760881047966       0.90670735908317523       0.82897639593080263       0.69114263582567370       0.77487544774855199       0.82968011350829385       0.69476595006603281       0.89857636236765015       0.76496541550819619       0.88751049365353518       0.81822099982262275     
   8.0622702116718806E-002  0.20433339626816624        1.3940921667691866E-002   3.9763128219105555E-002   7.0461271645042289E-002   8.9143312234372551E-002   6.6969529655307850E-002   6.2095316465525935E-002  0.54776062766448363       0.21632737453585427       0.21724940717987840       0.17369604888025011        6.2473064330854727E-002
  0.71937362405522776       0.85322643145819366       0.93455667608872428        1.0387843822572962       0.85143954915203302       0.66750152864836876       0.75492221052167774       0.75992497078920496       0.73194837139699009       0.76604533002086128       0.79813559041731585       0.81973594939986272       0.80888339249241703     
   9.7814873860505830E-002  0.22927212241246131        1.7793448500057155E-002   5.0369075026154592E-002   8.6524105418882155E-002  0.11474571593408224        8.2336430563085664E-002   7.9305563381039959E-002  0.56938441094128278       0.23112655969781939       0.24757923628258022       0.20156713763698669        7.9225177026494592E-002
  0.69590976754722922       0.85698433417641851        1.0237286002493904       0.80004415879182345       0.82699280762423921       0.81115620917013787       0.81695849981019941       0.89022267926410992       0.65775844790935534       0.87581819386408322       0.90741930155673511       0.74004035400931722       0.71035268091997827     
  0.11532123109039462       0.25370198128943422        2.2251595501258457E-002   6.0188630949838340E-002  0.10258942766661437       0.13920214149824639        9.7773907815076402E-002   9.7503177327571744E-002  0.59144124862040326       0.24529575639908605       0.27511179397026120       0.22967177694330834        9.6047456637197576E-002
  0.82305587680261560       0.99676569616040156       0.77369646352345212       0.87454384936008545       0.69603952331135577       0.75433971314748316       0.73509507990241241       0.78772724092792168       0.68982467484730015       0.97715892235874080       0.81957124298367556       0.94154074297827672       0.79209992351102854     
  0.13342015553806622       0.27528307595565704        2.7021505133400139E-002   6.9930059184220628E-002  0.11902563477654711       0.15906245317448681       0.11527852134463486       0.11548435348376083       0.61202672769309019       0.25903644851850655       0.29909770298652200       0.25384560148283403       0.11317074703401188     
  0.75772634402508554       0.75366653468528488       0.97250143649730558       0.72523383063696600       0.81624311544007089       0.78198272373757083       0.90459471443558581       0.78040983652678186       0.81291920305994936       0.94595359433501958       0.82087352312885520       0.86081920213556706       0.81837632681452621     
  0.15220213375262939       0.29702489668796545        3.2010661610849214E-002   7.9591701874011683E-002  0.13559011020621464       0.18107552908038982       0.13443177257340716       0.13285074346906478       0.62965768416036783       0.27111721632241459       0.32268552677368134       0.27951181709616191       0.13040214942261560     
  0.70763497602726311       0.74394207781449295        1.0364647716477566       0.67580686293711389       0.78629699845099243       0.71893018405787723       0.89284597452743353       0.94510693613917873       0.70112276229653503       0.79736110660530701       0.86625051237143402       0.94606671222697125       0.81759792428005384     
  0.17032242754439589       0.31524619324982917        3.7134691060934408E-002   8.9186882833093603E-002  0.15202566752969790       0.20745433065209387       0.15088763862261739       0.15011118113278968       0.64675204767213235       0.27868393993142065       0.34576870138966204       0.30098755231421831       0.14554511977334908     
  0.79269875995376826       0.89603697871788812       0.84786895666221251       0.80038031953126110       0.68106868786434638       0.80406410709465015       0.88491592781911921       0.82283606896205119       0.87140320340541555       0.72629507061935039       0.97173971960468752       0.73084355451804661       0.70748747288187697     
  0.18796779507583827       0.33256081321288355        4.2165953799817239E-002   9.9181011756475090E-002  0.16710848640085466       0.23287537052575266       0.16527287922678735       0.16714852490737528       0.66017393207262332       0.28660619975228147       0.36774171041044329       0.32338742614893973       0.16008123540761451     
  0.83925051897063663       0.90381280840269385       0.89610762899268370       0.76220213221062072       0.70072228062886810       0.84840047539103125       0.83694262727499258       0.81864790001981769       0.88400099646959474       0.77098948483266161       0.82743675983108977       0.89084070896026768       0.75613936447388064     
  0.20515571870129851       0.35107171858589437        4.8179067148503750E-002  0.10971412330742536       0.17976822895083708       0.25716711671461889       0.17953914503453183       0.18400878174449098       0.67317534145038360       0.29474008213600172       0.38885532848016768       0.34210097586353783       0.17324042734433567     
  0.81597956059111376       0.84075537584576454       0.73805805391909907       0.86492204226144620       0.71767971155495036       0.87685009979506867       0.69049746379750443       0.75999743255739027       0.78541552878679510       0.85957805371550033       0.89255154106975132       0.84579526937718763       0.72480877215073247     
  0.22184246650938261       0.36923627698506489        5.4116188489527685E-002  0.11961244285673896       0.19197859953525803       0.28128719082958537       0.19375610512759533       0.20103150712802323       0.68459383689364561       0.30299859045758681       0.40797805991556335       0.36052749628113651       0.18569621799117381     
  0.80545854277823181       0.79036676355142210       0.75526346181359816       0.74827579254737542       0.76846529429766475       0.82670734769305187       0.72007068117556172       0.75129235012455220       0.69077149908344793       0.70097618654316318       0.72818889127234820       0.82317703290953259       0.80243133655922338     
  0.23874394450494735       0.38681843582614073        6.1546473667164661E-002  0.12969819082946435       0.20537794647982044       0.30463625853494058       0.20818619755023601       0.21778154867316649       0.69574256052225303       0.31068286636230702       0.42403183018614071       0.37596433955545372       0.20010354753483298     
  0.79045664508609137       0.80851043327559324       0.94105263096771585       0.77447749427203028       0.72808837768283630       0.74006414928870334       0.76513419885952338       0.67934217232848559       0.85875306318554578        1.0126852944614526       0.78485495162990881       0.85205465842261774       0.83856209621430911     
  0.25610555095141280       0.40339122808150490        6.9365577123731717E-002  0.14162738832272767       0.21952316428908927       0.32742049896782666       0.22065624144710183       0.23477466726362620       0.70667115280245107       0.31840086496439624       0.43958442013475252       0.39237500205065728       0.21533224445397064     
  0.80560919207694381       0.79040058577547700       0.83555343172377283       0.88115186457892636       0.67899702061427203       0.82119295580982710       0.74777942337015813       0.84377144735838849       0.80113892461841485       0.89542885668422212       0.86084180941569310       0.82045421234107507       0.83736969996271171     
  0.27235380445000273       0.41853686934364820        7.6487859902731881E-002  0.15326548149792807       0.23489587715652183       0.34976774892826634       0.23288870998449818       0.25115592463637981       0.71732901469250232       0.32518674267697534       0.45445782806323509       0.40817494752441358       0.23045497217597002     
  0.69991742842398175       0.71857795671050650       0.80790815977025165       0.75256725057010032       0.76651802436417316       0.72028705855151942       0.72153808596561775       0.86900249444438160       0.79552282246659600       0.78499831061632919       0.74827877314573332       0.79900640487929342       0.91492747625725346     
  0.28815867724157623       0.43326430281479988        8.3253745157347639E-002  0.16308372532071475       0.25017212444105974       0.37075067099840514       0.24511387171970586       0.26711585232377216       0.72690881993342260       0.33179202735107249       0.46975896142741103       0.42337567329545145       0.24573606386587396     
  0.98243883047887570       0.83467474144314902       0.74956668866709075       0.84397598722429279       0.84344757661908309       0.82147659236102377       0.73119629156211274       0.86979567360698951       0.68783072430574799       0.72090164419506897       0.72904638211683359       0.74655107717137204       0.79508719131850480     
  0.30353961809966984       0.44979760018190534        9.0214452113594329E-002  0.17246974978872370       0.26412071459222031       0.39108448169261878       0.25898282740106254       0.28277049576673413       0.73632803786439405       0.33871904614700477       0.48481620981082968       0.43726374172299443       0.26191513267956174     
  0.77777318663491457       0.86008896548927771       0.76138094567275150       0.82924480910907061       0.75318304505136102       0.76135733405408001       0.88853773328446872       0.73236620901681349       0.83336412325441866       0.95035856947192188       0.74593857269792674       0.65494194590217714       0.81652911176902554     
  0.31865180714769820       0.46695755867512800        9.7327514960390618E-002  0.18129998706350403       0.27740781819951027       0.41069630167176430       0.27375950038286961       0.29777451387670273       0.74424477712138715       0.34580959881322060       0.49927789825211433       0.45096407786051379       0.27931889713299957     
  0.68861653856891891       0.85671437483855561       0.77194329345589607       0.76152189518615099       0.75464347879573357       0.76335517299164357       0.76260655173741432       0.79318563351294613       0.66659457140504119       0.77745181753122095       0.71730178216430007       0.72455462399716808       0.95276950884142531     
  0.33382700942607546       0.48335246984195213       0.10462423945678169       0.19018326816971423       0.29046996650884560       0.43071221151252193       0.28940177233477976       0.31406119251586029       0.75222252019230207       0.35268570832754265       0.51370516796813992       0.46432647486837131       0.29695487807795284     
  0.89687307776493053       0.86095609427635822       0.76043282525162292       0.70610272872500879       0.69067591693048591       0.81296385343285271       0.72096149130134113       0.81454248541532182       0.71716242392589769       0.78383149469976143       0.75666895590648953       0.71813397758825592       0.71928846614539399     
  0.34903250546709780       0.49958661625141471       0.11211203579995588       0.20126233662903212       0.30345622705091557       0.44918450513395725       0.30550920001864923       0.33039904126309433       0.76035698835135301       0.35948325146853860       0.52825200342039813       0.47717174835407816       0.31423426113450709     
  0.72043199196953123       0.88823376079429639       0.82360018246458233       0.75063437825783785       0.76496548395440278       0.83496281546590601       0.76424466818098913       0.84446553124743129       0.81040377992513646       0.79463850106990419       0.77081329497393847       0.70678070847346186       0.70408861573569903     
  0.36407275812483297       0.51494779270340330       0.11997685195934069       0.21261527156886831       0.31813414793671407       0.46827419984984164       0.31896898853090194       0.34637850018579125       0.76855046647961134       0.36591343695426998       0.54307427967865396       0.48994576999960510       0.33045636656958632     
  0.83068031015770361       0.77404495957602526       0.76781683145200130       0.77436015744707387       0.74418229254517709       0.74834027243649948       0.68594909322799635       0.73214099380446540       0.91624263251968052       0.71361227262507476       0.87657000395426010       0.69352174603627637       0.77657794936619740     
  0.37922994883001471       0.52906542740059348       0.12813483754834143       0.22394205660704214       0.33260917036668508       0.48706738015889373       0.33196878085605597       0.36226542340987800       0.77667192321327083       0.37218253578880317       0.55787051347077121       0.50212131095064549       0.34623442918872432     
  0.81170220010309801       0.83631082237686383       0.74368569994588973       0.94511377037868094       0.77466048647609398       0.78166119482647700       0.68758939481086423       0.79981906741205766       0.83178027588910863       0.82261746688452264       0.81437431370914670       0.71215918869200856       0.71674762221189969     
  0.39427162274735078       0.54285487220582507       0.13663754365357086       0.23489379863203499       0.34666169415437315       0.50473926008315084       0.34550084095109740       0.37912008623379212       0.78505632503353817       0.37846475470341245       0.57220689316178097       0.51432915974641724       0.36233960185598479     
  0.71499131628513934       0.91465395730729804       0.79224917499172842       0.71905443483174492       0.78888202546994768       0.74119346900315575       0.81230470934659793       0.84957701299084176       0.84755337276277387       0.78238681240579844       0.87275907138273479       0.71247812336357763       0.72558276933248411     
  0.40904064677249147       0.55584920097964441       0.14548389018292621       0.24572143648522632       0.36023816360297534       0.52181192174151791       0.35970567524587954       0.39601491360967872       0.79283722374970578       0.38434530333668593       0.58564796538527519       0.52652780403978250       0.37915604117312085     
  0.95654464139488704       0.71763715665845029       0.74560487670876674       0.84535219498283587       0.81020393086906661       0.68956315887012443       0.69205979659476313       0.69715834619833794       0.75715916529097493       0.83576060855008327       0.82686893150301766       0.79647357296073973       0.75435655072152630     
  0.42568354448189871       0.56834816275693367       0.15436248792388696       0.25671616015153770       0.37328396129591368       0.53832773567749570       0.37486456440611493       0.41293374912458120       0.80050228799919998       0.39018377025635370       0.59796646984702106       0.53913786500348404       0.39643210679669660     
  0.90610285389800682       0.72166949944149539       0.72202190359070850       0.77426242383812105       0.80675261893123285       0.94142160055234214       0.82767522752971567       0.91541590891627767       0.82598606936920693       0.73997117159314874       0.80386807602215360       0.79994799140769979       0.75070337825674660     
  0.44422094474023877       0.57987247556870047       0.16337413488656191       0.26805712432350337       0.38684906829725429       0.55433810467168732       0.38982451064794238       0.43013234545716128       0.80720602405532804       0.39614159484911921       0.60986574968318275       0.55340766497998595       0.41404050609414161     
  0.79998652174088203       0.85818285666833050       0.69057286339194923       0.79668463730953498       0.76971450848734069       0.71169491439988219       0.83750052808976583       0.69572189504048509       0.92763322816532312       0.67245885018727092       0.80578922912121498       0.74932246961286153       0.74911071709492816     
  0.46250897307933653       0.59153191376713410       0.17249771881234344       0.27966166607030868       0.40169128632227380       0.56993860805098340       0.40367314328357323       0.44486613130297448       0.81348378373292551       0.40220149823432200       0.62102198115430329       0.56699585656025497       0.43005754638037291     
  0.88494478531088339       0.74738406530119073       0.63965644798703247       0.79249115892449051       0.89415388993195655       0.72761876434922679       0.73525419642610057       0.84835448732228069       0.86149975867415651       0.85936714483140209       0.74383541724582036       0.76156418481140553       0.84940160968146561     
  0.48074010356625302       0.60311379237433749       0.18166741825292756       0.29094189369492529       0.41747893954877585       0.58507796893870723       0.41754951929672313       0.45937932752371907       0.81984527915664063       0.40829776378029325       0.63159812044856534       0.58021434781318648       0.44482458099535899     
  0.77059647945437182       0.73306526520178139       0.70046892897665014       0.65324962780156093       0.79060875772551942       0.70815607191668872       0.72035836948045651       0.72899013303417770       0.74532547269495897       0.77121629563233696       0.65245082795670217       0.73988292044138115       0.82787044971842549     
  0.49838717456461085       0.61487291970606783       0.19170883262653418       0.30292658700750752       0.43437614433120963       0.59982548413588765       0.43333589999540123       0.47421888569430876       0.82612821991419916       0.41454686244188821       0.64169034074723685       0.59349248472006388       0.46186173002575326     
  0.84645197210830880       0.69341140139699942       0.74010774349793651       0.81030654572711269       0.86104832915675233       0.79362699845495488       0.78673960383467245       0.74034148436353919       0.83216101882989968       0.73055894264886900       0.67623750692875140       0.86584556125495937       0.85735232492630209     
  0.51402836079454595       0.62688400016094181       0.20228332480740768       0.31470148022857497       0.45020870932290274       0.61396368048417638       0.44891411340263709       0.48870460417145689       0.83252799563095237       0.42115320978351067       0.65187518207547002       0.60657427128589336       0.47813843297405090     
  0.78835486569526614       0.84546899240681894       0.72223221427012985       0.78652544067288732       0.69553986038798932       0.69250018888621201       0.71484267904844623       0.72805230465090376       0.82175535735608207       0.72555265628219279       0.82036319507683075       0.71267662965651524       0.80812817739535237     
  0.52989227901331359       0.63852379921167746       0.21383800983353113       0.32836843577125285       0.46532799408128611       0.62807399357884885       0.46406033930429091       0.50368916595676849       0.83903171231737406       0.42751880139638093       0.66207698705945317       0.61983343355671605       0.49335455967974168     
  0.76388717026187358       0.64211603763223013       0.71509075159625957       0.73205502495171504       0.69209056518971446       0.77991254312476999       0.71405508082344116       0.84314683643250732       0.77352369435477386       0.77457686133227655       0.77562930328520863       0.72641613352223799       0.78865247473877664     
  0.54621622855842467       0.64986378445142878       0.22533184249419053       0.34268929374424789       0.48065691591083670       0.64265754257755359       0.47875393894824902       0.51851515955061789       0.84532950128896611       0.43337396713818710       0.67194680783877947       0.63186554325827260       0.50837710073789633     
  0.73296804772279089       0.71746458209743524       0.73222072411538464       0.88793285983105730       0.80633294044152737       0.76872029088637095       0.70778691213638767       0.79748502004122235       0.79986333345362404       0.71224746411309969       0.85775258702751866       0.76278148660032352       0.65920747214418618     
  0.56205300851804740       0.66080356859209421       0.23809858808188755       0.35780227400952758       0.49582978341430395       0.65645616033567467       0.49462510730983206       0.53377817765800140       0.85144533415054124       0.43928567786165934       0.68146254327823141       0.64387989913562682       0.52392747731023914     
  0.74542156722004838       0.75364518195182373       0.91182191635509013       0.92369331357292495       0.83684407600745936       0.70393920472201166       0.87776571791147961       0.73918539583200482       0.80514947710861284       0.79469604104695901       0.70352218948540590       0.68012582473535510       0.77998542825515427     
  0.57782292052624695       0.67125357147302911       0.25108055521245892       0.37266976302193106       0.51204520223590122       0.66953456043638937       0.51014198493983642       0.54951781165740576       0.85739757862558341       0.44527607223824173       0.69119056409820567       0.65628067700273707       0.53971926454317054     
  0.77487018619759052       0.72391024912649538       0.72669970622835034       0.76398802813231914       0.63766230300335391       0.81879348938523011       0.94798681887420277       0.84467640703620961       0.77128721653965515       0.77332108107043984       0.79274385390686664       0.81735944787603176       0.79522746745559181     
  0.59377727753801401       0.68170131620775665       0.26481916163385455       0.38802032926733404       0.52928359039579775       0.68293889137356878       0.52509214001979709       0.56594284927713623       0.86252611807097823       0.45173915443463813       0.70073351766369663       0.66893104981845086       0.55433149077060451     
  0.70372048003052456       0.74066437377098260       0.70420830874758167       0.79155672917918285       0.76671485257965233       0.77302364015999780       0.76864749947857391       0.70986612331950738       0.86202301660438485       0.90102263624610668       0.83447469043039724       0.79001494090923585       0.76279287880420732     
  0.61018384593690389       0.69197957317613268       0.27897356051915917       0.40325582264831533       0.54663999172505451       0.69619216029650199       0.54041280461934660       0.58212782827904175       0.86767211357616569       0.45857451569643592       0.70910834677203538       0.68139209931280387       0.56843934800253704     
  0.73935699847699810       0.79846643391802041       0.75061154969978849       0.73788697243653933        1.0777855283643063       0.76232426941723785       0.85219186385107148       0.86923786832697847       0.71422989254420832       0.75098912430329490       0.68973205433908191       0.83455425232427061       0.79017354888783775     
  0.62662949578452454       0.70231153437101712       0.29434216576961225       0.41766687305288491       0.56422151801544607       0.70947662859379579       0.55479577885970577       0.59872505611290849       0.87265474406418697       0.46499419777080037       0.71757468016353432       0.69363317544591852       0.58218346334749160     
  0.79973768798350087       0.79202761902758989       0.77107300622639374       0.88139596245651775       0.77839116893953542       0.68339976228572097       0.69095783223785945       0.71873603814368003       0.64311148289152398       0.67134207332574214       0.64913896207818178       0.81521740360862938       0.79427203301577609     
  0.64170526743766854       0.71232352878434901       0.30949393306515383       0.43227069575552191       0.58042726292116664       0.72200910297295684       0.56938827008549431       0.61516943229026488       0.87777798740896129       0.47123217324618666       0.72597645575011105       0.70536357582579212       0.59562572789109824     
  0.77981415920056774       0.65029111583371946       0.74644546413841673       0.71686483812517887       0.79762405268777081       0.85102007197135998       0.62379977279145382       0.77004165910400113       0.67955352719630469       0.68722787643671113       0.64730285469354643       0.84194596409323874       0.75769976576166942     
  0.65698802358794717       0.72270456117476656       0.32542793950335330       0.44571862856593814       0.59509597496071531       0.73438748759550665       0.58593674398013595       0.63099038030752730       0.88284036570065183       0.47747982382218151       0.73498081469284315       0.71745336784164448       0.60900577138855527     
  0.85014034611751699       0.68552344037462121       0.77472190941254671       0.76614653334704830       0.78448344303019402       0.65289817263007832       0.87193273341706656       0.71651671522931326       0.82722136474956687       0.71241600249202064       0.70427477984292897       0.78997814086384988       0.67858277481429430     
  0.67170759748216724       0.73339769330282656       0.34167411970820927       0.45929626011986818       0.61052594897000279       0.74673807979256679       0.60204587628416362       0.64677097944126172       0.88751810721794033       0.48352417727460312       0.74441314572902584       0.73058156908454464       0.62254576708771792     
  0.67461952027113414       0.84322256262726125       0.66158611646225596       0.73703832722145035       0.69433647606829496       0.87932075190436232       0.79431869051005066       0.88649986792895208       0.68853904284817280       0.70878907578299288       0.72508799359804643       0.87449121878777325       0.67086270334854714     
  0.68653229100336977       0.74492236718193783       0.35860494384340780       0.47311577559424639       0.62660365160955811       0.75859603525450692       0.62034571017229700       0.66166583160240078       0.89155433999794431       0.48992017307044233       0.75370036116272887       0.74378153521154067       0.63655307850147058     
  0.72365311157922718       0.74936581657144874       0.83656796603058126       0.72161854615228682       0.74914964195149603       0.78053855419511564       0.80182166133467125       0.80539920541004706       0.79175402352596447       0.73089549617141814       0.89729046854477224       0.76766143298862166       0.73218776722111789     
  0.70265677195917031       0.75721435777464530       0.37570617000229811       0.48706644720871484       0.64203034120904479       0.77037399542390250       0.63826524559129783       0.67647479516930831       0.89563805003347852       0.49634692228333493       0.76333229153510995       0.75613243855450751       0.65052594444992040     
  0.74954038052101002       0.77694895182391022       0.74350721704072054       0.85937414047564376       0.85541487693205775       0.82882065803206140       0.77648659498220196       0.78299690123821153       0.75411310390826436       0.67783437729155371       0.81829101642415902       0.82675806351207892       0.70478280793630643     
  0.71887730600677902       0.76926792351594109       0.39357151964133025       0.50237875514985764       0.65686113715586492       0.78208236326524172       0.65291424203478021       0.68990297219580099       0.90008122474158037       0.50326723267779416       0.77296365916929000       0.76845852655933800       0.66349126351642018     
  0.73260850636017805       0.70576447002181686       0.64765921866652876       0.80760605092810434       0.73421053854267504       0.87271911432377725       0.73167594349681819       0.74086400439226696       0.72308855009313877       0.68314923160523544       0.80325889877457768       0.74015227502395198       0.77869733109183492     
  0.73550287532032710       0.78081604879885658       0.41208098280540217       0.51720634850959391       0.67186955327711673       0.79348447849193338       0.66808813265258093       0.70280756339389261       0.90459630052100148       0.51051529846090526       0.78321337957295112       0.78077734052573411       0.67678641328056299     
  0.75420225364292159       0.65118057541307017       0.70885502889525809       0.76738289641343882       0.79283608223144353       0.73287762807945711       0.75583344406130892       0.73606070863213979       0.72705932059283085       0.77285367915424907       0.82894214756402751       0.68977878278324889       0.72667295746168659     
  0.75228313829698290       0.79227936583152636       0.43284711421910549       0.53010383332834132       0.68712374058297410       0.80466715377760567       0.68496521023744161       0.71528344160950152       0.90849171248691085       0.51865890098858591       0.79317366059490968       0.79302581029236707       0.68971179403608496     
  0.87096027203726101       0.75532576723787426       0.84060953584026687       0.81597372327687423       0.84530988914725580       0.88143339225191486       0.91691912994706104       0.64892662155243608       0.86448361965900178       0.79522902263864081       0.71703328290677470       0.68788329867680575       0.73182991166391254     
  0.76765348163576075       0.80403457036370607       0.45352688895029675       0.54381740052406957       0.70218908899014221       0.81593913397062368       0.70219355607365308       0.72858068239547080       0.91242726853589651       0.52651489674379137       0.80377508319474111       0.80511928460019166       0.70318764517017118     
  0.85357452992590555       0.71098493158336740       0.66232089855786003       0.77544045054366817       0.80480508339580858       0.90732138277197716       0.73810939540410425       0.79619937512087047       0.68102757307185235       0.91802854264713318       0.76170639501815685       0.73667101588638340       0.73088412195894248     
  0.78298752221658452       0.81574668292554398       0.47381620654282830       0.55803944502854053       0.71695052591971653       0.82618891210553014       0.72027127193062357       0.74230551636030218       0.91678520495547133       0.53471748066332836       0.81383888839835927       0.81697504297303292       0.71782683056273011     
  0.69294265343130046       0.67919477353486202       0.67936392810866020       0.72943396458514242       0.72900375729474831       0.82758293173028652       0.80430993526862438       0.86402218710689060       0.77886357885735003       0.80214642904495015       0.77334241005034088       0.91579473727426353       0.86254505462003361     
  0.79903797503919660       0.82867110237951369       0.49550063663952798       0.57204290499856247       0.73151108180659785       0.83606537044337581       0.73776395655367055       0.75601368478875708       0.92102795903915657       0.54261440852126153       0.82404928515029130       0.82921514694829868       0.73379691697261928     
  0.91607836069224313       0.85746027980822859       0.69929468652714188       0.72182892206634430       0.72673786816719099       0.68342532029330660       0.82721223960731793       0.71223168323526620       0.72600528178225321       0.78549740250196542       0.73838256029140437       0.80402503556380200       0.68269479669996769     
  0.81471096810766652       0.84218625322512730       0.51804017010439596       0.58573471145879530       0.74589269082740939       0.84488225817705032       0.75553161591041007       0.76999747019012299       0.92500305385942116       0.54927220598563553       0.83409505303482623       0.84151669697438536       0.75135613853559369     
  0.78263376760771008       0.70784963094314302       0.82296101766489194       0.70521673718925904       0.85941408837887701       0.70302868575871547       0.87671887117766012       0.83943728959502872       0.80464259753231393       0.66181574432019863       0.73704002585894579       0.65308010672040118       0.89301340745200741     
  0.83016129171567032       0.85446245892355577       0.54055843962085603       0.60287164930693982       0.76059668115530277       0.85406166611785128       0.77327170011081892       0.78387888357499091       0.92916198878192213       0.55611323109574129       0.84413930704981677       0.85352872146094350       0.76770692676606533     
  0.71867907953577448       0.67468792193946869       0.72653758565482174       0.71743235231734270       0.75838050239397425       0.70304397473317259       0.92655114944476313       0.82133153876727705       0.75920125467062960       0.79711689214051318       0.71083460553453959       0.75855459288278337       0.76786402569984291     
  0.84516363819824236       0.86677827451585532       0.56198698292554083       0.62035035344207912       0.77617123361996998       0.86371625340696967       0.78981681795799641       0.79627911512357685       0.93307946772880679       0.56404505347632816       0.85429293817645080       0.86547962963391267       0.78312025752420467     
  0.71747779695825364       0.90694925697561735       0.70174220649811703       0.71594581250826927       0.68085248189466219       0.90795255578450862       0.93078516898541708       0.64943951896662000       0.87078340902137730       0.71457657038405953       0.77411502490562834       0.83961633021331128       0.87109290277431506     
  0.85934625744091753       0.87803591301832440       0.58998623503551761       0.64128258848695496       0.79230577440695549       0.87316956034194992       0.80637315282230781       0.80841374921866405       0.93705189311095449       0.57205009406750718       0.86449235303269389       0.87697285979931427       0.79842595759412005     
  0.72024028308414523       0.78022336980638729       0.77643320527495308       0.73649140893069343       0.84898849997540249       0.81163072353379173       0.78529214083608023       0.65161082863940090       0.85718184627337268       0.76938051810549501       0.91615817992783910       0.72478400418914601       0.88001500622451401     
  0.87349564857867124       0.88972578012255266       0.61743063795640540       0.66170423197041028       0.80900757025127856       0.88290100296914165       0.82288975027605082       0.82029317361585730       0.94083865900301789       0.58222230864948998       0.87461846535116372       0.88803547435419816       0.81353599204671845     
  0.78822044393665480       0.84743475869263374       0.70402369756225791       0.72387279358538392       0.92080383479972694       0.78247168153869762       0.86244209712021025       0.70722295320765227       0.79482553517283483       0.84574686637615981       0.81856113330271485       0.74953669358929897       0.87136715020937494     
  0.88763669869666717       0.90143044440177988       0.64792368496073638       0.68259260946417633       0.82578305938191210       0.89315012142314276       0.84010790220323639       0.83429058031270953       0.94465338270813048       0.59260486823347736       0.88498434250986902       0.89894997805147892       0.82912678273853702     
  0.77220087007633154       0.73896146495402093       0.77643733956121064       0.66097539849051479       0.78153433210560908       0.75331269465784578       0.75183506968582503       0.84118518032359324       0.72129435217720794       0.75521909243663810       0.78706020589942394       0.77052173576651417       0.77053147443910552     
  0.90070075154110696       0.91295661828352692       0.67931555122099141       0.70478539726033873       0.84440462625609813       0.90239872240289887       0.85585675620776391       0.85025273750950592       0.94883950578530096       0.60418823354512241       0.89550521203746258       0.90925470668164765       0.84508815373276436     
  0.80059206748167266       0.71056441082191424       0.87181967652613168       0.77595415707723436       0.85205749100194694       0.83394908798341605       0.67889938067219269       0.68218863313667288       0.83062651171003432       0.76269532288015607       0.76450901308180141       0.84968889660180580       0.71192777498711368     
  0.91286877838924219       0.92381821736006176       0.71082590401244428       0.72878971697950512       0.86308446928690885       0.91191784746747806       0.87163730817062757       0.86656761123423798       0.95312933910813535       0.61604609287681988       0.90553814350953510       0.91932309381064614       0.86150246362586425     
  0.65413629110442617       0.77383548157389626       0.70021505984097454       0.85892230820705617       0.93148460890982543       0.82673269667507854       0.82081780843313379       0.74012416102297474       0.83281098621290761       0.79955730534976854       0.77659763393585846       0.85139200243698521       0.88186678344421132     
  0.92432182722259904       0.93454919247675095       0.74298369768230366       0.75596755659978765       0.88128839331762809       0.92221789130333598       0.88863172375301680       0.88329898766735693       0.95737671311609751       0.62818218768947931       0.91538802495702365       0.92957859503822882       0.87830594685786267     
  0.86394185001010237       0.73500703387247057       0.73122731891365655       0.82890717478077769       0.91108663298946801       0.81030017525391407       0.82904212950659606       0.68063779442451622       0.71161595618108120       0.65656137721209018       0.81725868307066463       0.87262425748983041       0.78161258108743359     
  0.93558893693007295       0.94483208698495824       0.77594509483071039       0.78599333482459399       0.90034175377525005       0.93233864008827239       0.90608764639316053       0.90028593633559439       0.96154663061097434       0.64079077865932366       0.92541380982658095       0.93989952803995858       0.89535023402397607     
  0.68618970703468463       0.77003832274920336       0.71275861671104246       0.76396765126885458       0.90085406751741881       0.67151493676856422       0.77073560129530416       0.75128960844227766       0.79745033782224128       0.80787269327094824       0.73536090000089849       0.71508105722115511       0.75390032313989608     
  0.94676007338451107       0.95460568851387462       0.80996017995416558       0.81616749864204108       0.91908861182470925       0.94246469966782753       0.92279407217653309       0.91702019364195897       0.96589500354403990       0.65522943224917574       0.93554520058551771       0.95062103588330893       0.91245806045683597     
  0.75269010766210476       0.73026392029195430       0.78763488929812697       0.91844647625727804       0.72675826236477270       0.85417827708700078       0.69200113881605563       0.77667479828754948       0.77911284935882041       0.76518156532483950       0.88581753161609511       0.76519684840904778       0.83776896665852230     
  0.95779619357629553       0.96361739407031266       0.84509783808934935       0.84725297024333091       0.93771745148519181       0.95285632526322139       0.93841534811732386       0.93454300630573528       0.97040969584994008       0.66957357147847041       0.94712046041317643       0.96120145240211952       0.92956349469890664     
  0.76298863368619163       0.79707544110438000       0.76747711816731978       0.74994558280117307       0.70371754677138831       0.95345506158404669       0.72086138103348174       0.78290651085516483       0.70679708098224203       0.81609736426591251       0.78265263561828036       0.84617330282771053       0.85148302157548861     
  0.96935224780188456       0.97227561857146405       0.88096802069390601       0.88008597392261967       0.95253882533279333       0.96448256291404011       0.95354038807839969       0.95245143786841657       0.97628060452664733       0.69840601185773810       0.95979046152858927       0.97107955246762512       0.94625732091050818     
  0.77514121878756304       0.75193476701383266       0.74047237129728249       0.70750851001359438       0.71195615710725002       0.72283903914327441       0.76313298467517299       0.91247088267531351       0.97515820378781959       0.87645706398421597       0.77123425817368541       0.76564628126620971       0.79209778843027501     
  0.98070742958795665       0.98086450695055294       0.91689517883178762       0.91645994536241926       0.96720357863285811       0.97610216774841718       0.96884404093037546       0.96899988774105250       0.98235817015086180       0.73318417927933199       0.97253856115539472       0.98114906262216217       0.96322285659947904     
  0.76890066746209584       0.76266981907025055       0.88536610249835168       0.67296868389576525       0.78947452818748254       0.90953515836569343       0.73589103000327838       0.77341507148638799       0.89593883360130278       0.76024001851066969       0.81071357963081780       0.68840439367514716       0.75030811575639056     
  0.99041037816259669       0.99032170922142715       0.95803629917836797       0.95746873013389566       0.98349658227279291       0.98833075686543126       0.98435307358613311       0.98445146240606096       0.99088441527702131       0.84055845515458050       0.98629755841830591       0.99061841535030759       0.98172411442933050     
  0.85985060998232088       0.90934528532601855       0.86941983339831763       0.68141905886966436       0.84459769081224401       0.73175530843849779       0.72173476671932746       0.83144111665058107       0.90461624074283165        1.0905574550561907       0.90850988949149247       0.70609556537397666       0.83644971673923374     
   1.0000000000000000        1.0000000000000000        1.0000000000000000        1.0000000000000000        1.0000000000000000        1.0000000000000000        1.0000000000000000        1.0000000000000000        1.0000000000000000        1.0000000000000000        1.0000000000000000        1.0000000000000000        1.0000000000000000     
  0.91461459024646163       0.90112647559316472       0.73208062258305873       0.75122297013958084       0.75633943084978805       0.80456619654032202       0.76644724366518602       0.78873078650858852       0.62080455850874516       0.60644389523856923       0.76994289626698154       0.67347332909672919       0.82961688317739146     
   9.7220072442879424        3.6831595086498763        13.518464713319304        7.4155306707968789        7.6592600958963155        11.057146035677025        8.3081463530338304        9.4402296712096092        0.0000000000000000        12.188412343430500        7.8459932719915537        5.9802072800706245        8.7259826245518237     
   6.9038690287934887        7.4518136481205497        5.1064561551606085        8.2691036474107413        7.7813953488612411        6.6288884635167618        8.9572338296043092        8.4114533361538015        10.727331993332662        7.6703132338107967        6.4002449729625530        8.1698381479440805        8.8355938127657829     
   6.7284365092883238        7.8202590050115344        6.8989044818293106        8.1368702965530595        8.8242112716763668        8.2182478007644626        9.3420940525194371        9.0227344205394271        9.7034667676287523        7.9374416533443668        7.3115056068478319        8.5736390561330964        5.5020404879763882     
   9.4689303071764233        8.5756456477807745        4.9609643210749992        7.2676989431763115        9.7497113715176500        7.8595863306395497        9.3916681454114261        9.4368650166704189        9.8022836205551638        11.080092399582794        8.6509362519590667        8.1243855996329533        8.8084968687365777     
   9.9053440086905038        7.5840798108405743        6.8060864635442373        13.029004867031706        7.7150178351660967        7.0333055574366137        8.9299377009414407        7.7249106255678610        10.150201162547653        9.1193969981508296        8.2059656759848050        10.154765908664052        10.493273494267360     
   8.9238475544428315        10.550029175064600        5.1772925427459811        8.4695652478420982        8.7927763507179204        10.737660148320463        7.9939248675735088        8.4449199653767231        9.2596836964217726        5.4461632121280301        9.7755888832126647        11.571608831361862        8.7362940792380677     
   8.3657029574327044        7.6101706053057043        9.9268364714329511        10.334326512418491        10.046544469527905        5.6097815305713858        8.5262428466407822        7.3925634555180642        9.6437256260793536        7.2421237899917319        8.7246050178922552        7.4391657112990952        8.2482444985585737     
   7.8288312608794106        8.9670552116824283        11.396774864900944        10.573455744302722        6.9115936694467006        10.641776002372593        7.6960334771984211        8.7473921936919847        7.9147776715515290        4.5330762882453737        8.4082735883682957        8.2978274802991869        7.7944186849070851     
   2.7056708945472248E-003
           1           1           1           1           1           1           1           1           1           1           1           1           1
   1.5166095816555262E-003   1.3709800238210469E-003   2.2494526019014490E-006   7.8161132526095445        4.2241707580232909E-005   1.7120395299765914E-007
   1.9270121321764196E-005   1.9667765713301548E-005   4.1889920020883646E-006  0.19165882039305496        4.1845284889517096E-006   1.3432868437437127E-008
   1.3548737385504500E-002   9.2109191996163666     
