   0.0000000000000000        0.0000000000000000        0.0000000000000000        0.0000000000000000        0.0000000000000000        0.0000000000000000        0.0000000000000000        0.0000000000000000        0.0000000000000000        0.0000000000000000        0.0000000000000000        0.0000000000000000        0.0000000000000000     
   7.8026619932280189E-002   1.9572985484550092E-002   1.4231745898761214E-002   1.3359456808159564E-002   1.4539196252085287E-002   1.5819254677585787E-002   4.4090953163212106E-002   1.6575234386080093E-002  0.40611444162861149       0.14362235357574094        9.0772558472280593E-002   2.6431688659119885E-002   1.4970621700413736E-002
  0.63931689589305851       0.55219515375374761       0.60525557911112937       0.60790650978340999       0.61119220670845786       0.70923290233587211       0.70627066381934411       0.59178829018810231       0.51652526368969953       0.53897110065174636       0.57625312764972436       0.51652526368969953       0.56282005339227836     
  0.11622826713809145        3.9171097769316023E-002   2.4046437758364549E-002   2.6968120891934406E-002   2.9550827031467247E-002   3.1155852986788565E-002   8.5988811630072839E-002   3.2541942888749432E-002  0.49701513076712661       0.18740442159619591       0.14786259997143256        5.3951262297241356E-002   2.9628493740398734E-002
  0.62507979929175750       0.60292093757601506       0.66077620606742826       0.64061802130325951       0.79380714737155389       0.70165845745133071       0.68015737692466749       0.71747529499511620       0.63990914576083857       0.71009371194264315       0.57725212219062882       0.56141947212702970       0.64855247765723389     
  0.14384751239463012        5.3987074022046388E-002   3.3519655810334531E-002   4.1321529326654477E-002   4.5274775211169301E-002   4.6753061028846694E-002  0.12682160372706286        4.8365654431370378E-002  0.53946892697536253       0.21513536150221990       0.18625574690980257        8.1222144904652585E-002   4.5048331005183330E-002
  0.70022818674893450       0.61422788881757340       0.58450217702096208       0.69287140574841832       0.77532338572798531       0.61167765930596485       0.77572956394208137       0.65737182708210828       0.65142296080145357       0.75532199240048870       0.61989459890474086       0.57465061405382856       0.70060190930091060     
  0.16800585847751298        7.0593560036693273E-002   4.3056722216332277E-002   5.5805182869591047E-002   6.1189693985595525E-002   6.2287944811246949E-002  0.16516473399726128        6.3676682780364327E-002  0.56430947500410844       0.23389858070117217       0.22103122215151425       0.10824740192751103        6.0396209092917215E-002
  0.69700530776670933       0.57464687938812065       0.59344742989294452       0.63322638680017973       0.74990662570276034       0.65009091011403675       0.70785640698344954       0.60825815070185141       0.61021169279363618       0.61316781483024241       0.68316759849756281       0.61393291897350044       0.54616110245841110     
  0.18865618560098349        8.6710775328999692E-002   5.3245016189540806E-002   7.0260570705947212E-002   7.5517748079581101E-002   7.8631851288335095E-002  0.19955680044509491        7.8925828390437811E-002  0.58904305440937343       0.24664554749278661       0.24967015633325268       0.14092812258430934        7.5969908391216562E-002
  0.61144984229967081       0.61815406670434458       0.72981009291732601       0.60828441404839129       0.74717969580582200       0.58880896700469909       0.67833870958119191       0.59385998774553417       0.59983545179266584       0.59690419831699137       0.69425325651562853       0.59055789490744226       0.64758680159084714     
  0.20645163125525104       0.10279605288698718        6.5665191627599304E-002   8.4700619780210137E-002   8.9322200325912843E-002   9.5057868687645611E-002  0.22939575745441174        9.4034716196844337E-002  0.61214137961243098       0.25790534696687017       0.27591738282273354       0.17087112370634955        9.1160589761419011E-002
  0.65006127045144824       0.67516094048527309       0.68876079215125952       0.58419710083129428       0.78623441838658126       0.62542040231282159       0.57951537885000937       0.62482455012033467       0.57465061405382856       0.68412384481179667       0.59297672281835856       0.82874360243448331       0.58937832916837263     
  0.22348217140504728       0.11856668093508534        7.8255604787952668E-002   9.9642453737510461E-002  0.10289338325893237       0.11216039010810414       0.25634678628567448       0.10926007209901457       0.63332520697067818       0.26561863791531992       0.29529151388758046       0.19368230646729845       0.10605100530584821     
  0.66852163501338835       0.67442251745144732       0.69228384428756540       0.66909434822455871       0.65813181989008462       0.60618072320197280       0.63976946005569812       0.62185300153454659       0.66315116551770159       0.61890332149081373       0.58242874179338533       0.57605740489498114       0.60977898225840688     
  0.23848498461499926       0.13518906665276051        8.9286452096468849E-002  0.11459511327328989       0.11706250182225478       0.12959202649985485       0.28165323803288261       0.12429620455125201       0.65157216415242891       0.27335429971699038       0.31327243605791205       0.21288903263297607       0.12139271817620552     
  0.57475658505046090       0.59841454331750221       0.72103749420967034       0.64873158160614264       0.67897515295013822       0.62688859794153118       0.63673754719472031       0.60168462017011370       0.73836104116771473       0.62636215690780861       0.54814989447955886       0.53224738263840143       0.55912874742768393     
  0.25359203241388334       0.15238594866661520        9.8457958044255028E-002  0.13055001272458694       0.13141398573350835       0.14557866983465842       0.30579902416839383       0.13982753419825580       0.66730309370439644       0.28030988038044513       0.32969083204789179       0.23240455987575084       0.13716251028527229     
  0.59663268751132115       0.60195644137710247       0.59733568693230266       0.64705028143431242       0.69694696473117002       0.70014253369220258       0.69620468536184166       0.61192284727368274       0.68886971983663781       0.58754664501616971       0.66450428706570852       0.55010931937233110       0.64737503183861345     
  0.26895804839513038       0.16947081829155675       0.10693914165348216       0.14683836172281578       0.14534876091522142       0.16137886961722969       0.32954895475685664       0.15576139610974757       0.68071770866315140       0.28629263008813699       0.34397350742595406       0.25265681626870040       0.15219601263412422     
  0.63591326239802759       0.64489159528118722       0.59086838887357895       0.60506457299281913       0.62185041447458578       0.63543104918390281       0.60679350568821866       0.59484300747614727       0.63562244215009467       0.59089566287404249       0.58326005250888080       0.62543819262341238       0.57965501412401821     
  0.28485283189961219       0.18586659898636287       0.11568541196794001       0.16146142460563234       0.15872506198372888       0.17623320004139462       0.35380330793489989       0.17166476893362051       0.69254548796342130       0.29279303205311835       0.35566186404365829       0.27255250296581263       0.16667663639608982     
  0.62091108914582593       0.70695591399318958       0.64337061455610989       0.60480827335324894       0.54691438276666460       0.67029482350955949       0.59036092175716792       0.64471104764554399       0.55510666688796473       0.61668667387394882       0.52025035779691087       0.58521493621446008       0.60767091532082074     
  0.30024270821320875       0.20192055859282743       0.12552823403863025       0.17651680914913107       0.17316378626957624       0.19076540946216111       0.37849872771164539       0.18688049469987084       0.70374518482440107       0.29792090955808442       0.36782688906371264       0.29116889034927812       0.18167915852718441     
  0.58396280333176309       0.65726082145016362       0.64765733324296237       0.54531670246796260       0.70087051656078936       0.59711291700471625       0.57423589427584842       0.67878225924711211       0.60021780215510279       0.62535598820304061       0.52789251245522695       0.67810984175010802       0.58785758900218821     
  0.31507034962596997       0.21770380587704810       0.13705538270050116       0.19093201232494658       0.18722160952368955       0.20545984729546374       0.40197753853099583       0.20124345336307850       0.71448041315689836       0.30236411562137550       0.37996970058896168       0.30838143472950025       0.19693037974921657     
  0.54144054458678059       0.78400495980232521       0.66432460466827437       0.55338557935413246       0.68398617466330747       0.66730759888038038       0.68184966350669340       0.67175633281108127       0.59477241332460562       0.52327388277046827       0.55385178108922217       0.62211247878948739       0.61490005178254625     
  0.32821505864908229       0.23460055755778070       0.14801381282501089       0.20509957240208607       0.19982939661601426       0.22078360375551920       0.42421751343402314       0.21495582778945654       0.72521883488054595       0.30654772078104198       0.39627039734808422       0.32462053904712795       0.21303723794421942     
  0.69133685508066500       0.67431539324537060       0.59639219427349044       0.56639697137284428       0.60251177434035963       0.55402305526763973       0.64358721153699250       0.62331261170318808       0.72175790899093795       0.55353059808137017       0.55993657921830320       0.58802133215266195       0.57424554682166506     
  0.34018226379514516       0.25196323504958812       0.15896434843142634       0.21938750312462127       0.21218434849197987       0.23628352128210772       0.44565285106501218       0.22904932206552453       0.73458077699111901       0.31045468090810285       0.41420441371548355       0.34082785726694492       0.22851157994355792     
  0.60752088426608686       0.72770937321671914       0.61776604836149884       0.60758917865969497       0.56481284442866353       0.57719909926253643       0.53379485871008880       0.59535106753062084       0.64208336370624042       0.50361844108874032       0.63977206819795673       0.58362864012111959       0.67198096774819904     
  0.35244029158415940       0.26952825874079578       0.16922024311803954       0.23467068837576013       0.22406967434623168       0.25172852606230789       0.46554159196084027       0.24333322832778101       0.74348267753239028       0.31615379027669516       0.43213666078709145       0.35671842054900110       0.24386948027095279     
  0.66321987865692655       0.66308416896705746       0.54563137732933076       0.64210925931665497       0.68510391234696633       0.58737869194468195       0.56544021753495843       0.67778227363808397       0.70837674581014853       0.54364064895616315       0.63182387723119793       0.63143108781639024       0.62385403995798405     
  0.36488700260984114       0.28628610567440133       0.17922743859386919       0.25051260817765397       0.23543049763485074       0.26687638487732690       0.48527446900020105       0.25728346653879275       0.75149807475319641       0.32231382293448646       0.44955420566114074       0.37256565103174993       0.25951443988356832     
  0.57610267152096262       0.62741486994947460       0.55774655791628036       0.66820011568932181       0.63704792666342180       0.59692263839186588       0.52803730955199690       0.65973239073190915       0.69902805657973088       0.61689723063951463       0.71637633516798771       0.58787189410637331       0.60370233352526237     
  0.37678524755387283       0.30259044392572648       0.18907438059411008       0.26611719018562557       0.24671241964215870       0.28203567519046963       0.50551309829046798       0.27240518918028062       0.75901961464588785       0.32884292663545084       0.46569335024902769       0.38885870930148941       0.27602381895375944     
  0.59400372033812188       0.54994620980409170       0.70500496931107703       0.62103236188891453       0.62044531160372673       0.64879392067937247       0.67016714548880507       0.61548554135260936       0.61486208700951306       0.64003788360128133       0.64613224694171456       0.69808174825247604       0.63783789493080978     
  0.38830025712264060       0.31825874752552774       0.19946875485469964       0.28179498282232773       0.25853827341226515       0.29722772275640141       0.52498983704108870       0.28730912618086907       0.76578743388958515       0.33470883476127722       0.48110793800637369       0.40503667603020455       0.29046482108459237     
  0.59825759498261633       0.67183609251828225       0.57876026116820001       0.61736195821820128       0.64947787803163659       0.56537537313697728       0.57363370603035757       0.60606909402158116       0.59304020063341778       0.58829091668498157       0.63086036107624821       0.56548949658424630       0.70170899458432956     
  0.40072376581751284       0.33349994200536087       0.21065917136999052       0.29794824020071209       0.27113374213406410       0.31282302261407186       0.54384089829113302       0.30303203927872963       0.77231490611181375       0.34016626764840818       0.49618527464688839       0.42082961943023411       0.30360019785403841     
  0.58326675794763139       0.59573714641864373       0.56372847581832775       0.67317863221079643       0.58289972797949574       0.51778784474092809       0.61635388714509454       0.61150697919616559       0.59313078849095580       0.61388005313978600       0.58087630153511194       0.68863968484371962       0.57298804202457443     
  0.41447727688372993       0.34759043134715001       0.22288170601286908       0.31438219430324171       0.28367758964378109       0.32837225439302276       0.56233827189396490       0.31910373730061259       0.77862012652188239       0.34584983797044577       0.51046527303995770       0.43607954725714171       0.31706622081720248     
  0.63808655756481802       0.56321789628782837       0.63477673952946156       0.58267948205889786       0.57771754013788112       0.57562457031703518       0.63301658247747761       0.59144394378444798       0.64562926311562985       0.58562599904526025       0.65999181105999838       0.64316529046865845       0.60267892456384942     
  0.42777504331487765       0.36233018977064746       0.23455556219467430       0.33010591917393267       0.29629412000998528       0.34247789102633697       0.58044041313475059       0.33581942823350158       0.78486980825634389       0.35207610268489770       0.52436911718193557       0.45017537764661297       0.33027537464164036     
  0.58489800204255971       0.59921917888528375       0.63931689589305851       0.58334440027397017       0.59970075299742187       0.59448752207712807       0.62422166298449988       0.73410001314057316       0.58610031056303558       0.63444827440496332       0.60266986037250736       0.58900020275809817       0.64432037764325134     
  0.44086975825032598       0.37700250025239784       0.24604422705419079       0.34563847213355264       0.30883016897997734       0.35384928834759327       0.59727434477135044       0.35307971671893806       0.79095609778721843       0.35858231238983818       0.53755393697814935       0.46322083688868876       0.34342524402787511     
  0.71157582327440194       0.62485077435724534       0.68570967466309896       0.62992260150484380       0.53177788145820870       0.55416893668497014       0.58200733533676230       0.64252154828109420       0.68951495949089336       0.55034624485274652       0.60429285704319335       0.62418156607524355       0.59217041267663151     
  0.45361941289082358       0.39150937172353928       0.25773171829390173       0.36118085828365415       0.32153367831116020       0.36502483890399351       0.61293080575161174       0.36993159586779217       0.79656038678656094       0.36498103516964986       0.55011055330680625       0.47626640014933158       0.35711042235722018     
  0.71702364701891141       0.61296000084769142       0.68313227513777197       0.68212604705026925       0.63916585935167469       0.61279447840949441       0.59334583498287352       0.67103275356948344       0.54643947556975292       0.59930342789397761       0.58312909126176637       0.56961414274621969       0.64663247434819915     
  0.46649815975913028       0.40567182632713772       0.27017980123642260       0.37700866442777492       0.33460965427470590       0.37597220514195417       0.62747556015653116       0.38667230421145776       0.80259328759007253       0.37122570410454581       0.56255804967927214       0.48872926353844037       0.37118335041351730     
  0.64061643651820765       0.59327741151864322       0.62011964924580165       0.72026226388422743       0.66778525275902556       0.60890993954781791       0.55693707147865112       0.62892581371247336       0.63124193355930158       0.71233860300689444       0.68205274801416793       0.59405872021370276       0.55196347393959377     
  0.47853177333839514       0.42006733307258109       0.28623676279968457       0.39370970734314131       0.34836241152998576       0.38892176004414569       0.64194238821291727       0.40297373991614532       0.80868234817139295       0.37738953107746886       0.57509852450569121       0.50263593680304308       0.38452897355051191     
  0.64095378104898759       0.59707321691753201       0.77327105218729852       0.60413412443128822       0.55718278690353429       0.59079981218526234       0.57113647384368138       0.65828679485472852       0.54740550071585403       0.62520883145959916       0.65087870906511935       0.62178250333040241       0.69561886445738064     
  0.49033922349604098       0.43505941286120392       0.30180743682932870       0.40982141156531449       0.36055739908469026       0.40472724038831587       0.65559821428876275       0.41926090802606369       0.81498045365320670       0.38351208575822826       0.58743612785516663       0.51580276685499538       0.39743501415165361     
  0.58725851343895730       0.55490017763697130       0.65227270485068189       0.71074743703051546       0.70774651870748662       0.63701050927722980       0.58293782946563766       0.67197078299688884       0.54455116874163201       0.73398722968139007       0.67156100617855219       0.59237964039419400       0.56979640139488741     
  0.50297317745622383       0.45056477292232500       0.31833870496893424       0.42529347094242609       0.37048121912602017       0.42118134204263669       0.67184101958015296       0.43051818817497917       0.82115589534102129       0.38971678059123088       0.59927416280498891       0.52979082768084962       0.41110043763111892     
  0.64458267820750348       0.59871859979679609       0.70802891065094975       0.64939468230727615       0.60361250235124075       0.59885234119053410       0.58932338871095780       0.58315409585952005       0.67320648995803145       0.68301407649560608       0.75081833021719002       0.59244111461808646       0.61562880423386657     
  0.51686422079030769       0.46546912962187009       0.33443069268470299       0.44062148721873146       0.38035346270268894       0.43812475677656987       0.68817511077966242       0.44175500949497631       0.82703094843242275       0.39641091252256178       0.61115974402632367       0.54415182567799780       0.42573189643502118     
  0.69213798846256402       0.56696478221363567       0.67208769115774236       0.57619507900423550       0.58057853975529983       0.63833972565594355       0.80954465061556025       0.63295769609755836       0.59356097300008270       0.61674025098218577       0.65641150530542047       0.67403128178262439       0.66391640435837584     
  0.53232656140812529       0.48069367239988747       0.35026962120919647       0.45592569645393932       0.39044619184401136       0.45421892869075076       0.70395828573758301       0.45306208733620190       0.83247495238865843       0.40361157229551659       0.62314414942383534       0.55920236496467457       0.44090565038953733     
  0.70756468086751767       0.59978751330213265       0.63552483032680840       0.63543062620102808       0.58744304537597192       0.63371940847749664       0.56423905666884111       0.58441584559263049       0.63786551665874425       0.58668102639792929       0.69735312576632358       0.71602669588456225       0.58713011990247688     
  0.54733204074416042       0.49313118335854289       0.36559953652847321       0.47183018998584503       0.40232093775290217       0.46956391386229313       0.71934601718893310       0.46442303497058152       0.83756890211684420       0.41105062587941171       0.63397883426561308       0.57445158786079764       0.45581454556138373     
  0.60992157726276641       0.60559733341499078       0.78515361022922148       0.61982021768246343       0.56496027510819746       0.64024632691131300       0.60778035940590602       0.57978433479496472       0.65956351754035347       0.67723258019225518       0.60002161971589785       0.65643337648503308       0.71732184630118745     
  0.56172788962143949       0.50582407912139749       0.38024283755456006       0.48727188013957762       0.41430648183604230       0.48374954197080289       0.73421988777185887       0.47940444432883383       0.84361733763421387       0.41927591796967623       0.64411506605955771       0.58907369359314543       0.47019526585781807     
  0.66147418143383474       0.60470063756294734       0.62563746062938086       0.64498256130467735       0.62905012894047585       0.60340100900972060       0.56264447943672735       0.63789809190146041       0.66534407252744165       0.73788496784169311       0.57851907507188394       0.64396617489824681       0.55355314678584344     
  0.57566374480347993       0.51994639383477637       0.39446818826819352       0.50054571128240477       0.42559558734959507       0.49784879933485582       0.74850619157842935       0.49091170827865654       0.84956895134064347       0.42706719857314429       0.65335070098757242       0.60299402805246394       0.48632025322568961     
  0.81845527863882839       0.55737769438414142       0.60596909489580431       0.63481352867195562       0.57984663180136931       0.61828234290143314       0.66120563301296886       0.58542576628463439       0.65944353707084857       0.57277037250262530       0.58041444886894555       0.64400106558155634       0.68799573409533010     
  0.58941199095411556       0.53582657822781476       0.40866965006843048       0.51354904114745237       0.43687635029691801       0.51028999249211060       0.76195078159664165       0.50339768373455507       0.85537931646891574       0.43395876169263270       0.66324531563083200       0.61623210105305626       0.50237169949819016     
  0.71822895316218749       0.64459430813692775       0.56429732672058563       0.61245581371066526       0.56803693925015253       0.61866222718070607       0.62190415909606278       0.57986335568945957       0.63580573420806696       0.57216124454511985       0.65229807707653198       0.55812469084775751       0.63374732701234027     
  0.60275219234848232       0.55187410125562475       0.42353731319491245       0.53080453986850440       0.44872124520843748       0.52237186730963081       0.77501921031371168       0.51671206750174337       0.86090550355312645       0.44044782194947735       0.67295073413321160       0.62967116382625488       0.51871843839973786     
  0.61270460411309446       0.63177783694093315       0.73238500874285306       0.66850342272670160       0.57636719619275478       0.59802213057066322       0.64745953208447526       0.60815854266789682       0.65608704827287445       0.59689913664175442       0.67810901967377757       0.66798628370444835       0.66192088205625743     
  0.61606039972543059       0.56845255814924167       0.43901225779150782       0.54657457631156037       0.46234771424006688       0.53410592001369195       0.78689054241721212       0.53079356511748221       0.86646111466782449       0.44732306947317285       0.68240932652426500       0.64439501075254768       0.53547237835234185     
  0.52371583598198268       0.70765964316148422       0.58378735262127979       0.57549933026077094       0.62437173918206934       0.54908542180343600       0.65979197609171247       0.62382308436765932       0.66459979967592286       0.66187982878718798       0.61205165504590797       0.68860989533259620       0.68064178639556039     
  0.62895349996256111       0.58603770780863540       0.45598256648340635       0.56578533683107024       0.47769810439517030       0.54844200800084619       0.79766040130016413       0.54533542864219120       0.87185594336144645       0.45439005104526820       0.69190239019900202       0.65673323264416017       0.55305155627766722     
  0.63482254970309204       0.63023434372933496       0.67188368777454033       0.68443458928372081       0.68844905675695567       0.69738758489494956       0.65264824105163888       0.59234160372124722       0.68377827541586977       0.62499044128553538       0.57596086903326271       0.64895800382634183       0.65171127241943860     
  0.64175284923210885       0.60389633925528785       0.47059649141720172       0.58095666261050949       0.49372443454700193       0.56312582571522130       0.80846016064157145       0.56163284204345254       0.87708194094872871       0.46187869055999431       0.70102537844926316       0.66847433484257035       0.57141174615281598     
  0.73341031023065184       0.68836413176744615       0.66409545217943911       0.67220226215677958       0.63651981976140115       0.68918728837314680       0.58335227291507286       0.66944141905832488       0.55764912070102313       0.65006034023984127       0.57602768038994934       0.62078319053269460       0.68696405217185563     
  0.65439535640994018       0.62081671923108006       0.48469193552456241       0.59584387411198403       0.51076958651614124       0.57632880586243029       0.81856903973232309       0.58016616859373926       0.88210636319055313       0.47030587028161602       0.71017708073075481       0.68132729160190875       0.59098573893492312     
  0.65508441392423511       0.62819435915104171       0.63528777200812236       0.64574929625888966       0.73688951712852802       0.72259744620913335       0.57197303925097953       0.77220612342607731       0.69887281291788306       0.64208674414703826       0.55712938706167969       0.60331431395708168       0.70181963593047814     
  0.66655381187936680       0.63548403464170578       0.49995452755606556       0.61041078530151260       0.52730686922665704       0.59273211415324556       0.82905840446134582       0.59862678554483417       0.88677054625065377       0.47895402607624493       0.72047816285824196       0.69467995474696664       0.61103577391193464     
  0.59126411683105762       0.70685286331713626       0.56765225971828637       0.69426504757377994       0.76427679287263039       0.57957015433597037       0.57707599758708628       0.57993846898747237       0.61232175784985177       0.66516534851794107       0.66681214515440668       0.62030313531327907       0.63736710323126322     
  0.67793282500599150       0.65058501717817874       0.51474609899010793       0.62295056955074279       0.54299931751232822       0.60850800746942124       0.84008447570428502       0.61637464495623151       0.89133888119587146       0.48792360913656185       0.73068963094050565       0.70879117634740696       0.62801966905984830     
  0.73502081345206904       0.61490397845120404       0.57177539782326092       0.55864520686883301       0.60420291946782057       0.74931815180395467       0.64858396216790271       0.64210097852521497       0.65734258615451246       0.72421830603771475       0.60943034849711530       0.75889049649973039       0.62765144788310134     
  0.68896322030226520       0.66476707078686181       0.53209868646604441       0.64020530932889175       0.55989622808690309       0.62557148394675310       0.85045405260669249       0.63466209203118351       0.89607504066068933       0.49686160322199063       0.74105527825691675       0.72380780451787285       0.64526734173027744     
  0.60309883721228430       0.59154548062568668       0.55782338073980275       0.64878200498781957       0.65411494577769547       0.66242677502743152       0.77493300761146455       0.65835097531636066       0.62570576263971744       0.71731761911679459       0.64515697281036677       0.62781901794842643       0.65891431043386794     
  0.70053355328908296       0.68062251088999215       0.55041700531729332       0.65891879304711776       0.57718778488794242       0.64227091702705830       0.85965656944000224       0.65330435200993120       0.90095854424336463       0.50535935951675959       0.75171896076109068       0.73865829275908335       0.66006319518511292     
  0.56584088850548864       0.71670189744904522       0.61320224686672542       0.65412233023300326       0.74802782528555756       0.69436807681755697       0.64194187486572196       0.81188983214781840       0.59151407747969909       0.74384776316033163       0.70517986294552637       0.77454249200816638       0.56203682663859655     
  0.71184861278288947       0.69797980097414147       0.57018690725214216       0.67796609090988069       0.59412469625435060       0.65991384257730312       0.86875609646855945       0.67134978509664389       0.90607968965578989       0.51361186969231798       0.76257367043834345       0.75250666850745140       0.67470031632545235     
  0.57301847036878584       0.66140859329144530       0.58253332939077140       0.59097543800121766       0.64165337073820683       0.63691206809889156       0.56534048549071259       0.71207350112059609       0.59076045679555911       0.62141058883063816       0.61883697655564529       0.63716287037869546       0.55622655679424471     
  0.72477288874517687       0.71350880163392949       0.59011136652175356       0.69643123281363772       0.61316564664058915       0.67852617985434704       0.87790723605223486       0.68892242549777771       0.91027801578565437       0.52206147187052243       0.77413217274884794       0.76603218527808692       0.69192476752918819     
  0.69670889223561205       0.62969268461043026       0.70343837095570005       0.73412644188625720       0.72203318021588359       0.61524525736639635       0.68611745690840520       0.62762279489289441       0.66429286520821640       0.69891406591660199       0.72335434040571844       0.78273452311629355       0.65554111600070919     
  0.73774385260065878       0.72841230663506540       0.61075699017027607       0.71438477462943151       0.63222377439788802       0.69735665884708420       0.88664727554037170       0.70686771772370383       0.91446551513472507       0.53077154023290163       0.78564559653161337       0.77922653258480690       0.70863441260062787     
  0.67378310090816085       0.65337145191522761       0.57451554362324053       0.71926158325167311       0.61717606997798213       0.78434350460970248       0.72171500284834378       0.65650115074955284       0.64134071663459269       0.65238232611880875       0.78613315930265604       0.68467655794981686       0.67070055512810034     
  0.75011495841887244       0.74344086938159060       0.63196485067653529       0.73137855413767783       0.64961442796641344       0.71677983861078498       0.89458165843966475       0.72566983862098788       0.91813231317735278       0.53955390559150840       0.79695990219395674       0.79258220233991217       0.72620526703845922     
  0.59010856190456440       0.57057889424094455       0.58312330809730928       0.65994147556604255       0.58188364445808372       0.67455729180913271       0.58077582438935760       0.59399272374386902       0.61960567617172990       0.68593188697748886       0.68824616625386392       0.67645989419227259       0.67335008025529164     
  0.76294123234541711       0.76009434539376297       0.65238819870793285       0.74807363047258857       0.66245239354342633       0.73526219061602216       0.90209809297642518       0.74394074375777286       0.92168746598672691       0.54860777272812300       0.80788775190345052       0.80577832201132471       0.74383461848278032     
  0.63440657519379529       0.67335282153698073       0.55546658922782255       0.68550320848160917       0.53942626295382468       0.73974001834488889       0.62540098671248701       0.59451365468888118       0.51278239481196086       0.68616601187897763       0.67359649518726938       0.77274308547383996       0.64654852601830637     
  0.77539887486513759       0.77850999074102090       0.67376482913456315       0.76263760801282010       0.67549998844193304       0.75226575464461876       0.90945271413511686       0.76084941408193707       0.92564761207960544       0.55848341307306149       0.81878301879263371       0.81909085586629504       0.76207183310863569     
  0.61635306335953621       0.68270928651148322       0.68175294595573854       0.64150397039372209       0.61178562411512993       0.68605435384328184       0.67968033448795595       0.66111197567268720       0.66268221487763179       0.69548664254420001       0.67913251970962518       0.65831578875719998       0.79384919106897867     
  0.78629934918825684       0.79415377498419637       0.69577651838024979       0.77669370796786719       0.68900233913875641       0.76810821973488619       0.91646618430737425       0.77703577314601957       0.92980365993641090       0.56768641118879593       0.82956438127090970       0.83199753787129305       0.78108751512086161     
  0.62063117727049155       0.63317950522021182       0.69188824143434169       0.60416507990519119       0.54670638164455065       0.67534229451555516       0.73809306940029351       0.55446580398391965       0.62029659429299366       0.65195042115985624       0.67428046671094710       0.63575350065349800       0.59871262948365978     
  0.79930254929010680       0.80633217821102698       0.71814620379906025       0.79057852923996152       0.70338707258137267       0.78336587403978020       0.92372577384371057       0.79313062665508371       0.93405250032503850       0.57672994769367891       0.84049908726372724       0.84466904038121404       0.80010963934631041     
  0.59848063662850481       0.53459357795194051       0.66253321911748542       0.55382900124822432       0.57465061405382856       0.57009228237804466       0.58909534427070687       0.66951360772347246       0.65903337693099850       0.64888073923160949       0.62491415889887514       0.67255947563482910       0.73779548801304140     
  0.81298293803981503       0.81855503998643731       0.73959554359655622       0.80536991871894903       0.72330963012274019       0.79829608869299207       0.93113298056289773       0.80954599412735329       0.93841752115980481       0.58586239286979191       0.85213448307895845       0.85772386625479591       0.81823651292796085     
  0.68763942965742153       0.61416666533380315       0.62378244323443721       0.69235291336715143       0.70811884830668148       0.66467201827756206       0.53483253154982102       0.72546617398507940       0.60418922940475661       0.63183690325815800       0.74631222603494995       0.67332279899145064       0.67865448240880555     
  0.82224077779362670       0.83119298578579348       0.76115098316734686       0.82116612007816625       0.74742146072704174       0.81284699123604165       0.93842383916643479       0.82544797361863353       0.94281256895295973       0.59635456062124304       0.86404178601150894       0.87140444905755121       0.83646703533813405     
  0.53902880854774016       0.57465061405382856       0.67817963979559204       0.56899662303338272       0.59721706196085600       0.67304605111272509       0.67583346531551269       0.60561380558460254       0.62487063201128434       0.65763320438154260       0.64776333031617039       0.72997866390463939       0.76889465583530159     
  0.83108422979776320       0.84594953359392699       0.78282207518951819       0.83594138258809347       0.77104150051222609       0.82810306428282421       0.94560503618524838       0.84089654628753885       0.94716107237678981       0.60776718459445767       0.87542298564795029       0.88496018412618693       0.85569032733766937     
  0.60059407575497947       0.81326776723517225       0.62683625537966392       0.60463984833568452       0.71058183396530095       0.65150917530035390       0.55347889516081894       0.69028426218060734       0.64386138391113712       0.67147554476433080       0.61516376448712839       0.62585417404732535       0.68386123259337361     
  0.84042989353877162       0.86410629687112728       0.80489460240573074       0.85117914132075823       0.79405054474606607       0.84309337963922948       0.95249641895166948       0.85647260975267669       0.95148552370491823       0.61998958592862852       0.88698481029465481       0.89794714224632244       0.87596759669418833     
  0.58979503278399681       0.59348763644931513       0.61626783591336154       0.58990245242401229       0.70091597923862070       0.63645351136646477       0.70424771211096882       0.64003217285649339       0.78669456469098531       0.78127763446045217       0.64769304225686763       0.75071678955646093       0.78457711700715926     
  0.85169921589983766       0.88188861451058431       0.82699007062913410       0.86701261727954837       0.81611341464204912       0.85906320069768816       0.95935851588600696       0.87163055530876310       0.95594275430939413       0.63337428426682763       0.89813636326570634       0.91070248504655404       0.89553567211054974     
  0.53295812858270208       0.79783278904496469       0.74056476381040437       0.62927989268342255       0.61476234055358159       0.72594064982139084       0.73279429965551668       0.64599832030450821       0.67516807400500611       0.65787494990484419       0.74108413256771832       0.78264202191329868       0.70383003367859165     
  0.86815510869150625       0.89871801678238838       0.84852447193988645       0.88468380726611362       0.83834031835012657       0.87501573963124346       0.96611079382024834       0.88482857763280875       0.96048088776537499       0.64746509371394867       0.90848651688456838       0.92307110847720653       0.91468531546510579     
  0.59347840676816332       0.67160061380779734       0.57955051303115401       0.76543667760678125       0.63009319971874578       0.64560561301830877       0.60642722974248875       0.56329545608184417       0.73728011889364853       0.73360174773691855       0.59565647338208294       0.61121252765467748       0.71907743082532261     
  0.88487476878036664       0.91446593580049562       0.87001826592216347       0.90174562501843858       0.86177261618321688       0.89193980779837390       0.97063169528158055       0.89928384046334819       0.96514657396618486       0.66199664004408820       0.91947018737582886       0.93442438619764090       0.92883059594052630     
  0.70981332707857192       0.69247494050451819       0.51482804415385619       0.64121070942305680       0.73007353735851221       0.70872024988761728       0.57544371067542466       0.62994023140940680       0.67039946468804157       0.66148139918978366       0.62667582383671849       0.56100713375073241       0.59826194332677762     
  0.90140597030217096       0.92927788191919181       0.89166108342956019       0.91872758889773409       0.88632985319042956       0.90877395606783762       0.97512912251992234       0.91566474840117618       0.96990537013101663       0.67696497712850878       0.93089961378299257       0.94550982288462382       0.94027012505337348     
  0.67423212950194755       0.63584216653842196       0.73151740312907387       0.67484794675349102       0.64439070962112643       0.57280320639740256       0.65546126348747846       0.58681825293734502       0.59337242977768012       0.63057312559996881       0.69005940957003664       0.64542380119538101       0.60689785335864399     
  0.91810972915466782       0.94415234211268650       0.91414059470563702       0.93559227373988563       0.91112914475668560       0.92678059061403151       0.97964012714017679       0.93186830770563323       0.97559837815694206       0.69273209200939723       0.94304691038559374       0.95662665125106383       0.95098706742068473     
  0.67771423914959750       0.68683745710523569       0.60925422481689295       0.63111639961165578       0.55470775428155761       0.63452859565604791       0.76632561254925080       0.67056383227747929       0.72589442836012008       0.71347951018882660       0.76688118185750531       0.63236644842146661       0.57670605636484362     
  0.93451195019505029       0.95910640926478108       0.93661638610377418       0.95267445176221177       0.93397212139363661       0.94592237074323415       0.98403334389901898       0.94882504521700528       0.98143863741928550       0.71032503491165255       0.95598082783625826       0.96779386948452262       0.96076551019556955     
  0.75846345414648531       0.66664185953835464       0.73030723535995490       0.62470529924265350       0.65863462572633702       0.61059842435973355       0.67034169801929899       0.63700970445202243       0.70161945030127648       0.55103336373744471       0.59648580314176025       0.65671373836148927       0.57111125663480644     
  0.95263608482927453       0.97417088257913120       0.96071933112858476       0.97110961100435911       0.95576174846640438       0.96438610952664683       0.98910270741160189       0.96580318745714433       0.98729031813161594       0.74464156807175619       0.96934158741527732       0.97869324232989885       0.97395434475786402     
  0.61309068929229149       0.63948906711856401       0.66249214747736496       0.76336236283541059       0.52334378977000662       0.62013138035657223       0.73475420489646170       0.73967095515478365       0.76000071284566229       0.67233022746906812       0.69493464146326733       0.56731298732612245       0.68742790663667852     
  0.97560748443524281       0.98718857892658574       0.97984512489675057       0.98494323887949642       0.97789106491939393       0.98280869239027580       0.99461776293516391       0.98345097734346376       0.99346137489845399       0.81304973557774651       0.98459418305978830       0.98915635669580204       0.98690483184198896     
  0.77543643073031943       0.63624052957643029       0.57779115858972885       0.63363038400514904       0.66048640761972910       0.67823138243302905       0.78083860989613008       0.63759095901994889       0.77642087513728952       0.61750717315779546       0.70520028132717349       0.59245606463889322       0.63779774655316723     
   1.0000000000000000        1.0000000000000000        1.0000000000000000        1.0000000000000000        1.0000000000000000        1.0000000000000000        1.0000000000000000        1.0000000000000000        1.0000000000000000        1.0000000000000000        1.0000000000000000        1.0000000000000000        1.0000000000000000     
  0.64233711737336785       0.76173326882216752       0.69305755436768623       0.69434983442615394       0.54992608607295579       0.74702762898691177       0.76144614404169819       0.63599537598276779       0.51652526368969953       0.51652526368969953       0.61352039997825814       0.63807102496660184       0.60328730123532148     
   4.8598426992446182        8.9388410351585605        6.5920694360782015        10.672517549499670        10.929028616320199        7.5318902019795528        8.6073847545272528        7.3528830708970512        0.0000000000000000        9.9404613445167964        6.6084937804464001        8.9313688632141375        7.4200608562219443     
   6.2544856435080201        5.5431392402725166        13.673879496184183        9.1213267850005231        8.5777902260845487        8.2448668707360184        6.6055818975233631        9.3556221729273759        10.984497836752018        6.0522747233879288        7.1066714075299444        6.7414470728415505        9.3441638014213186     
   10.058525594271094        6.3904012892654141        8.4474892232516492        7.7204857900051085        12.611958039263175        10.289354505145097        7.2203483586182884        7.2716633125048320        10.827962560054345        9.2718483308120216        10.043868018864806        6.0690552371468796        11.727443113799071     
   12.743780836828714        7.0505726822672701        7.1104343387270559        10.727277568762434        9.1807590937782084        5.8803055036166301        5.2694681178084686        9.1394906136311320        11.416120561443158        7.3221229118272477        8.3098078685509300        8.5769105624426469        10.719607508185652     
   8.8852157996671206        7.2525369047365649        6.5121490430687237        6.2940028547215148        8.9339342890799625        6.8077292081586140        5.6871774806901634        13.390926912332391        9.8824505625096961        8.2913635428195640        5.5671360558082519        7.5294767028607064        7.3195815477025592     
   7.6083500323551467        14.310197320173689        8.0279249849354368        6.1035369271847051        6.6565126791848011        7.3089608701202167        3.6362298613731783        7.9964709950681989        8.6533010662030136        9.1002860354491908        10.656188244889426        11.876970738101358        7.9401830057685210     
   6.8309194479864317        6.8741497844785568        5.7358389542247581        9.0849834267477227        5.6840512046969103        11.732114075500728        5.0999704056764186        6.7842596570373530        9.7718430732319330        5.5905320725605812        6.9281620789003524        7.1665977442982225        6.8914413311925378     
   6.2268656346581670        9.6784386498454786        6.3882753995167825        6.6921412543179262        4.4674215068962786        6.7052420995344013        15.275051359919038        8.7851700495465810        7.9214911698668065        4.3514971208702447        8.8658818499539152        8.4071924322879124        6.4691394286104220     
   8.1669608928020630E-005
           1           1           1           1           1           1           1           1           1           1           1           1           1
   8.9479634530232938E-005   8.2627795056028873E-005  -5.9968386304041823E-008   8.5218580439893508        1.5687827812232887E-006   2.9535007074279442E-009
   1.1782215056950695E-006   1.1906730770016307E-006   2.3834715122144536E-007  0.33867071540441090        2.3827391287186899E-007   4.6057694346939902E-010
   5.0000000000000001E-003   8.8662025132089664     
