   0.0000000000000000        0.0000000000000000        0.0000000000000000        0.0000000000000000        0.0000000000000000        0.0000000000000000        0.0000000000000000        0.0000000000000000        0.0000000000000000        0.0000000000000000        0.0000000000000000        0.0000000000000000        0.0000000000000000     
   5.3335977120329216E-004   2.4788331441298550E-002   1.4852100697349799E-002   1.6798166653772449E-002   3.1953719726221692E-002   2.0246166300087944E-002   8.8879815859732120E-002   1.2068086337584877E-002  0.27502180263371856       0.20208808253152999       0.10599385703354156        3.9674219453246541E-002   1.7104078932785979E-002
  0.55497759422474169       0.70881544626343407       0.77337160128827120       0.75409413218842547       0.76665504245854244       0.87686223775913286       0.67330693870885405       0.63216999994113710       0.56074857516523646       0.59319376316991790       0.66670603958597807       0.67159204222890989       0.78767323197876027     
   9.5059579684571857E-004   4.7573808725516517E-002   3.0160721191560221E-002   3.4024726505362715E-002   6.3301004648543255E-002   3.9992852096484399E-002  0.16055680383942578        2.3813306626282987E-002  0.39509742712795781       0.29426012115399064       0.18591628888866080        7.6772569849896638E-002   3.3968370405614220E-002
   1.2344873224488335       0.86385930539542810       0.61111443196063620       0.75956430280660070       0.81730682974026103       0.85581571901610387       0.66742778832025174       0.86175711609266259       0.75414043601560310       0.85067514348492212       0.79904940319570150       0.80369146251944745       0.87821685395519578     
   1.2921195286030673E-003   6.6265625240623696E-002   4.6062210171431653E-002   4.8612709054449518E-002   9.8022462893110479E-002   6.1348654689417102E-002  0.20723362849576993        3.5054421866599052E-002  0.44909983306542400       0.33213764166155368       0.24357825977613617       0.10831876433959495        5.0064917203950669E-002
   1.2076935835263938       0.76243480028185806       0.65904640019724903       0.80998681072699596       0.66551739775953833       0.82172020009427815       0.76271839898783611       0.65413292305660431       0.97765978135078913       0.80914789739750415        1.0560259706993691       0.82863825453033935       0.73733065124383723     
   1.6091668967421100E-003   8.5140326067417976E-002   5.9432877776464346E-002   6.2563739034001795E-002  0.13031940025226071        8.3151024087299297E-002  0.24843391753089308        4.7052478273664829E-002  0.48593142794689176       0.35285803345591299       0.28355841773627333       0.13766325271049501        6.5759357008136538E-002
   1.0769919337508707       0.79962924317978112       0.69015071021997709       0.77974190030225632       0.85862871307314992        1.0392168964316566       0.82454010056896154       0.76115105597200849       0.94931909065554709       0.69576176468669237       0.80376354738055855       0.78829494311596837       0.72746448286005183     
   1.9112197816182283E-003   9.8560973725203879E-002   7.1302576801333659E-002   7.7944551318337996E-002  0.16064265585652576       0.10238492496009588       0.28541334158255055        6.2555607715100423E-002  0.50307126058236573       0.36910617689478598       0.31666835126363674       0.16613744229762803        8.1370894339492170E-002
  0.83987229197086166       0.85173288179490969       0.66001349600650860       0.71149087910960129       0.69136891873138473       0.79217276456913832       0.60825718429713937       0.74022396809563384       0.71224156082361012       0.62765405075507663       0.76758408236043441        1.0798918167339160       0.80287084254576691     
   2.2390149163305584E-003  0.11219220723748551        8.6297359208742402E-002   9.3934965814119420E-002  0.19028393258662116       0.11962444303497673       0.31724788811604160        7.7638011548087221E-002  0.52061260936792220       0.38182107551516486       0.34121535441912082       0.19395710367701668        9.7055752850157426E-002
  0.90795840924443949       0.64461262886617365       0.78752178243094129       0.67549315046701930       0.77576518016561358       0.67814564153164703       0.77430296665442033       0.71382518335603440       0.71419578412124962       0.65090660533632216       0.66969116263112149       0.91392477798562044       0.79669661161993199     
   2.5671025767284319E-003  0.12653205537363871       0.10080301148319530       0.11111574244598774       0.21744866471590049       0.13539362702180616       0.34437685749035768        9.3198600857773220E-002  0.53790152179266726       0.39476900294720579       0.36175644576469967       0.21782741347900181       0.11294889448125288     
  0.85163103074418567       0.77744846049697081       0.68639988324246703       0.87569982503155308       0.76723303090385853       0.69504131658257051       0.71269336814080875       0.82457956090455031       0.88550782372877812       0.74550355683760761       0.67084463158816621       0.84878295639151735       0.75384964642921426     
   2.8963872509718308E-003  0.14216910179417061       0.11489514965026389       0.12906868234060992       0.24288155512779724       0.15044976904615934       0.36798392017015624       0.10942706556435455       0.55519612286280873       0.40729994522559737       0.38529585211148992       0.24068010293547318       0.13194454071708001     
  0.91267468952397490       0.86279101098680522       0.65026609039170091       0.69827424640990632       0.79307221006138007       0.77908086520215813       0.64600944790348447       0.78889985443173005       0.86336195401614479       0.68275307646583216       0.82698438870052970       0.84709330484746259       0.83954516565306248     
   3.2437828897542726E-003  0.15977926335487494       0.12891787642206282       0.14172091986341340       0.26773617724225246       0.16604829313391439       0.39113971871832204       0.12781127142683535       0.57182713873074120       0.41822844259930025       0.41101987321618266       0.26112896431802168       0.15100483938302789     
   1.0065118746708812       0.74914616329615613       0.65000194713395554       0.72439983545696029       0.86548695565067757       0.75005161498500650       0.64022831797899238       0.80381988063551513       0.67974882074606768       0.71352295566462787       0.68394704706620724       0.96557534185034444       0.78613422604872440     
   3.5790513437945364E-003  0.17663931311699482       0.14279236512409876       0.15174101744413834       0.29276915024556804       0.18258089929030169       0.41163793215647343       0.14582599980691599       0.58512905074859822       0.42924889874399591       0.43484263533624551       0.28191407268956475       0.16847838862094169     
  0.71675302953324382       0.79577334534295352       0.78786448268647769       0.63539070847024071       0.67966290800288476       0.77913534376991223       0.64273941680842972       0.80317368908530606       0.71848757926003937       0.60179195516493422       0.80586218254075226       0.80833573023691552       0.81879846887645436     
   3.9222336843913680E-003  0.19439827602682208       0.15717097125751261       0.16103261623736589       0.31724010941805120       0.19900802651324997       0.43139819356121661       0.16296127240965724       0.59691897167964336       0.44186649063336786       0.45632129846435165       0.30230007357697669       0.18579295155796027     
  0.67362051388208799       0.80332770895154293       0.74057915011309661       0.67531912131374905       0.84665345732356456       0.71661488827484521       0.62276687385765439       0.81043498442628992       0.76715823940322581       0.66569893789534074       0.89319785771162985       0.77687496190406546       0.73030461582120021     
   4.4154246130900703E-003  0.21230849516592584       0.17290925934128651       0.17037055870059892       0.34232451695543942       0.21329750727637464       0.45108650963155056       0.17958535707847120       0.60717749544595212       0.45344031953833042       0.47776558215949561       0.32261573887254941       0.20197305727579909     
  0.95361621644701999       0.87531692827373231       0.81072226295096561       0.58664683294291264       0.83885519868089375       0.77115656836637225       0.68480941426500141       0.74459141489155756       0.75356736385982259       0.74259029619981232       0.92168894874561780       0.80054657948946395       0.71206761476943137     
   4.9380087235212054E-003  0.22796803772622792       0.18947449083763385       0.18210694081755319       0.35953559338182517       0.22766992408042841       0.47146006669585461       0.19539069851208482       0.61725983158083253       0.46419446181097124       0.49899255262043463       0.33914719691228956       0.21844411518520115     
  0.84612768690309392       0.74389722840281847       0.74001938572409021       0.68232899882541675       0.78581414546574813       0.66948883386458768       0.64891963187513080       0.73466702752352919       0.66645403552381888       0.73168752889715127       0.80045370138778649       0.66205627635696329       0.80337215456538213     
   5.5037014818508281E-003  0.24382055397942404       0.20811299994748420       0.19356973274321404       0.37447810922614400       0.24099936612321099       0.49174474838850551       0.21132823594112235       0.62866828512025563       0.47294206326855848       0.52225981408914535       0.35672409487309364       0.23356938011631523     
  0.87234577377325373       0.73542179921890072       0.75265135686051710       0.61599766538460576       0.70403142950391984       0.79385132940946168       0.68708525507362850       0.62373541525964482       0.84588579991286705       0.66279101295558052        1.0347670780729510       0.73359133625701933       0.76389598857675034     
   6.1194124564913702E-003  0.25800335874672609       0.22674887860784912       0.20691882370776071       0.39249436490911876       0.25368815255642529       0.51135249342084954       0.22567908138845175       0.63978857456247995       0.48079276511778390       0.53872230865797710       0.37449842853335469       0.24817617520341745     
  0.78971010634445227       0.61734776508256650       0.64448431732988465       0.68477349165532941       0.89651263780633772       0.69749892963611648       0.73446709287864564       0.74343524366512059       0.69697240109365810       0.64053741298162969       0.62354187842613817       0.73244656586341228       0.68385925902803546     
   6.7462956476319015E-003  0.27220887885455602       0.24653524463459220       0.22048994327276894       0.41150406530138622       0.26607556979076252       0.53116184622983775       0.23942012930263026       0.64942832864937305       0.48853753133252303       0.55584077536562004       0.39171446681344707       0.26344272181458050     
  0.75457881496890034       0.73766323798976352       0.73447114911461164       0.86447937460781821       0.77825211713227338       0.68325673442719292       0.67456269962006921       0.68257508998210581       0.69150273585542932       0.69184736393527180       0.69002371796742290       0.78437417438496726       0.82213546516508762     
   7.3332596471831534E-003  0.28843079105904429       0.26637862829953468       0.23583992225466355       0.42698028430052198       0.27996922385381479       0.55227253385684427       0.25214052231493667       0.65994425610924623       0.49583443357134749       0.57088113832235909       0.40717167188680570       0.27878764522208627     
  0.80441499153679197       0.67884545122405415       0.77269996768974558       0.62832647368136807       0.80297889798518141       0.74724119589798477       0.70155581240097054       0.67093182937470508       0.82715097132139614       0.68692191548606318       0.83455756023567562       0.67469630015577209       0.75440130852072917     
   7.9628961158792980E-003  0.30549482178636678       0.28431535689237275       0.25125988056596005       0.44199413662612219       0.29449120851796950       0.57242884322633170       0.26666895698628984       0.67052972590517446       0.50385318376129562       0.58657271460975335       0.42248869672394584       0.29522554258272665     
  0.80440964201838538       0.79149741641310511       0.75021749508684665       0.76581841479831902       0.75147138673576508       0.70340964737747402       0.73446991510882986       0.65534405885085012       0.71452748683061418       0.71365845340144085       0.87872396070328662       0.80207975037832357       0.69692565667242257     
   8.5553730252449188E-003  0.32336758222123063       0.30282175229533365       0.26951801402536518       0.45562262943063159       0.31134576316989049       0.59296857547309068       0.28341290500936223       0.68129495867287559       0.51203251533964422       0.59742004360097645       0.43522698375975394       0.31071301127623502     
  0.71424186905159581       0.85571438454855819       0.71887216751010341       0.84296656525624636       0.67738586386208799       0.82434020962703891       0.70200856856794858       0.85809856637574122       0.74843455766389555       0.68833126934666922       0.67678771607432897       0.72435729819662031       0.68866759875832362     
   9.1604927395583045E-003  0.34242048874171699       0.31848430338722478       0.28750038067833950       0.46937197705351325       0.32980209335276017       0.61113252953528396       0.29929447504575757       0.69073322031545148       0.52156683139695548       0.60806646147118237       0.44767879183853698       0.32539812042794625     
  0.66621683215816851       0.72759654493783565       0.76218149689855541       0.88805891528854686       0.69932427724180479       0.89198251132735196       0.72672524210484124       0.71201100039565968       0.75457374862836291       0.71381985042567264       0.86061206844212734       0.64124466449973017       0.77275861600365969     
   9.9083038128655963E-003  0.35863671502251260       0.33426165592810886       0.30482753711805693       0.48496636509307950       0.34881287991096738       0.62876621547893541       0.31490370632062437       0.70009642371407710       0.53128467043896221       0.61913868110850945       0.45938503926529045       0.34038275710296062     
  0.72975017488631366       0.69623505235982752       0.67696688111755166       0.73369971112477905       0.75636287394309298       0.82313738233260980       0.79773108819687444       0.71868817021478060       0.72182870888173023       0.70884491597850674       0.75123456171823899       0.70511803667271189       0.70460376344296372     
   1.0738391808120468E-002  0.37384515729416468       0.35042940463412547       0.32200490997597592       0.50183100316008455       0.36862483803320856       0.64436360674527893       0.33275006751369451       0.70893699548257860       0.54013532503323947       0.63049081857773936       0.47202314719731436       0.35651736464752554     
  0.82063275863310658       0.71152346634564601       0.68235027350361299       0.70283439495483424       0.90111667544892438       0.85349196870683830       0.64865569577705073       0.81257982220265390       0.79235158288996943       0.60243241264402947       0.70659242468667793       0.65552062805236511       0.73348395331518457     
   1.1638853450004309E-002  0.38925410368360458       0.36568303944152053       0.33784603478554015       0.51762642394149705       0.38803321541368552       0.65878383451037648       0.35254733811297323       0.71804678548199352       0.54869528538413814       0.64217968751277488       0.48362466467232335       0.37439211353372226     
  0.78491941507856033       0.71533230675371884       0.68103160617997260       0.73787322653300302       0.68560315107500402       0.87253517909696443       0.71026233276400597       0.80246291548226811       0.86359151194488326       0.60358993392244364       0.71741944735135721       0.74080392301737852       0.77287423782144182     
   1.2575006469921554E-002  0.40414863822482550       0.38252831331655557       0.35399746541725752       0.53319134800543189       0.40654461464365554       0.67146297060788063       0.37123533620386923       0.72657831635596171       0.55713585694174028       0.65358429218019809       0.49367680913751044       0.39489372040639081     
  0.77210814882505219       0.78969330009743621       0.80758284743293829       0.79974635430944230       0.90409572260680038       0.75329994949349888       0.67957389620481712       0.78450011123987040       0.82362158200720370       0.84982235970175712       0.70199274618176799       0.64755206070093263       0.93825441867996762     
   1.3593850887715727E-002  0.41794854949176496       0.39943296940497564       0.37068189231744586       0.54669485494111358       0.42400359786033154       0.68488968458276589       0.38893674160749159       0.73488814182369588       0.56582253857755571       0.66506087897138999       0.50845279524819931       0.41343509004466394     
  0.76231405813455888       0.77893987936391396       0.73751945513187167       0.69324746350071775       0.64235007210721295       0.76768233835487920       0.67918953189866049       0.73985473818410574       0.83610215688144840       0.73523421312403070       0.77163169492445238       0.80909933747083096       0.99516469323814927     
   1.4681024509033882E-002  0.43218916649338357       0.41997884361149063       0.38622320190391979       0.56071325946408113       0.44181490423222208       0.69712004899803692       0.40704746937168879       0.74272281069204515       0.57382843190573873       0.67541199954605446       0.52156055516344024       0.43032891945326429     
  0.76319313560189495       0.81233335533146922       0.84006999217386102       0.82793510021257410       0.86350528069034704       0.68549658274250092       0.89718010886226152       0.85621679108407289       0.70168893994134163       0.77950800540185450       0.68763846311648447       0.67725160975996934       0.80806011102907271     
   1.6000965733400183E-002  0.44546515470859327       0.44133410264386180       0.39975482742059459       0.57506921325104576       0.45935407588250415       0.70993854048736915       0.42391699349230877       0.75019218368616492       0.58159112073125474       0.68498815192411855       0.53810177426998163       0.44586490281069652     
  0.75053732517956362       0.73253864107740374       0.98506875821022666       0.61648965525110677       0.66359512705154089       0.68435871020521521       0.68830608732098375       0.74202636186334103       0.78472597962357238       0.77498005180962592       0.72360883972426404       0.69070282234043401       0.64208149035114415     
   1.7469100127517633E-002  0.45862499296746684       0.46273385571548259       0.41319862902760635       0.58832209482752884       0.47587876612600577       0.72156798705604519       0.44034307581336241       0.75858383825520359       0.58880164773251642       0.69405333609721620       0.55465675323895147       0.46064707707431046     
  0.76883793265104394       0.81301926156979032       0.83452855307669915       0.74387745616638201       0.70813972096896349       0.75832251297519859       0.82199908082542716       0.97911455789945845       0.76000481214095250       0.64565819531020019       0.64535538879586529       0.69873637020566537       0.68391386468176918     
   1.9042108692454113E-002  0.47021428806853860       0.48344145292175655       0.42498213793835643       0.60175381051157506       0.49270452274681587       0.73326271624160377       0.45767407770647461       0.76725859348272152       0.59626879052176873       0.70288333529551594       0.56953975929252265       0.47525128816411943     
  0.82734834815625768       0.68220105295956657       0.96790918349103039       0.61780570689442438       0.70240304173706414       0.77409478440574520       0.65392440835581223       0.79056247901716570       0.69674637248363824       0.62839944960299510       0.70916253816551944       0.62081289541280749       0.64848223728115684     
   2.0743970516471803E-002  0.48230811593089040       0.50214986139281126       0.43805635822618710       0.61518289870994169       0.50892888052167851       0.74504110680709801       0.47484443272838617       0.77497688123069464       0.60434616228413085       0.71051740602646762       0.58384895553512861       0.48994316971022889     
  0.80823343576463036       0.61989733458095542       0.73790249419408982       0.71669836393247799       0.71052998102456544       0.69405552448862495       0.76005687719600745       0.76830818887582719       0.72929947233136594       0.70965656603561933       0.69951364816423389       0.75714374892793790       0.67703847279491169     
   2.2539033910051371E-002  0.49346955544812965       0.52150408255940206       0.45469258521560107       0.62898992587614311       0.52528282586888730       0.75654799735635792       0.49107231186477895       0.78205221887349274       0.61241529722174437       0.71807354694191672       0.59730568299067610       0.50279320488354484     
  0.70485544857701599       0.56573076466246475       0.84411697734367841       0.79753542082130902       0.78410744708363067       0.79500260100954201       0.74343541393459012       0.75645616988534992       0.69887447658305335       0.69785140073783536       0.73982716764127732       0.69457553708941389       0.62067384606742604     
   2.4504398051812759E-002  0.50781301098126708       0.53359116544324892       0.47110757947753845       0.64334471196359333       0.53955486657159968       0.76803646872014719       0.50829782107147270       0.78872191817257264       0.62009771345416098       0.72386301334696090       0.61055694382826908       0.51531305624390800     
  0.85373946568716697       0.63760532252577962       0.69777107015208606       0.72894194778645016       0.98832866514016793       0.69943372949449611       0.79981693942925025       0.81972244167400887       0.66735789432934756       0.79617884831512042       0.59002652703430092       0.66867439018396180       0.64258470267619805     
   2.6601574784252808E-002  0.52089520876527717       0.54475339647344723       0.48795800567006298       0.65463007629306469       0.55351751893473711       0.77907896060388604       0.52325581396981102       0.79484494705418796       0.62753070723544080       0.72961754691255687       0.62454156278778428       0.52858485835892044     
  0.71452334304670473       0.68883418298718169       0.73818287125570337       0.78177517225589488       0.80220263057235963       0.76197406051709560       0.94272883383146111       0.74028521958897475       0.61952089025512624       0.73590201271828259       0.62807869343859968       0.83564129644558394       0.68278235500484730     
   2.8820755956461264E-002  0.53335821511752624       0.55847661279903260       0.50490855499508014       0.66596436280824578       0.56778573147023570       0.78968486264981530       0.53747750516891768       0.80130960488515079       0.63454231147306672       0.73611146615997358       0.63809613405691024       0.54219634667180705     
  0.75891356172706226       0.72586377298048921       0.71010455270562778       0.86446291317958501       0.64734042112649715       0.70407240961109430       0.74002326215890912       0.75611345269790931       0.77483155710624008       0.70217629100393864       0.65600902674634554       0.66607187451016647       0.69344069261640451     
   3.1171811393657912E-002  0.54580307796033123       0.57124074221213528       0.52383748475141678       0.67706682831348941       0.58133779375163941       0.80051678675410243       0.55049721652150962       0.80755958796073668       0.64159205545972686       0.74362551421899359       0.65135676765277128       0.55721896215345090     
  0.74169658164067664       0.83149780643230886       0.71248442634997722       0.81761077626882639       0.77281548957442470       0.68250196871532787       0.80821873398331745       0.68864648774423243       0.72902265554643986       0.70398676295768525       0.63853682624066288       0.64853211123546139       0.75958971780174789     
   3.3552060815898094E-002  0.55892851436915769       0.58388514974293682       0.54209178774712052       0.68794562628780664       0.59308342821054705       0.81103474085676741       0.56469323524645842       0.81357695123042495       0.64938971753126218       0.75300373240439955       0.66418848521972029       0.57340804974930082     
  0.85240426996916085       0.62688009464662309       0.64356914289496703       0.74578541350245164       0.65296804415292675       0.69071364913728772       0.73629377713701494       0.72402831081159680       0.71721684325733592       0.70424912626368408       0.70753062660640043       0.65622223341420227       0.80269377183135304     
   3.6341337886518991E-002  0.57236475547694321       0.59722921863193779       0.56090708073532514       0.69839172991398590       0.60589962884349313       0.82104969496524993       0.57719789901562502       0.81916032568533137       0.65703541785832631       0.76204105340165063       0.67646430135887170       0.58967492181027337     
  0.72193449704795298       0.66773187996819627       0.65607404182394036       0.90080561661516267       0.67051771230952539       0.72260076944080442       0.74284604770468410       0.64452591705821083       0.66289418932109212       0.74061010868287414       0.65617022059117547       0.84533097684996605       0.79296213632907142     
   3.9182121908560422E-002  0.58679285526892977       0.61147776059246561       0.57999981047882043       0.70892374628632093       0.61851887484049894       0.83060092689424558       0.58979659090213321       0.82451536434263917       0.66486909586763310       0.77071570909615772       0.68814086267617613       0.60600997196689643     
  0.70619990112238118       0.60965364751461426       0.78870047162710322       0.80604575254760547       0.73695593100939460       0.72372132217987395       0.70297293219852941       0.72220454580469273       0.78389049564386371       0.72102203891040006       0.64602120965255760       0.65961341273719265       0.99745734527043461     
   4.2293886477197611E-002  0.60217998162007391       0.62487585235643173       0.59857858777821338       0.71772639817057315       0.63102178042382384       0.83970568093713049       0.60489546567343877       0.83006691274179523       0.67284583056738556       0.77926956234031597       0.69972796198834908       0.62215097650483686     
  0.68748876238867362       0.73816614102520439       0.65332219969006244       0.72044313682011318       0.81042760111767065       0.82102098906126231       0.71521158879613844       0.67034345824090824       0.67587086762140480       0.76027047995238750       0.67022384581534544       0.68282109959871629       0.85731690663450433     
   4.5405823584965921E-002  0.61951224755902567       0.63959493106269405       0.61778182760882472       0.72700535375594955       0.64403883893096781       0.84928746443725156       0.62105696797781551       0.83564003627230166       0.68124562783883225       0.78792461638301969       0.71109819569264032       0.63748650305729759     
  0.62955255380994390       0.69693245472777665       0.74545497097204294       0.79942459152669831       0.64488851035474393       0.61792383016093433       0.80820724514341447       0.68395262760171482       0.70516751318908988       0.81700737954808611       0.82936484452768722       0.70570092341779955       0.79134719526068475     
   4.8803734998095261E-002  0.63497152676817625       0.65462386529482008       0.63522121692175293       0.73878903623159198       0.65738284747026354       0.85893250541047717       0.63936662004864298       0.84127515773467954       0.68968654541218799       0.79633915649570941       0.72366915189862380       0.65383540110521932     
  0.69120511059358536       0.65279620477770994       0.71165800839851390       0.82144557018390241       0.78981454190627232       0.65120698292589452       0.82785685193366543       0.89213436306590521       0.65844491039754272        1.0159061044123396       0.71063564736609830       0.82508025872382684       0.82676383292307187     
   5.2264142302371801E-002  0.64821479936747883       0.67125452667351537       0.65194252001168440       0.75008929738923924       0.67214814676084256       0.86734465900542235       0.65836714455589673       0.84692857036343872       0.69706252801780366       0.80458527516027811       0.73757146214223734       0.67132821603457915     
  0.72919628267346925       0.66374438448788375       0.76898589737080603       0.78939195972200271       0.63524114940691512       0.80507851005592124       0.68160382897756056       0.82760807532492420       0.74217729513582986       0.77469869826295545       0.68345347252416155       0.72834507858091702       0.68751791989499988     
   5.6006756112014416E-002  0.66184514514527082       0.68835438893488565       0.66774649356241500       0.76096785773568776       0.68646667776646031       0.87544008208770341       0.67629251234327081       0.85296967625531761       0.70367462652200841       0.81316935285505576       0.75086592566126598       0.68727965061329355     
  0.71153578635611503       0.67681605061486727       0.86665347390828218       0.67207576264784730       0.62325944140561040       0.62713600540636294       0.68084399091651326       0.75581478778463340       0.77581642776492266       0.63177939921198045       0.78834082886080914       0.72539364499296355       0.73206687547429028     
   5.9936785195455894E-002  0.67582303787014220       0.70370209973350140       0.68312569534547019       0.77229677520153317       0.70013045636463100       0.88265950352558598       0.69409814238496659       0.85893697072188679       0.71003492025869119       0.82188979347891644       0.76423600124128244       0.70172380023362990     
  0.69287333059134326       0.71482900332839949       0.77942693037604305       0.74668974810732425       0.77203767569020709       0.76798443319523502       0.66145838405948354       0.76408733292645781       0.77595006198971772       0.77473633495275529       0.65728160362271104       0.75804348724675541       0.62481620355403877     
   6.4458201342730254E-002  0.69198116677017152       0.71809304537758356       0.70039736768184468       0.78373344041394610       0.71394745899660816       0.88909426197901242       0.70852832532785393       0.86557291437381356       0.71563123049381938       0.83057505955600652       0.77785375526747602       0.71604946857049712     
  0.73255119271367986       0.79341072280230551       0.74297375367347973       0.69556126093472914       0.67463092502630195       0.72383168412505783       0.82895648734528304       0.72452109247893148       0.85913211269460488       0.67769848462827820       0.82093472052605043       0.73583375090012260       0.64775657133185016     
   6.8790450459584013E-002  0.71046678828709564       0.73273496535168736       0.71785272843178960       0.79574607707231182       0.72782177384002400       0.89603190375152486       0.72159226550058919       0.87227327194637749       0.72138142175418074       0.84042684204822438       0.79119680069023335       0.73044419418884854     
  0.75291234459605261       0.71264429115794214       0.83386124062137212       0.75778891922899105       0.80761695690552304       0.68006859083046367       0.67213619452342366       0.76178102877705867       0.68837567968859781       0.67606905856710753       0.89934376919497960       0.72696288796523800       0.78803951182822196     
   7.2800395975256421E-002  0.72828130199336472       0.74761160168686580       0.73425870164247065       0.80770415086259995       0.74184203286361727       0.90274421388028603       0.73788046329942747       0.87811937238688531       0.72671656432221265       0.84989229467121574       0.80406688330094545       0.74581307890524262     
  0.63138037487012477       0.95603630721193678       0.65530907428583129       0.68976648815707253       0.64590440287357243       0.65020695807117734       0.69641725015153277       0.81547387270753957       0.72562206190177903       0.84564999774205840       0.79736415550596595       0.69832023038068769       0.70114519850212731     
   7.8323812499219173E-002  0.74460237705072085       0.76336920623344684       0.75029341461323129       0.81913662210494997       0.75747870969934383       0.90924231070911421       0.75594933344038551       0.88408386740119405       0.73192095809003876       0.85875796609976052       0.81677205677381104       0.76275826599668761     
  0.61018033827314500       0.72808098379302866       0.71192516481768109       0.65705493289912020       0.74302515946027292       0.64498419696728704       0.84153233863513943       0.80304200520038260       0.73137098325184191       0.77643121927247571       0.84261157174654300       0.79215678890230790       0.62418324822014137     
   8.4392946378773551E-002  0.76143912602947628       0.77979505449361386       0.76563047560020669       0.83222957476201054       0.77384196404039873       0.91548951621939156       0.77237353617807125       0.88979448157318730       0.73797827939122851       0.86773421079319746       0.82905206372279017       0.77914915322437950     
  0.71228198560917200       0.68861481170119510       0.75516968245515259       0.71460999430543581       0.66572158623632782       0.67315212397226587       0.72549674511815043       0.70875938359862489       0.79421330616879982       0.81110269354412190       0.83344550607357237       0.62182388856718818       0.65504876579869398     
   9.1711756226516561E-002  0.77948969643095312       0.79489387467219530       0.78051554541912449       0.84545995032986998       0.79185193426094813       0.92282951536245938       0.78834276235858469       0.89554015838633916       0.74428883199223705       0.87586908222547533       0.84080847522447988       0.79461379469728455     
  0.65655190333662949       0.69783543685787286       0.89970420345847302       0.73804279510035720       0.76719774113075889       0.85171387955947908       0.70223023708186849       0.73340857532873094       0.64419048173945803       0.79543093048127900       0.83234730525607759       0.68519374966892399       0.61378403115373537     
   9.9548538754615237E-002  0.79751604145298560       0.80943208307337677       0.79629088987915386       0.85782372844596089       0.80966594714465345       0.92990394955898992       0.80344240645674680       0.90074638914909422       0.75048648240129612       0.88239976315419022       0.85299937204625931       0.80988943342858355     
  0.65134914463246563       0.79528855461107828       0.73281702725212894       0.81093033006759596       0.65325029139092872       0.67138971494625821       0.87289173458372427       0.65685480687522291       0.64732927158086162       0.72926566596594278       0.76061080822379801       0.79270809729755443       0.82301554762301055     
  0.10822227496088617       0.81537960458314640       0.82205339583858505       0.81317659016218569       0.87060008173650816       0.82897331097740556       0.93781128420274662       0.81869076921039852       0.90573213289857868       0.75685175202673316       0.88911706393109802       0.86550908588768527       0.82577171598160359     
  0.64929027341052215       0.66476380656153622       0.73626133035290287       0.78851870059123474       0.68534902867221614       0.76640378794921438       0.75944323677530856       0.66742068188781101       0.68793180714928981       0.75981983725958679       0.66300267100346777       0.72651651578612264       0.71550658579662685     
  0.11819938232281513       0.83317614674594032       0.83438300849544889       0.82935590701804340       0.88257334570787771       0.84767318937134184       0.94569533404876727       0.83277924820822125       0.91147151364468848       0.76384782671615470       0.89502201235900836       0.87786706160712014       0.84114103783407224     
  0.65235528326014713       0.71155071070374987       0.67947190301832638       0.80480808952119043       0.83379176945462175       0.87446639396344139       0.89361361409929474       0.77453182834608958       0.69601747429605776       0.78591110852677959       0.65196842110763342       0.72936830756403237       0.71616323820333361     
  0.12984804849948567       0.84893994959641350       0.84702871953778947       0.84532844004219898       0.89499233776309350       0.86425919967316023       0.95261414188194349       0.84662088981801942       0.91723530463922065       0.77239281196937160       0.90111589450354879       0.89041891653965222       0.85483452392253301     
  0.58890349034201672       0.83502308056902441       0.88434680517345210       0.75024873922600543       0.69745331800582366       0.87624497209121155       0.81237693042044290       0.68739902567099320       0.62589326471203255       0.81273874717168404       0.68230497086112729       0.83349311197273779       0.68967556099980465     
  0.14522790872469166       0.86497847058092359       0.85828884319073262       0.86263908830117808       0.90711766265651939       0.88082936572241044       0.95921622837825748       0.85950778331905242       0.92401719959900774       0.78132456763204561       0.90756338566669148       0.90259880214405808       0.86960813350290389     
  0.64340050151348016       0.71557251152471602       0.73035116006045009       0.73788787685870016       0.80332749816096027       0.84356978465331345       0.91118208869822659       0.67987001244036094       0.66686111112740643       0.91382935450029812       0.71088045538885625       0.80730035856825100       0.69139637512101348     
  0.16237099604893473       0.88142907859868824       0.87568296989208072       0.87903011533313902       0.91937794960550390       0.89546946482492540       0.96532767659458474       0.87208440616758320       0.93069576025746159       0.79046489856714186       0.91476171083966740       0.91224907822037837       0.88486441478499001     
  0.63617491397289638       0.85271147261251756       0.71498761933662225       0.77722935333393972       0.82697004298962240       0.75507241812393411       0.90674932934237296       0.63753814725030034       0.86535489621712824       0.90149421871830648       0.71525872349043051       0.75715729004263765       0.78778128556854832     
  0.18456052125406061       0.89685788640911457       0.89282851752410841       0.89566623045120886       0.92954600614191263       0.91007074606517446       0.97091520061625358       0.88712021680587905       0.93735276827202574       0.80031970014188769       0.92244869789254869       0.92260129088656984       0.89766122198388854     
  0.68950573710094598       0.70070915459755923       0.79269646364792190       0.75698761435760076       0.80482869217619402       0.77896322818478925       0.79837606568284614       0.69032921998785013       0.86882798582493592       0.85752467153519218       0.76976677855350895       0.66759703065767972       0.63647527644892876     
  0.21086507841130231       0.91185297596153259       0.91013433378258302       0.91143926091040073       0.93942212847387041       0.92506998646317140       0.97567812815667265       0.90120996890431893       0.94361519983268971       0.81032704233311170       0.93104418790181043       0.93318968742776121       0.90896482549007884     
  0.68522605602528686       0.77340105415700378       0.77693559786308419       0.84840047086427606       0.68594707564884583       0.76100143354386829       0.77535463753014722       0.66708010290346831       0.67260052441829266       0.98917387512234145       0.66566287981080852       0.74332944747029694       0.78791591485173440     
  0.26498185151963860       0.92693277215913505       0.92756280387126377       0.92684572433664958       0.95009803590631703       0.94096640314947066       0.97962304152359880       0.91813459368687655       0.95063603871727087       0.81981201055897157       0.94056269614004617       0.94407814438823145       0.92333141997726520     
  0.74150036602808223       0.72917713772861437       0.80635978091978777       0.76007036425986474       0.75855625804124616       0.76001019089980792       0.63548011421539052       0.74229867650288706       0.78042567128210938       0.80820625681547564       0.84413942438136935       0.84481300868298859       0.73573344963038678     
  0.34232444351259800       0.94220345057067600       0.94403231056337222       0.94231453836668899       0.96004516958255204       0.95407706824651073       0.98353360212872587       0.93504626813896685       0.95814567293900887       0.82908474723001124       0.95070659692068926       0.95569523483736618       0.93852925279444877     
  0.58537153959565413       0.83914505734252720       0.78335838184054241       0.69422493035245758       0.60844600587054742       0.69763314644710539       0.73558818171599827       0.67163805837768387       0.93838061245648974       0.86046464438079595       0.81444433508042091       0.84606849243418680       0.71109852230482595     
  0.43257258611385196       0.95752123704849501       0.95727129583879189       0.95573358909874473       0.97001924058511846       0.96700659917950826       0.98705133202411077       0.95171539678148420       0.96690523381260474       0.84707345138712686       0.96245346996272541       0.96699667555956681       0.95294245929878341     
  0.62485541762768293       0.74052209277876258       0.69943908905666641       0.68596422622102116       0.75114911684765329       0.67356205630646060       0.70511580970947429       0.80855430707919906       0.85318759714452808        1.0185339694588718       0.84462711412197888       0.74816824609029919       0.72041503723300648     
  0.55585667675580597       0.97234816480116470       0.97152469835713895       0.96836416639269030       0.97956479201046676       0.97849982399001212       0.99111379791355114       0.96920589658563594       0.97592301430718020       0.87058340681182167       0.97431656835471137       0.97801499709980499       0.96767821715131119     
  0.58558851491692765       0.75164530323956014       0.76366942703341678       0.76225619071318840       0.61583007654871158       0.63485685278486970       0.91366604429940346       0.75505746113383754       0.78028483109281621       0.83026311759319149       0.77779299790414580       0.65322914105085905       0.78644194341493101     
  0.72037450442877349       0.98627580496851230       0.98591092460038987       0.98416362280836867       0.98960284756614691       0.98953372437841924       0.99562890781738267       0.98443600613147741       0.98686038288975564       0.91578185563781411       0.98699512043122339       0.98902114132350427       0.98366942898941134     
  0.65139876676973685       0.83121277919919612       0.76051858267211669       0.73680230977034611       0.80470531647685384       0.62849664775011826       0.94161260726185914       0.80121122268011291       0.62336320464135730        1.0074238357343590       0.65444649405985744       0.70637151437779255       0.74349892432244757     
   1.0000000000000000        1.0000000000000000        1.0000000000000000        1.0000000000000000        1.0000000000000000        1.0000000000000000        1.0000000000000000        1.0000000000000000        1.0000000000000000        1.0000000000000000        1.0000000000000000        1.0000000000000000        1.0000000000000000     
  0.55669649831353840        1.1173266249567451       0.66808159269805356       0.75082099377614797       0.66903446779890952       0.58165547965937314       0.93489544868171592       0.70086393420276993       0.71376490371225221       0.58411820715438489       0.65530246107119117       0.72508196672477843       0.77110570752122298     
   9.1869717392057542        12.550762209277877        4.9477417349811041        6.1185751004409656        4.7523220155421662        9.4605646717953800        6.8891738277095991        6.0945816979867518        9.3540986207240131        2.7962673492190775        9.8163008217947123        14.577360428238389        10.054897756447252     
   8.0005002670516046        6.9696529586659670        8.4571718147896444        7.4131121385206837        4.7001106482153103        7.8497675528517217        8.4826191782066367        7.2716815523150942        10.916194818136750        9.1763660424057871        4.8758899285403858        4.8225601529482764        7.0792122671082121     
   7.1051559383314267        5.7896106512912251        10.766269271394339        11.665693640060878        7.3884429292352083        10.528223851160403        4.1224066863202999        5.8747979153871714        10.745414421499898        10.198340621308638        8.4432692381839285        13.530425150599982        6.4289471835105942     
   8.4191122768728270        6.7912202647316491        8.5473014055126466        8.1249690142801754        16.410181693307766        7.9995696714433651        2.8393350266695188        9.4018267822593877        10.748296921934800        13.645551823154259        9.4086527631847474        7.5420065158615346        6.3687215546047868     
   7.9594777625197946        15.544762753471753        14.615696557921938        9.7325097623399710        6.4145466724418467        7.1690037287451771        6.9629978053580546        11.153251603930478        11.472084802893129        6.6372006920957372        9.8500599055998794        6.9108854558423589        8.7928342990259178     
   9.5015346769356874        9.0484406004777043        8.1640551758849735        6.3853664539386958        5.5098302988119725        6.0362672568035132        5.8403767863906504        8.8588926974335145        9.1448198185655087        5.0638698856547579        13.499746945329898        13.976661149033669        18.684214383369628     
   11.225911718506973        5.5310490447863456        7.6993444164695948        10.954353360755920        9.6737311588158708        6.9271682290142929        7.3569329423767247        19.680819602627579        18.164540040013538        9.3126401612910872        7.4253225920469115        9.2924947050307889        3.9637989820824959     
   5.9022753870047344        6.6085604438605712        6.8418676215692971        10.433485836280052        10.589940079156984        12.853479417768019        20.821318291274427        4.4811172408488380        4.2732279979734002        10.106111033129839        6.6295852489749505        4.0647873543709299        9.5272672196055552     
   6.0672514896830743E-004
           1           1           1           1           1           1           1           1           1           1           1           1           1
   4.8776411001334263E-004   4.3855583943618807E-004   1.9286019454494541E-006   9.3065682371063883        5.4257405203178051E-006   1.5662357772482798E-008
   7.8043466260308162E-006   7.6858121584139548E-006   6.9077144784249898E-007  0.33927735892884359        6.9051881008198659E-007   1.9294659286179101E-009
   7.5529593156059361E-003   10.541676916290116     
