   0.0000000000000000        0.0000000000000000        0.0000000000000000        0.0000000000000000        0.0000000000000000        0.0000000000000000        0.0000000000000000        0.0000000000000000        0.0000000000000000        0.0000000000000000     
  0.23481892618617642        7.8341185350005223E-003   1.5311241227810241E-002   3.9450441161837678E-002   1.8032842282471599E-002  0.33597048913141314       0.12294645478664493        5.6122254130189869E-002   2.8775670924749766E-002   1.6499493346610505E-002
  0.79480842808597763        1.2017011927323948       0.92194407260864542       0.90592458134871323       0.97148486773555887        1.0059121736909269       0.76406940940429857        1.0297030205576125        1.0608069461634779        1.0866835290103904     
  0.38102152607187223        1.5495823902938303E-002   3.0674078522490027E-002   7.3721199846915053E-002   3.6380419603381717E-002  0.43941916772808026       0.20825351172230669       0.10726430822142201        5.3727266286168716E-002   3.2943154670592459E-002
   1.1629734549894786        1.1573010834099837        1.1105155557359185        1.0728017724293417        1.0554646113761488        1.4377445687392596        1.0366306997513830        1.0978454302292169        1.4577716247048227        1.3119506629797382     
  0.44276428698645887        2.2727248321661786E-002   4.5851039017999418E-002   9.9775365567002519E-002   5.4570651594658987E-002  0.48972789754844198       0.22895959954952400       0.14412508225436782        7.6142722210224362E-002   5.0241801494698646E-002
   1.1534495087721912       0.99791932602979483       0.93284636323152759        1.0567721182357839        1.1443541787758207        1.2962628759773291       0.99029928924272415       0.93549191520334196        1.4582719440001060        1.0838650296850121     
  0.48580210144294939        2.9922457217043542E-002   6.1234747080617491E-002  0.12512391962101319        7.2346547849377343E-002  0.51939660664514897       0.24776683844588140       0.17214956875275794        9.6964344013254475E-002   6.7162026471796837E-002
  0.98619770994007117        1.2326146982569299        1.1896104222276398       0.84903275589749339        1.1321768863891462        1.0458107619765049       0.88994225165374652        1.0546871948439911        1.4538174541639819        1.0263493915832849     
  0.52201841933254578        3.7558959352382619E-002   7.5927588817258918E-002  0.14771276554955448        9.0031046729703426E-002  0.54482118913596023       0.26242961188946606       0.19474995597433509       0.11659269924630271        8.2195677696575764E-002
   1.1433378363176168        1.0632293526638814        1.2598884061240598        1.0953063409788486        1.0536830736978122       0.87133201606593047        1.0309856416438024       0.86035634961808871        1.3115329077389601        1.0624399894539629     
  0.54846669418422034        4.5436473527222361E-002   9.0398703865532254E-002  0.16958390428839634       0.10737703864073783       0.56588357813799828       0.27709786908516898       0.21417786969138439       0.13558812899710848        9.7615919129290504E-002
   1.1758555747725079       0.90149827836293550       0.97348010171930344        1.1598854784172428        1.2379290609727751        1.2400560535774945        1.0296960368823347        1.0069175751947141        1.3427852188478857        1.1701735123187726     
  0.57330812248368068        5.3844643266034269E-002  0.10537448643740036       0.19039467972524238       0.12430044423245991       0.58458543871039537       0.28829928030649954       0.23280817324094066       0.15507760550213293       0.11462985387166567     
   1.1328741032403995        1.1207130479981871       0.95744705862624258        1.0023371026215171        1.0815187710209166       0.99332366272603001        1.0562700605694293        1.0202338571341705        1.2163895756343617       0.94959307215470767     
  0.59265844993084338        6.2456599614368405E-002  0.11944091370369506       0.21102472247274864       0.14138935180371409       0.60213603821077799       0.29954058623904978       0.24885139577689122       0.17467259169466451       0.13134157376901923     
  0.93677149498555268        1.0160950862966389       0.95710549594370997        1.0576830851724599        1.0215911486704607        1.0431426705287967        1.0061519773175980       0.90062721950694968       0.87890075359015962       0.89772242706432737     
  0.61147044214135049        7.1001558542254539E-002  0.13233952892830189       0.23139433204554868       0.15754960230463999       0.61689178705355407       0.30999568750881062       0.26441845517506202       0.19187635001732670       0.14758161115327847     
   1.0433653187191561        1.0817601516743842       0.98257562522253827        1.1266571480913430        1.0323427955437769       0.88748850234360543       0.98093145867893139        1.0807047813053445        1.2566153295455511        1.0695903228333012     
  0.62774169671847868        7.9705149515730503E-002  0.14508051240470529       0.25141950869594226       0.17280574569208634       0.63152331764760938       0.32057506799824698       0.27854508300922365       0.20875326605303610       0.16397740672760405     
   1.0273578399144063        1.0536969422580142        1.0168497585022824        1.0138595745139403        1.0057072819132422        1.0091747925290344       0.95792734208548980        1.0272906224926925        1.5470161675910592       0.97401340772309086     
  0.64500287439500326        8.8455350243108508E-002  0.15981104965507217       0.27056965407140032       0.18838953021897561       0.64482736595736589       0.32913850736031108       0.29183775918302929       0.22394763826936132       0.18133678748450138     
   1.0741218149352052        1.1241148509509655       0.92138709349795289        1.1299141662220544       0.99064874691199190       0.94115333049654482        1.2552979706770984        1.0314039685483698        1.0105101327714112        1.0534583461005849     
  0.65878285063235897        9.7207788767785283E-002  0.17431851352079081       0.28948798259131758       0.20410971912781359       0.65793408700427347       0.33766657930622213       0.30409780897275140       0.23935940951414852       0.19922804920485343     
  0.96410955790568742        1.0290452382794437       0.87411961989529208       0.93525822449964802       0.93013930729463645       0.96840326577051161        1.1050861513549139        1.0276499867410263       0.93201216143464971        1.1808522988018650     
  0.67148871387320708       0.10680251729742332       0.18811637236370293       0.30808858185285093       0.21968375474159010       0.66948462398038788       0.34572862045370845       0.31604235512860879       0.25543902468449498       0.21633101526212517     
   1.0309271992098921       0.99880380809174196       0.93445076667039795       0.94753947245732728       0.88605091635564415        1.0518468907786993        1.1675401941306256       0.92938073078715977       0.98467951576600254        1.2363775145156080     
  0.68304049718943904       0.11641407269113585       0.20192089584899250       0.32653056413050402       0.23407546546854144       0.68082123610234813       0.35383673929225051       0.32730228233927416       0.27199536186303791       0.23346634532121968     
   1.0242889443975223       0.90756133613271395       0.94590430057500741        1.1450229473237725        1.1768838211069785        1.1006116551937311        1.0400134160569658        1.0425849724982570        1.2023267659906636        1.0611498134836710     
  0.69473108000394579       0.12663192519417335       0.21610895067243779       0.34448924449290358       0.24869980171138756       0.69045954187838143       0.36125039915776225       0.33834698867415969       0.28863614827676565       0.24822721180083043     
   1.0289612054632429        1.1313178748805686       0.94736159621811655        1.0986621918236499       0.98367905544106171       0.94024494796314917       0.95725740030884876       0.99270754341655720        1.2116235468084480       0.92151194806911219     
  0.70525250386180482       0.13705801050120858       0.23012554162518412       0.36252022467917211       0.26328294658571705       0.70037232613997258       0.36864998228175455       0.34973398952145252       0.30521062153476453       0.26337836024563477     
   1.1212551567557445       0.77538584368630736       0.85457463727526251        1.0675725371950087        1.1233542967442924        1.2459708543284618       0.84240096415874965        1.0119032427375450        1.0651737551240013        1.0581421197315592     
  0.71583316102699768       0.14686593296875802       0.24320738123140490       0.38101793283254726       0.27822768561488764       0.70958553946050906       0.37596532194694038       0.36113063088533104       0.32235010517311902       0.27861046624018465     
   1.1698656902732401       0.98151325158941616        1.0497497548533234        1.0575971544417431        1.0204684421102064        1.2948767397292484        1.0065131492194965       0.93325609869808734        1.0514693756863962        1.1712394426575286     
  0.72602458760039357       0.15614777414552089       0.25838845644579761       0.39944972733077577       0.29348914375400725       0.71847223523472770       0.38313591358671550       0.37272973651619995       0.33935407205379692       0.29393614037933230     
   1.0868808881709899        1.0955412690277715        1.2572013373596684       0.79307381654742226        1.0246214757589396        1.0460637392426524        1.2264858349315433       0.94402591653343959        1.1811357830126694        1.0401043221664690     
  0.73610501513421411       0.16576690279877662       0.27618347069931459       0.41787620697351374       0.30884141640901241       0.72681437477141042       0.39061198334816694       0.38442170380867147       0.35639630335427652       0.30965193871951968     
  0.92737752669458606       0.88256041686045550        1.0530374836542453       0.95300111636727503        1.0476971897159988        1.0133447745123094        1.0619884911712738        1.0250272026197758        1.0939277172500594       0.98290456846903651     
  0.74538753225969545       0.17591993715381971       0.29238910750302965       0.43617147986142901       0.32421208308932903       0.73523586572962807       0.39810335811537717       0.39591573827955967       0.37343002142931075       0.32604889152156386     
  0.96029012157227878       0.97390046541304331        1.0013487555943101        1.2066668345383533       0.87996523094547485       0.91042341631229695        1.0605390735953657        1.0284930393526246        1.1344986904480938        1.0118476660573046     
  0.75435682807342519       0.18684105878646157       0.30672418579894273       0.45394651596441210       0.33939428825470624       0.74355348066691151       0.40487124571200017       0.40747006021776488       0.38886494262467164       0.34399849524621406     
   1.0184443809893757       0.98302117973949976        1.1094048838043604        1.3393554419330254        1.0168904055533150       0.92162150013023381        1.1340539070541178       0.97952814916596886       0.93599433714236213        1.4219346150046799     
  0.76279734362708307       0.19857924804044874       0.32219218166234137       0.47190360416676669       0.35496081057881251       0.75221696664393767       0.41112200782332570       0.41875662485715520       0.40515415968563084       0.36179652329332135     
  0.97107287567204148        1.3503688729715959        1.1140446066943810        1.0964317028582440       0.99406374723930713       0.95800678121655802       0.95877300090942863        1.1269219781665494        1.1334293059963774        1.2214757449051792     
  0.77100581439801896       0.21029850553822019       0.33830269981630751       0.49005187672882955       0.37106888551485073       0.76004773232042522       0.41672987381611615       0.42972712855659678       0.42100307666137166       0.37836068188795408     
   1.0682498302545727        1.1311784848484718        1.0538193715740238        1.1419505705925077        1.1268532962919597        1.1873214744253224       0.96988411695206922       0.98423079975272565        1.0013817747984028        1.0403436589375563     
  0.77883760376631284       0.22216657929214390       0.35499081502966762       0.50757626642665576       0.38769282570529889       0.76767556859633135       0.42222335299702130       0.44168528686697417       0.43675021439620337       0.39528568017865440     
   1.0039230063867577       0.93966644233742935        1.2267577874250688       0.89915435600908211        1.0859407328330251        1.0477458718978527       0.94677761490751500        1.0165695630128995        1.0615984783275891        1.0597534528953394     
  0.78672341989672034       0.23416012077245821       0.37252220084355647       0.52425470895333470       0.40395901899216619       0.77353979546807661       0.42802852577470835       0.45516381538151152       0.45087674366909702       0.40907171178071911     
   1.1289651682603747       0.87433599702077747        1.0515085884046738       0.98611004835681282        1.0998707841363500       0.80543562977713812       0.94059283169338748        1.0022087894262450       0.91091254747260764        1.1064311404327889     
  0.79423519573866574       0.24575422856806561       0.38985702809941758       0.54051356281828555       0.41889520288538018       0.77925366450545464       0.43364818458632393       0.46899274854960499       0.46431182041363706       0.42364295754040365     
   1.0758776499030966        1.1477801819627442        1.3707563158670619       0.95265872734170698        1.1024575769743812       0.89110906755828689       0.98284673698812219        1.2551602535343855       0.86839705750115570        1.1327912683707637     
  0.80159824928979351       0.25748727728469595       0.40690219048407023       0.55651203991646880       0.43374256132965283       0.78466864726462215       0.44023642735752078       0.48263281041596834       0.47676932653893750       0.43823268663209092     
   1.0240192412396167        1.0255766587921491        1.2046908231179234       0.88854902653712931        1.1101170899879447       0.96764180131200095       0.99768632667076640       0.80844060558699904       0.93434575705525436        1.0471999836384702     
  0.80856377326310458       0.27025315880392303       0.42254540743114677       0.57264435062549957       0.44801836852289029       0.78979603538294041       0.44668951989973660       0.49611352220238109       0.48942138852302608       0.45341302679387152     
   1.0101666366264341        1.1488863617022582       0.81099718263318865        1.1744003918207726       0.91067544684609314       0.94001113461977348       0.99364650911617947       0.99624298857622595        1.1211811660506086        1.2472472377681134     
  0.81533885769281023       0.28367346564784440       0.43684198888667686       0.58860360955038160       0.46353304508769322       0.79681212606827456       0.45402005932409001       0.50982534098357257       0.50038457189693952       0.46467609124940434     
   1.1203857168468838        1.0748524447141976       0.91537865497071047       0.99018423577244108       0.98362344222492337        1.0092499152894070       0.96868655412846449        1.0621445246082641        1.0637297643457466       0.99966144179593008     
  0.82189972544305367       0.29764645477890733       0.45186031775089136       0.60471816546163393       0.47511684788996605       0.80359057820038238       0.46160809920657275       0.52284755757066237       0.51046164813110106       0.47519576814224929     
   1.0526750883296505        1.2491284213805462        1.0196249430010345        1.1468764360901913       0.95655810583890077       0.95354196220399556        1.0403263351910910       0.94132508273465287       0.88563019259740861       0.83749370199623885     
  0.82842522302567423       0.31146453181165040       0.46760659934217175       0.61807641975454086       0.48808208079085136       0.80966567920117982       0.46890563404712415       0.53464824870544403       0.52194514476799492       0.48851979672165868     
  0.82982862224580545        1.2021701510230272        1.0076106492143795        1.0357352372906539       0.90887819621995669        1.0920254681639310        1.1713031901151525       0.88343693912469479       0.89359826661493158       0.97657385973997179     
  0.83465516352767721       0.32598332768535487       0.48390430681572671       0.63154439889999270       0.50282053146625350       0.81580417206909495       0.47625491540177106       0.54667802517046216       0.53349522057654886       0.50178033288336754     
   1.0979817028722541       0.91530434824239393        1.0655637825638906        1.1741494377848893        1.2707331674267315        1.0543042837725496        1.0768560895257908       0.83091969065235727       0.98267722300687244        1.0058577882718762     
  0.84059977751267234       0.34057359152324290       0.50063761708175669       0.64530479395448348       0.51745840383082653       0.82176073844425679       0.48307415542381937       0.55941168279100806       0.54647362520971399       0.51549838895195743     
  0.86611199511679204        1.1322033744324129       0.93941176314030439        1.0104293751035596        1.1175255247886942       0.98315358016669530        1.2647452699098380       0.95560782606594785       0.98169099741576649       0.95653375520249917     
  0.84641055239091456       0.35532842584670871       0.51685033252527579       0.65917073327766984       0.53255117440363775       0.82762960781071837       0.48974205612258997       0.57247838004854656       0.55957029356367372       0.52938772793266287     
   1.1156569473815809       0.97791546919675021        1.1635423185704981        1.0262817531774340        1.0529518809679721       0.94128978471394098        1.1152273208346932       0.99423734176764766       0.84521157068001385        1.1528832609387487     
  0.85198915000573439       0.36989826529222541       0.53230968638010656       0.67257452806982798       0.54822203852298357       0.83297651369985870       0.49695170615504908       0.58479281006778716       0.57232296854283360       0.54241916018381275     
   1.0216315755479157       0.89364163048058187       0.97115918032804416        1.0599298279926355        1.1400392862278466        1.0184016811701497        1.1741488257168871       0.88513098528465461        1.0183228579252441        1.1355610491843504     
  0.85782478126717332       0.38524387308735958       0.54878985797309576       0.68533366562003073       0.56419352566543368       0.83838168803200974       0.50463030162553102       0.59833574870447404       0.58517376774089980       0.55548980503744205     
  0.98059877384815508        1.0110282622034641        1.1898160442600649       0.97071609385286972        1.0695242189297192        1.0473323459062875        1.0259835154768278        1.1462736414273305        1.0192553895971710       0.79477009215311567     
  0.86407505344327507       0.40177179155626525       0.56607941377412030       0.69739246344217920       0.58027005896434447       0.84376730571152259       0.51172319230609453       0.61307938726499900       0.59790701794747736       0.56916425625415268     
   1.0134812810588436        1.0188892125325695        1.0601532866070233       0.81850423392811733        1.2631339314240035       0.87245845466525762        1.2258418190714149        1.2829768387244826        1.0656447711187860       0.86655961695683781     
  0.87001657593614456       0.41831997899246531       0.58292808371396154       0.70859497077099565       0.59621138543755270       0.84899645239993760       0.51834489160848363       0.62832910066406733       0.61052833727724254       0.58289663688045512     
  0.97813939556154006        1.1237246465175132        1.1399504209325970       0.91816439830566421       0.99849306202529831       0.97865935429307616        1.2704511391399695       0.97002142795647339        1.0122904883165353        1.0165080770871455     
  0.87565093516507375       0.43431504498324419       0.59942579159508813       0.71896820205137202       0.61102145452977208       0.85405881826871166       0.52500281950522132       0.64509060931690587       0.62337604206917063       0.59717268016427894     
  0.97355691428379842        1.0751627828769379        1.0676437566541581       0.91319304055518302       0.92734009012078389        1.0523621169586692       0.98338517722247043        1.1542205655973741        1.0748078722193919        1.1118507670108317     
  0.88110034555471306       0.45044420796147422       0.61563236006417577       0.72910769391587626       0.62514893899830259       0.85912352917817958       0.53187350053241789       0.66187568157274945       0.63648290851997691       0.61128849027290888     
  0.86073194730232694        1.1303864532778340        1.0476331919197504        1.0057731201714788       0.99351283303179960       0.94062907611248303        1.0955454295195346        1.3723915889554834        1.0541735821919302       0.99142167765964617     
  0.88561281258366231       0.46695404317001055       0.63157636163581021       0.73892659743853295       0.63928194760009727       0.86446609888547921       0.53894969768490586       0.67839925403892543       0.64978938305355816       0.62559344617860602     
  0.86068563862477288       0.99621382567970329       0.82757839753872187       0.94533082826513815       0.94208784719836836       0.97034794596182772        1.0669423660968271        1.1956243602138636       0.87229976673171372       0.84068191145490190     
  0.89019014312906553       0.48428538626924883       0.64858179603895505       0.74910515514335030       0.65348691682573545       0.86991958812970527       0.54607932958018734       0.69381421395696985       0.66313542774830747       0.64046666731165258     
   1.0483871463627137       0.99569355641388080        1.0427466435596715       0.94933745482025822       0.99898835580030365       0.76892284306282099        1.0492671444226493        1.3992094318005002       0.96488403643905507        1.0897504040982442     
  0.89556611030339806       0.50208503015110373       0.66582254880562530       0.75898118612778565       0.66779005287997117       0.87530538884507558       0.55326322633556757       0.70736264315578856       0.67578099931387237       0.65645568006574506     
   1.1590989091542410        1.0998559040731655        1.2478978012845308       0.97185725201742335        1.0047171755577626       0.97460668655944604       0.99954528483767136       0.94068166838269729       0.90905502444050168        1.0306436526953944     
  0.90087734468655500       0.51978031528285307       0.68230984449424414       0.77200354683032801       0.68232903697504732       0.88065369237474045       0.56054131901134019       0.72170237318111752       0.68800413362980928       0.67271835140282110     
   1.1098346861626776        1.1075720477777691        1.2383402558424206        1.1720938762891955        1.0647139037200546        1.0796992434864927        1.2610713023160967       0.90022483126552877        1.1722110885302706        1.0707900844290867     
  0.90583457693782754       0.53790973076876303       0.69849725818910635       0.78419382385695846       0.69697362991226930       0.88590872437711055       0.56789656751943629       0.73784673217424168       0.70118776223423152       0.68593945754696384     
   1.0195963809621926        1.0646514890526071       0.97880068057375313       0.87744274157027591        1.0255660057230069       0.95747190939577520       0.94718863685672450        1.0445688998588234        1.1035909565223558       0.89045601096906735     
  0.91093549093429216       0.55235037961736100       0.71596372092169536       0.79639881739536633       0.71125575675960262       0.89120768049827304       0.57531653262425886       0.75440483137394843       0.71494676079096298       0.70026518951467798     
   1.0520257115330582       0.99696722802696325        1.2860959689265463       0.90213263415394618        1.0592158363104973        1.1175575184489714       0.82950358761116860        1.2534773988107608        1.2536490010284611       0.94598503005858670     
  0.91552026245017715       0.56532384505790811       0.73363172466503124       0.80848839220838931       0.72673138040112972       0.89669475692578027       0.58300526016664544       0.77054638566546907       0.73083939514058283       0.71537297202990446     
   1.2488526595021727       0.88767493168133560        1.1064429571275691        1.0450706145897362       0.94738795130760367        1.0845972297561077        1.0170782730312280       0.98218368985667515       0.89251117992569784        1.0715510264362962     
  0.92020411762159326       0.58412618620998968       0.74976013785092877       0.81990292503377027       0.74295388944973662       0.90191171290247474       0.59079320644596833       0.78629599261607597       0.74775521191853533       0.73025727230344739     
   1.0428996373146027        1.0389210198577872       0.92087923683017037       0.96628184585314802        1.0438715793659075        1.0941618774208897        1.1133439136419447       0.96528112860156945        1.0619462292534516       0.96742568549405927     
  0.92460963425088583       0.60288165743993682       0.76535243975957490       0.83134804932831863       0.75911392811433431       0.90704839960468486       0.59855596687942680       0.80193015612326524       0.76269887310101625       0.74529787758984778     
  0.90706019536023186        1.0345935410654570       0.91718452995421662       0.83779504465707388        1.0622485368563843        1.2011715451387592       0.93275544464651405        1.1256549432325742       0.78897407173707867       0.97362134358102037     
  0.92909187222931822       0.62474781606398666       0.78038333318572262       0.84183228000297439       0.77501417847587406       0.91218083805849604       0.60640201236701230       0.81733197105572974       0.77721404311066300       0.76121399688063696     
   1.0073944309603520        1.1475109526055929        1.1813779184105186       0.84493459148671768       0.98970720974682069        1.1731220242924725        1.1038306863495713        1.1089518820800237       0.97610081275778537        1.0955301525353309     
  0.93298597086221324       0.64660045486699480       0.79477669805123707       0.85232241114527263       0.79178295235082985       0.91723421908777814       0.61438715764318763       0.83298271747860320       0.79281262058711821       0.77820841196626467     
  0.87299502192504630       0.97594156761927553        1.0078594503094762        1.0066735353163248        1.0554121980616122        1.1474453818213617        1.0092932425541905       0.96676688995682791       0.96024043949809235       0.99918137864489420     
  0.93699434094763767       0.66944152931673118       0.81001787039209006       0.86282673680336230       0.80921508138398557       0.92263063844090765       0.62257064498740144       0.84867453765099909       0.80822954835197380       0.79479676808683020     
   1.0996102644482324       0.94364126177294450        1.0134543216243175       0.99412948875970852        1.0375429239220282       0.97873815795891550        1.0143497695511146       0.90978450894691165       0.96676865480799634       0.98179325180575283     
  0.94032442905087255       0.69218024359334562       0.82582154701921828       0.87321887080707283       0.82663586813766710       0.92820406675978107       0.63182895406432149       0.86114517841702343       0.82502368040398821       0.81104596173381815     
  0.86503317106976840       0.92563980732680406       0.94391071894581702        1.2279386267864612        1.2510783772923815        1.1817269775821011        1.2929828563190999        1.1383277066453343        1.0841611780907436       0.93256926576909926     
  0.94372120820349203       0.71488715248601697       0.84225370197302618       0.88279679957675206       0.84394612301111493       0.93330313006684396       0.64204812411559253       0.87417809915690881       0.84108855200956900       0.82857875710832340     
  0.81705457360436518        1.1161874244827725       0.99275056101361314       0.92162423143103289        1.1585446907115509        1.1533071099671142        1.2629196427290801       0.96661158346054010       0.94672424367224339        1.2129621232256513     
  0.94806791240922850       0.73704982809888209       0.85973382163247891       0.89224083079549665       0.86132736052806391       0.93792977881849338       0.65218970410536614       0.88753040951369044       0.85721441810071219       0.84567948741931065     
  0.92076672450480856       0.79732086973447036        1.1561779638493814        1.1298510243693587        1.0231678211124244       0.94976967342577334       0.94975457687307063        1.1004947877370368       0.92520000926810020        1.0241122063157264     
  0.95230678819365577       0.75978090304152257       0.87683402446038761       0.90304454826039970       0.87857712434132385       0.94240029713548923       0.66228531404144586       0.90101808148774476       0.87368640439868428       0.86303551664520994     
   1.0908054427612452       0.99646861745197102        1.0884278185145329       0.94210586654605510        1.0703103391429425       0.97383866612522385        1.1067389603730238        1.0787156065806036       0.81838021724606591       0.89256275556512210     
  0.95734737673890891       0.78345385322646632       0.89310505510267602       0.91442001221282632       0.89575293323456107       0.94635941184234518       0.67369677636414760       0.91469495849590543       0.88947053131215281       0.88139884293152071     
  0.96367053622633991        1.0701368975115668        1.0460124725271058        1.1444849663656347        1.0777526971433165       0.83134759021261717        1.2547689012256147        1.3199512451689372       0.85514919849990145        1.2332942759215439     
  0.96236983314818092       0.81014940425686655       0.90944560317944467       0.92614661861196557       0.91272142193022776       0.95050935131137471       0.68702235891990715       0.92879664069213652       0.90557935217171570       0.89951087657094442     
   1.2488208526380493        1.0298561083497837        1.0602180256836260        1.3325844550677057        1.0572309876730457        1.0487840660926504       0.95009629936169737       0.95843889568962914        1.0595712095152279        1.0144950342468444     
  0.96785938418515116       0.83740929883237469       0.92537373049953353       0.93815593883797499       0.92974454690480568       0.95612786049508625       0.70002636473898350       0.94034790518342415       0.92234741914545237       0.91781005914199199     
   1.2645710187589392        1.2572880480030380        1.0748433950800191        1.1624290945971298       0.97316684243786711        1.0808845764976598       0.96587769867948425        1.3455053378386068       0.90853399053378359       0.98813549835040337     
  0.97329255470412968       0.86449349796511310       0.94019275563392668       0.94959444608722587       0.94691867884219938       0.96162453282169402       0.71108970964987894       0.95116405067785537       0.93892751073078773       0.93572927328740374     
  0.97285524557753111       0.99526143781348153       0.94459079807449409        1.2470561253265540       0.87765039390748933        1.1237291674821350       0.81705457360436518       0.91337621875391750       0.90615385626284339       0.84980095723335169     
  0.97906534300525871       0.89292283703694120       0.95389530023508884       0.96016036967985752       0.96080560348585120       0.96928681658266214       0.73455541684398007       0.96249973273322320       0.95326883368950921       0.95141237344424223     
   1.1299138654558218       0.86844474056630916       0.91301162889112675       0.97309679125065829       0.97626250623719701        1.6360025504737292        1.0667456844720531        1.0473076990306882       0.78242246415841610        1.0284549299484382     
  0.98505604556276305       0.92365072439021501       0.96751735044461273       0.97055542904878411       0.97364433152562591       0.97748575538632565       0.76999390581816129       0.97431508433817871       0.96778136575416218       0.96692629046990730     
   1.2481555287532591        1.0391380113702693       0.85846259780641476        1.5087397454436806        1.0096179590062293        1.0132116369583579        1.0869932952070100        1.1460123186056952       0.94310566564436304       0.98280917616386543     
  0.99234640101524907       0.96011188923464352       0.98369248268220399       0.98534073248654030       0.98676530596815237       0.98813233659142152       0.85057026409058467       0.98701994780570290       0.98379729215732037       0.98373646498245049     
   1.4794544783443460        1.1416670154225117        1.0474459009260906        1.2217418362632408       0.86840854373427112        1.2819451148427048        1.0684469260077287        1.1456962938472997        1.0417411866550781        1.1162967601879907     
   1.0000000000000000        1.0000000000000000        1.0000000000000000        1.0000000000000000        1.0000000000000000        1.0000000000000000        1.0000000000000000        1.0000000000000000        1.0000000000000000        1.0000000000000000     
   1.1335025225419406       0.99893434620577559        1.1507278226796329        1.2929274638885784        1.0165289738057848        1.0382278300304910       0.76233887305891146        1.1768444957063373        1.1525346789856061       0.98203056800969257     
  -22.906194398504791        5.1725065573708963E-002   3.7176099734312182        13.894418943567700        4.8348144797975090       -2.1790089543643122E-002   3.1314744164029547        3.5988779460702012        3.3046031787484464        4.1067225700159282     
   1.2663455635598930        3.2975042556644873        6.1412841264749067        5.1868459982008890        3.2048911104828091        4.9048165383161200        2.2308452345234797        3.9204765425054151        2.4001932872643925        1.8343380346977829     
   4.7017135214658836        4.3611244596164944        4.9849176826889474        3.2600803984430176        4.0754714319698131        4.3646692545156887        2.8957794239410624        4.0480352056921642        3.9373189303329190        2.8397463132506306     
   3.4374902434309900        5.3605378613040662        2.5861326911960170        3.1669972792451118        2.0863698116393832        3.9342904126379441        4.4964095506844348        2.7485188951180928        4.5996870051636582        4.0547010225930942     
   2.6666108210665769        5.1810196023574964        2.4741882461050615        2.7221580275633053        3.0061536855811379        5.3389243726988758        4.6516411879682931        3.6982145347928967        3.7981912733249246        3.8380310695534003     
   4.1173944117134615        3.6849671379211228        3.3829783953561501        2.3131300318742523        6.8942730817383193        5.7682006435234845        3.6910514268771717        2.7242464261957604        4.5828589324817148        5.6830549630157021     
   6.4720990324986243        5.9302750524664356        3.5591337186882614        2.4472235041557306        4.0852635053238568        3.8654776314145787        3.5994280057282220        4.4481216803866070        2.1759340325169800        2.9485347072819414     
   1.8831006933299548        13.098377797709219        3.4674799528003906        6.2200239066209377        5.0923805079267908        2.4612607161502957        2.6120744434675460        5.7013588470411269        5.0226495964572146        7.4577221755151450     
   2.1699641170578415E-002
           1           1           1           1           1           1           1           1           1           1
   6.8555120687331814E-002   3.7774132901838030E-002  -2.2748864707883683E-004   3.0064972657911957        8.6670992060910274E-004   1.8505740390501218E-006
   1.0788769070094204E-003   9.7025837588540374E-004   1.3438588683729709E-004  0.26407174667118877        1.3435566256637596E-004   2.1891371795881517E-007
   5.0000000000000001E-003   3.8767105749162392     
