   0.0000000000000000        0.0000000000000000        0.0000000000000000        0.0000000000000000        0.0000000000000000        0.0000000000000000        0.0000000000000000        0.0000000000000000        0.0000000000000000        0.0000000000000000     
   2.3565804460817918E-004   2.8524821649358032E-003   1.8152489637774501E-002   1.6553246737159237E-002   1.9161740433285494E-002  0.18613878150044255        7.5583639128735169E-002   5.9564172323694695E-002   1.8911356593094109E-002   1.6468048440268470E-002
   5.4698444487267617        6.3684080441018596        1.9664489775932879        2.0717775833230396        2.6302009424439228        3.1286478835233607        1.7687870702019333        2.4680871426835518        6.2561730629770320        1.9842178586485384     
   4.7085004220454409E-004   5.0470250373174331E-003   3.8286220263514831E-002   3.0828636891103767E-002   3.9080729156070526E-002  0.32228137681297425       0.11023193717370104       0.11792071094302430        3.5537554906594583E-002   3.3512933981809240E-002
   5.0413810688977563        3.9410517409259764        2.3079505500244735        2.0624448687907893        3.1580030249959732        6.0869886983033927        3.1500346979689424        2.9353184204890410        4.3572912542820896        2.5663334001979723     
   7.0721682776509213E-004   7.5484716103528813E-003   6.0311734377684695E-002   4.6078931750885149E-002   5.6232169312604247E-002  0.37068242197744272       0.13042657853445891       0.14940572459824658        4.8265320342539039E-002   4.9068499491753646E-002
   4.6380765198346019        2.6305406733039796        2.5032509976145794        3.4764986918256158        2.5123390349680919        3.2092657487001031        3.1257290729774359        2.3055579408031210        3.7113595859479558        2.2231660994949496     
   9.6846365244650831E-004   1.0004396722480265E-002   8.1524869186967094E-002   6.1868849822885860E-002   7.2394899172105689E-002  0.41587378282504783       0.14536352568141855       0.17448641416631749        5.9267124972030953E-002   6.1001195327727409E-002
   2.9296395509555597        2.7300941604438078        2.3311298053516074        2.4165179137654085        2.7287176761253855        3.3599059174529495        2.8088283206261146        2.3565003992382532        3.2872635679418880        1.8621508681174939     
   1.2590603288447444E-003   1.2888212880988504E-002  0.10356959284760704        7.7630506744347197E-002   8.7438392992622779E-002  0.44611218273009035       0.15735368075788628       0.19348416302360030        7.0616535458458571E-002   7.2864829796633571E-002
   2.5852237834334311        2.6200770643959399        2.1607690731346207        2.1991470402598319        2.3710553934032617        3.0353122293543793        3.0281680979630710        1.8247381395199946        3.1723626712136195        1.6171365476050577     
   1.5810368704514673E-003   1.6486576492020011E-002  0.12558871155713047        9.3893655058615633E-002  0.10147177660493786       0.46857993039879464       0.16595210488170628       0.21063456127227831        8.2689126338712698E-002   8.5943028094647558E-002
   2.5689920567596896        2.6520074740371116        2.6809049712557691        2.5365197033616562        2.3357315645807839        2.1477541360836798        2.4998724072962131        1.9730170760474575        2.6428038250652595        2.0242179522991508     
   1.9476124478065573E-003   2.0388952161854639E-002  0.14710446064187468       0.11020903529026049       0.11571915547204228       0.48207479433472183       0.17393360726382989       0.22782518629300652        9.4717811622388196E-002  0.10069282063830293     
   2.9552926848259764        2.2463354912343156        2.0659434916420447        2.0478536938383645        2.3339234321304283        1.9741367912701637        2.3334849546312730        1.7390759684498109        2.9837873624655082        2.0490728490222803     
   2.3597574962666329E-003   2.4727339386661846E-002  0.16834285432975288       0.12674418215261515       0.13050135357325993       0.49832025505316552       0.18083823810809285       0.24393433888278948       0.10673959458608646       0.11798893081054800     
   2.2604517092781049        2.6579180247431293        2.4806718187119432        1.9868222019284556        2.0230170000825094        2.8420298002951170        2.4977574402953038        2.5535899991026536        2.3151156754463948        2.8621443054242168     
   2.8364172410940687E-003   2.9204302983974560E-002  0.18971338064962465       0.14367581323405515       0.14769920002129480       0.51457685560398614       0.18712141883741551       0.25807035628353037       0.11938707640051043       0.13530195261103356     
   2.4853356877318409        2.8952071829130297        2.3404316279522175        2.6129435599614617        2.1837797807665020        2.0505163869870002        2.5480043286888323        2.0789835554546050        2.7085320895147453        2.3797637128480704     
   3.3316441250679802E-003   3.3638985423407791E-002  0.21146211431780249       0.16020460900405953       0.16614134170091577       0.53074093851809445       0.19350062028194942       0.26971936952838649       0.13312978094415170       0.15132356427939542     
   2.0882640773859826        2.3418416391550529        2.6314846778527650        2.4979862118919116        2.8973931174294125        2.2340737025616635        2.2844840065881198        2.1163376351333829        2.3203673692963513        2.1650728971404050     
   4.0187744364245355E-003   3.8417663241024198E-002  0.23353488555319640       0.17624738650577698       0.18558045446343863       0.54632636205416041       0.19966039684307191       0.28131063390529537       0.14793492264959998       0.16794817181687721     
   2.2864093585783913        2.8986440467737258        2.0674436942206644        1.8583638204188959        2.7171231705975529        2.4504082740175237        2.4499448751209636        2.1228740473921990        3.1104513462677388        2.3453766051665141     
   4.8516398157432564E-003   4.3366971180331011E-002  0.25498787613214713       0.19166284763118843       0.20376762285795580       0.56101994322405480       0.20564666087031391       0.29291020841327936       0.16246599905199999       0.18435659799803644     
   2.6926175968273376        2.4969831621523348        2.2212388646991417        1.9653877403773847        2.1926271029883404        2.3966544511236156        1.9740091218309086        2.2784901946919001        2.7691425514559871        2.4163365200473348     
   5.7894193446935806E-003   4.8150948746514897E-002  0.27477871583518443       0.20544082442816608       0.22150452731968021       0.57443653629290947       0.21205799889256780       0.30474542160163259       0.17574915662533747       0.20225522724608916     
   2.6330555821968855        2.9228514496796834        2.7484156561526025        2.1041833753956198        2.5736016548854699        2.3849480876758555        2.6965076254593177        2.3871486919691915        2.7075844067451893        2.4616029000418012     
   6.8320170353650400E-003   5.3033153479493889E-002  0.29450879768814708       0.21902304287851876       0.23806826654939522       0.58555413691342217       0.21847195788254611       0.31647793819467290       0.18833618814585901       0.22060481463222043     
   2.1381758124942754        2.8069859611205605        1.9589533787419393        2.5495441683586937        3.1000938786378920        2.0672712113056746        2.0593721167490098        1.9604966674131570        2.4041783019801133        2.0648061906849597     
   8.0400097184377874E-003   5.8118147083196556E-002  0.31151668911339669       0.23379078607626103       0.25403148909017575       0.59685886328664073       0.22445008602503894       0.32822887009046520       0.20044794395978804       0.23852057033754778     
   2.2712895010089347        2.8605387732474017        2.1089495685369597        2.3483748793391173        2.2563312651263772        1.9986989816640073        2.1099739751985043        1.8748677088554389        2.0397500822075378        2.7507747322338760     
   9.4553151716449766E-003   6.3419202846506650E-002  0.32885842378055608       0.24920709727363610       0.27027290364578338       0.60900337241619817       0.23009298274882858       0.33968472977580916       0.21240925813140663       0.25513130933592820     
   2.1712357966705977        2.1311673238572721        2.7035450714887346        1.8923551764625159        2.2238929268035124        2.5010220503142864        2.3601696055461319        2.0465582313479596        2.3520785259056565        2.1649398336905943     
   1.1079488592221413E-002   6.8963938085446999E-002  0.34625394101392737       0.26584496467461233       0.28673252063747490       0.62200574573202594       0.23611664994645626       0.35160764203374656       0.22553644576738563       0.27295565820763695     
   2.5573481820962609        1.9526943988402827        2.7504135159125740        2.6530788695819068        2.4107595641150668        2.3758766530686319        2.7390940901183827        1.8253266882709061        2.3416064544655462        2.3011361279948801     
   1.2816135851408218E-002   7.4617231681085042E-002  0.36377213625248817       0.28322291531146715       0.30290401484499468       0.63414876733069703       0.24129348128583863       0.36402616330064447       0.23996788131278821       0.29067271511092652     
   2.2283243063040481        2.0453920752317583        2.4666318005731669        2.1966038351496748        2.3911511893808552        2.5431252953055052        2.0050598806756175        2.1115803959174491        2.2420811874340516        2.4426109151789293     
   1.4866817661695590E-002   8.0142004136350600E-002  0.38044345742751806       0.30061763067729336       0.31742778785140480       0.64492844670312699       0.24604181369418568       0.37635780893964033       0.25388696303061103       0.30887505687377514     
   2.4425488993529534        2.0207638694703940        2.0130755227835015        2.1011102778569719        2.0496473196038192        2.7395644114913043        2.3766503389613396        2.5568611919150617        2.8475603084393506        2.3778172835028002     
   1.7249469681990579E-002   8.5056847386872803E-002  0.39514917245650355       0.31719053405397596       0.33053142561977827       0.65509321779325136       0.25105404310612178       0.38734266501514569       0.26863581718257618       0.32663546937721161     
   2.3119450644665434        1.7731514941401243        2.1031856232176538        2.3909098445633816        2.1756118492998375        2.2704594547495844        1.8576132323881795        1.8488106429340756        2.4389072721831746        2.6792611858769533     
   2.0072105933860655E-002   9.0290970377697496E-002  0.41003750434622188       0.33228841705057605       0.34350399782419994       0.66540652890340346       0.25634797166293843       0.39748113921486339       0.28276541452399845       0.34385687886549704     
   2.1870187105125467        1.9350851624877914        2.0644927604740593        2.6878080715886004        1.9591819933387400        2.3149425661198157        2.3786336497351082        1.8484013422519725        2.6043558920140799        2.5818378590096489     
   2.3361738611257697E-002   9.6968904216625615E-002  0.42612168423796426       0.34552630021666592       0.35805097475583941       0.67507533152349841       0.26240038742259408       0.40732841105120515       0.29584603648574587       0.36036508589117627     
   2.4518548419406616        2.8872961843022735        2.3771517168429690        2.3029105982411999        1.9777326643691020        2.4256630470915428        2.3132924487610373        2.2199522677755752        1.9421207207188815        2.4004976450887452     
   2.6969327330781230E-002  0.10461437756744030       0.44320888949258536       0.35861650691196867       0.37412850782886964       0.68486611277663090       0.26955845090615232       0.41912245141343235       0.30897412431425664       0.37579930351597274     
   2.3806964615445625        2.1840382467852590        2.0159750456789611        2.3380353196390962        2.7471437854444609        2.0275183699575541        2.2747783284595902        2.1721378535132394        2.3772526126110303        2.2548024777873907     
   3.0959589712601050E-002  0.11279474503137271       0.45949383463285520       0.37219259744250077       0.39275413296770451       0.69356940582756954       0.27617604511916616       0.43323254184985266       0.32274326410037163       0.39082889204314897     
   1.9160563272347180        1.9719327772953033        2.1465143333571048        1.9417946433605351        2.3234830776819981        2.1180437601703144        2.9316453280870238        2.0907032574504480        2.4851517898573627        2.8224154169862148     
   3.5931462714367861E-002  0.12118748193114715       0.47500509593245899       0.38763706544042142       0.40797269113263135       0.70246746380409097       0.28255157510586443       0.44787097542716947       0.33722258095239982       0.40494473592471919     
   2.0551251320868045        2.3484756829119204        2.1221035207135199        2.1357349045059664        2.2827144612409982        2.6035804296750680        2.2772977067024001        2.3151908886418600        1.9986829921436235        2.8009905032058193     
   4.1108999788670914E-002  0.12963539494520868       0.48948060446730812       0.40467527441417139       0.42173266254725172       0.71169097988141816       0.28894671672708105       0.46191131432773141       0.35270498735227757       0.41868772923530245     
   2.2263688119980141        2.1760881537702574        1.6283096697230173        2.6006617240474825        1.8284469035070099        2.3286849718752172        2.3198322108664211        2.0920623926932462        2.1079362409501750        2.4487785864379110     
   4.6375636635275226E-002  0.13837006626200113       0.50627889202079279       0.42015062153762733       0.43458463088577765       0.72093883221630584       0.29522253886926625       0.47683249145212508       0.36967309669423848       0.43105786467004453     
   2.0667998628200026        2.9546000495400060        2.1614161506301079        1.7103424106637346        1.8154456065328242        1.9563473420775352        2.4506234774053852        2.4934485501017503        2.2954764469034408        1.8919121897340780     
   5.2339109256203782E-002  0.14737912480008511       0.52336817449618767       0.43577919880861049       0.44808273543639110       0.73007538716715037       0.30196517907951120       0.49226646417188435       0.38733323022983029       0.44390397457104275     
   1.5045727896119572        2.3842156105282459        2.1637109341031642        1.8245463431121698        1.8984882483541650        2.5019050141789649        2.1278732901437936        1.8255572342181245        2.5074935345849032        2.2602396382048671     
   5.9480260131571303E-002  0.15705870808812497       0.53897547613179053       0.45093579160456809       0.46285466372806205       0.73911434277020371       0.30934776390681668       0.50783195435857142       0.40294945924615727       0.45752048750190843     
   2.1871072646994540        1.9925722261257206        1.8865352279210497        2.8924653636059636        2.2643008657436732        2.0574950664009548        3.3126922020035812        2.3693613843041428        2.0249547925336540        1.7999679600088305     
   6.8126082693892642E-002  0.16670440562818228       0.55329102289844634       0.46661193327664852       0.47734636794147461       0.74721216844844307       0.31557328834598830       0.52417776619425893       0.41734935225299269       0.47145304218307799     
   2.3185396288068540        2.4032706407858027        2.1550399169629366        2.2485325841694475        2.0734495329904772        1.8171669877257375        2.1641133428779415        2.6934774876508003        1.7457317114529700        1.9396698582167431     
   7.6739330457836444E-002  0.17734634011888029       0.56703505808863019       0.48318688087346900       0.49212655571249403       0.75474676340107316       0.32169380760780542       0.54111927466551779       0.43200467869654763       0.48569239318674917     
   2.2185081489485325        2.2883467789629499        2.0130226776140319        2.0324334385578715        2.4583983386834389        2.0523238840885525        2.2396881088524085        2.3399214758882336        2.6167975731420352        2.1670432519556471     
   8.5663639552532922E-002  0.18865589708957087       0.58123908264269686       0.49919717858431956       0.50771859130924157       0.76231003746800907       0.32774394026658848       0.55835564126016479       0.44764933070795082       0.50066263978962622     
   2.4032401123488039        2.3458274136687445        2.7181785058719736        2.6134094665767584        2.7833091657068394        1.7890348791289250        2.1826553888471243        2.0504930055615489        1.9821069775918210        2.4011664018446144     
   9.6149776060144965E-002  0.20006779927572158       0.59624503052892852       0.51379933406842815       0.52226776680883213       0.77005825109440884       0.33379210970044693       0.57484355671551557       0.46444007112160035       0.51562896960565618     
   1.8408474646464288        2.3397544938224550        2.0991627051420547        2.1826110068531221        2.2100720562915637        1.8860935501717710        1.9632036890457407        2.3449898056247194        2.1484039749902051        2.4531945059581033     
  0.11004382069406361       0.21151045480174782       0.61282393701124138       0.52901528755615557       0.53626059220738576       0.77764261495360865       0.33999792785189076       0.59059103618269526       0.48038175577506970       0.53039468356190522     
   2.1430809154240769        2.1530891626695960        2.1421617522874907        2.4830508569701548        2.5438717618025568        1.8831041316636583        1.9465255747107726        2.0758608697164345        2.4067409240746747        2.4755229914767951     
  0.12717928589306443       0.22312237141237665       0.62900976363499883       0.54440067180815011       0.55058788878877418       0.78425017525739504       0.34655686910774841       0.60565587804764354       0.49580470215752298       0.54486622883633939     
   2.1446222634602643        2.3989064418503649        2.2131999244310427        2.5117632809221559        1.6304873584003645        1.7945440785007676        1.9343166037833175        1.8111747064665300        2.0280376850104314        2.3005974755045382     
  0.14576713375524683       0.23479712286356300       0.64362456220934972       0.55862589198002899       0.56668261102760387       0.78989297647793333       0.35369149672641259       0.61878471641580657       0.51179350416644687       0.55909144115943432     
   1.9428197582784437        2.2101563112197584        2.2097609284753958        2.0080524588117541        2.3711811560664615        1.7913823765925820        2.2562795999825780        2.2314898064541664        2.0886014002521400        3.0028777311914610     
  0.16535567561653419       0.24587658197326787       0.65808944635983047       0.57252194384506550       0.58470167524721539       0.79585030454902983       0.36119009398057517       0.63362019882187004       0.52864651833661980       0.57328876583776966     
   2.0741970095963356        2.0401656329583773        2.0096648805906501        1.8995772824901036        2.1587361469400634        1.7384729671488099        1.7529123266785742        1.9545022751008092        2.8529131431387276        2.1563435303831842     
  0.18744678450861341       0.25884513698922151       0.67327477725557172       0.58593506949389440       0.60177616519220434       0.80259510297902803       0.36871807948345392       0.65191555385885724       0.54383830665609945       0.58794144975407525     
   2.1882201006317770        2.1220286680343041        2.3522520147911385        2.4753433312265725        2.3753455800138386        2.1512470059730080        2.0921387386131522        1.9534515755457151        2.0640034971519308        2.6846663767028858     
  0.21260043835921238       0.27208045743560300       0.68714372823862768       0.60039525551379858       0.61787048910194320       0.81019162479058393       0.37601024252762166       0.67171739515534024       0.55811010119353388       0.60405465352979704     
   1.8571540187844064        2.1167558652035692        2.3709710432633719        2.1843333560795193        1.9475878121208796        2.0539453095857239        2.0478382254672871        2.2334860284058808        2.1385999219476934        2.3555877779463223     
  0.24560010460753137       0.28517051760458095       0.70056789544922127       0.61482552736093454       0.63382373733282149       0.81776456031232525       0.38318596266119509       0.69125007096117652       0.57319124830905377       0.62025566011325040     
   3.6751801653497846        2.2219153146292729        1.7922997398830756        2.0023634493504598        2.1952004094524056        2.2440307570943760        3.0352814262225656        2.6227699077893076        1.9691231765561750        2.9051463453026969     
  0.29291852547762603       0.29720027410999283       0.71355037023801604       0.62882577639453652       0.64969278939365638       0.82468118931629664       0.39061580923163391       0.71112992536348774       0.58907510727498424       0.63688604712420815     
   1.5972027403755940        1.8940832713680504        2.2590323085275248        2.1175647077566264        2.5780477661388872        2.0954168151122405        1.8712563203916230        2.2958373865805646        1.9600341319622763        2.7967724259222941     
  0.35882688712678162       0.31173773495700741       0.72497404933480425       0.64230164436429382       0.66515891597426047       0.83194951446313692       0.39847404043576817       0.73114659495584378       0.60454475549349740       0.65115608865922836     
   1.7557018623811294        1.9533247525420998        2.3525055708968083        2.5387879715616295        2.2450138888263078        1.8977523684896302        2.1732261067549272        3.7242916591587827        1.9277494452039987        2.2495588208780908     
  0.41981779371520916       0.32680926868303734       0.73801754119503438       0.65777098515753762       0.67955492448055577       0.83964417098637767       0.40696387441348525       0.75020433313415347       0.61887049239578418       0.66515458262371163     
   2.1257216190667800        2.4681568198658064        2.5798422496304396        2.3710183381555341        2.2602307429853177        2.2827709263376379        2.4419249002851009        3.1342862462298098        2.0059684075964652        2.4918561750461006     
  0.48298716878282344       0.34132588335438474       0.75085938516404904       0.67291473733292873       0.69408887761365246       0.84730799574384141       0.41625042189438133       0.76746564860034039       0.63257219653319974       0.67802696395663486     
   2.1351953695093586        1.7836538851448878        2.3084438092297406        2.6409021178846102        2.5933419612606121        2.2607836532445038        2.5869276486879991        2.6404580668388253        2.3178180039508023        2.1201948282658711     
  0.54726465741423103       0.35455903743849049       0.76463429435996011       0.68908943638514886       0.70936283081368112       0.85516369043611540       0.42561584516251783       0.78363335429421155       0.64593016651406954       0.69266946962952980     
   2.0697473425617265        2.2277839840413032        3.2074669900991766        2.3127507954155404        2.3858914313255410        2.1361344000986024        2.2479995579022809        2.0284323761778951        1.8258683708285743        2.4611685087645987     
  0.60673661776653154       0.36939238248304135       0.77845212659924090       0.70559244687160771       0.72526849486898004       0.86293774116937960       0.43471727776690983       0.80041209111306133       0.65947292283924608       0.70908971579080182     
   2.3110400631488721        2.2251199347361976        2.3722404866701279        2.5512204617869414        2.3440798196310566        2.6097657905531952        2.0746580791363858        2.9905923992362142        1.6893464317670301        2.4846745671910431     
  0.65320643501566122       0.38625581107529161       0.79312253749575012       0.72119066664749121       0.74087128886961018       0.87064088972841414       0.44364846686422960       0.81459034328895696       0.67240113861547213       0.72528158389155373     
   2.0259801313538883        1.8469583593925740        2.4623787103633679        2.6931602148853737        2.6190138514136616        1.7765223814703170        2.4094459855740618        2.5622017747031340        1.7869101727282346        2.3144848018728315     
  0.69191625269461499       0.40645356005693362       0.80900996966671912       0.73697857627382934       0.75555135539287044       0.87797430867396542       0.45306747595815250       0.82760343102526313       0.68671362827136184       0.74065931465026835     
   1.9991713764708599        2.3871990021350964        2.7854391471709730        2.6197846605667059        2.4455588652874645        2.3352772867872083        2.0458970831307552        2.4141247695869383        2.0970599842644080        2.3253823725614091     
  0.72494073646957791       0.42795972564621831       0.82400656277259110       0.75287299935642815       0.77008896840812879       0.88508914574559094       0.46347134972404347       0.84082426795916720       0.69931205807252994       0.75653149716881940     
   1.9534705435741406        2.2515731898362445        3.1345287448481134        2.4623232963543802        2.5574630560194196        2.2821461103532030        2.4313855936682960        2.0061599915497603        1.9968771825941996        2.3584931680619432     
  0.75560806549359338       0.44944450595658031       0.83640885673592369       0.76915491597809138       0.78322414081284530       0.89205857320444970       0.47480860187911605       0.85405792023859128       0.71346526074127758       0.77207656056565266     
   1.6419314509005154        2.1484670022503378        2.5196969749622724        2.1748878804724994        1.9802271203797277        2.5917933642650643        1.8857020471317376        2.7685368419883729        1.9431183367253839        2.1068158952387588     
  0.78152628986810957       0.47055344131613797       0.84662862346433143       0.78601461528745786       0.79831325403557163       0.89889567365065626       0.48702192644885950       0.86720803726913698       0.73161100900455345       0.78937395545227607     
   2.0501767053922402        1.7212286521554716        2.2259480618059366        2.7402142489580834        2.3266223233803101        2.2204375032228265        2.1833975946939290        2.7013846488860387        2.1574256500201683        2.3340513379164829     
  0.80729958861165330       0.49130849534819054       0.85593304040420803       0.80314984289828295       0.81444974853478724       0.90543130623520218       0.49992424223153598       0.87866411022798141       0.74957723538029875       0.80613353935947507     
   2.2873294818877836        2.5816832051071654        2.4917541276858759        2.1960130016936250        2.2201931614707489        1.9777522389665916        3.0335627420970313        2.3069171533798314        1.8065033402765329        2.4253381901807400     
  0.83207354467583272       0.51232663755653374       0.86566618530100692       0.82087686675846472       0.82929887454841367       0.91188845937061380       0.51326742757832411       0.88622891717246721       0.76908638958254749       0.82133975198701825     
   1.8992977464515377        1.8083505471676591        2.4803970320836379        2.4868904026545593        2.0860399961200895        2.8604020214474168        2.0480021266181359        1.8545175593681476        2.0097214934537551        2.1392666578355191     
  0.85132890483196999       0.53530636609038973       0.87688813258094411       0.83797588541329515       0.84607703832804648       0.91832352136854478       0.52638756729716962       0.89622436539761352       0.78900933617936164       0.83608946256734396     
   1.7019987473796847        2.1941763071023646        2.1991399694873888        2.6853649478907613        2.6784152005456279        2.0785318035801024        2.8915028749487384        1.8711006907985770        1.9615400298693089        2.1688552794976999     
  0.86821067153480580       0.56187360046569101       0.88860366212764241       0.85445367792971638       0.86481883840420404       0.92494548442246960       0.53949962048846245       0.90683146711995821       0.80980185287549400       0.85002566832875570     
   2.6348787912614049        1.7849351855681752        2.1922813805330517        2.5513909088214999        2.6060771315568392        1.7824030640625297        2.4706707017161773        2.2093505502426436        2.5046509336577651        2.5503028951558648     
  0.88519234729264862       0.59232410959802773       0.89941158203144311       0.87043952140979775       0.87974686493430032       0.93197055874496126       0.55504596330713252       0.91877050344445388       0.83135927406175225       0.86394378510793857     
   2.1529728182339820        2.2665519472810991        1.9826229837486673        2.2245008603440288        2.0200891215543737        2.6113565291123662        2.8639216231504516        2.1264386678874452        3.0026128868195188        2.0764514967926098     
  0.90055387327124936       0.62313320212785461       0.90990467850991830       0.88473861904810513       0.89226769105800363       0.93906359922750748       0.57152111750308643       0.93047021267654928       0.85520028485054056       0.87761419122814777     
   2.1122697493189082        1.8277043295879669        2.5050256028673492        2.1516093326374213        2.1433907514949526        2.2882976678983957        2.1300113314671227        2.8227393089534587        1.9628420688079122        2.0520472869139135     
  0.91663646199624849       0.66007662744333551       0.92121724137615579       0.89788322827074796       0.90430446789012431       0.94618606012308570       0.59015702957425054       0.94106413702731051       0.87970262035326363       0.89198485678741735     
   2.0741801368256643        2.0879600992268394        2.5577630102495097        1.9185937048571702        1.8928670055397145        2.5559515346732011        2.2348345371952432        2.4337979765930990        2.5173644787928606        2.2178248441682937     
  0.93238538420070094       0.69934273164201521       0.93361962472604865       0.91177852551592764       0.91826780397593721       0.95348437507499850       0.60902025701511420       0.95160679826864891       0.90243653759523135       0.90878098870629542     
   2.6997389878525668        2.4072379959835062        2.4763041195980930        2.5055056174829948        2.1027100039317825        2.5394463464948833        2.5253141244261768        3.1881467747320431        2.0815807989884996        2.0728024953352695     
  0.94782655348804001       0.73714297278162633       0.94698721067708891       0.92537729018350512       0.93374517512561350       0.96108917081394329       0.62938659919864393       0.96203678613261756       0.92472329718025426       0.92776233639676431     
   2.9917553198211926        2.0663219517844946        2.7238468485850595        2.4084820564094751        2.7776258901086628        2.8390029574943711        1.7671092455707604        2.3858184032442717        1.7790825761634872        2.5799106372522727     
  0.96137635037418834       0.77601194099084869       0.96070906733849226       0.94374302047789760       0.94942986355225201       0.96936513847738193       0.65073717678906096       0.97206770833552525       0.94494976050161517       0.94549499753008548     
   2.4524566957384883        2.3501019127449183        2.5813339740950898        2.5155193585845250        2.7778814944620613        2.2067778306883317        2.0945332383107296        2.6357965969843673        2.1710968088928917        1.8735943326092792     
  0.97467846782120360       0.82116231605558354       0.97460723917781289       0.96256458345736717       0.96585351314768064       0.97768560037623087       0.69007389129041230       0.98140231578116122       0.96479806723723527       0.96292757531297690     
   2.0556355332145335        1.9518050482785296        2.7768720144445931        2.4805957638884042        2.1368635315434190        2.6583351354842351        2.5352768641303061        3.4308284747207574        1.8666680600437986        2.5180831993030277     
  0.98777459389505540       0.89167703746502247       0.98715553273352930       0.98186066086964985       0.98285224368449509       0.98696399669051738       0.80687913056534843       0.99044962889213151       0.98186837681629346       0.98160812641625361     
   2.6424979553625367        2.2500475317365143        2.6258194721456798        2.7665873098416864        2.2800606886890158        2.1600673838814655        3.0327076645616273        3.1772512459219620        1.9875133603017332        2.3686080676695944     
   1.0000000000000000        1.0000000000000000        1.0000000000000000        1.0000000000000000        1.0000000000000000        1.0000000000000000        1.0000000000000000        1.0000000000000000        1.0000000000000000        1.0000000000000000     
   2.9102409070355733        2.7716258877273550        2.2991536328439723        2.2477997886880563        2.2489335304803384        3.2163688089314664        1.5039904278608978        3.8887785853921684        1.8456687398457710        2.3061834171048932     
  -15.341677290112804        9.6941061479296984       -6.4082126313655587        6.2654883872479167E-002 -0.57662757730357694       -7.3496103976350282        15.377155573384398       -15.858441912256962       -8.0098000909772491        6.8191754549822310     
 -0.18335134050349777       -2.6376226460984533        2.7927204803992991       -5.4551645524267194       -6.1236927237550267        1.3756441646441151       -6.3183059742670657       -1.7892457490778872       -2.5972046375728279       -9.1497974161441523E-002
   6.3199295532257729       -6.3990096939004646       0.10206932033755246        3.9602432293463981        4.5232746226541583        3.1912203573650646       -2.0597398287132550E-002  -7.7348378206465016        6.2495574906465690       -4.2992633011641006     
   5.7431234167994338       -6.7739855152143003       -2.3187596933120572E-002   1.4708287758657947       -5.6745053167694701       -2.1283020964240777       -3.1917876015781794       -5.0465273582896693       -2.7793737384838395       -4.0967700000670266     
   2.3060477026037436       -8.5450645129954736       0.13513966529961491       -4.7671528751630436       -3.3751547152097197       -8.3908302362650318       -3.4105467614698024        1.7681007586971937       -2.7468868737104661       -2.7185094663876312     
   13.896966583019582       -16.008303657446742       -6.0293491920031785       -2.5753880442300106       -4.4061228467239468       -5.6856303005711109        1.2487032118400241        3.4295404246328189       -1.0864153610108260       -4.9243211076148237     
   9.7547876179625383       -5.9811026345994440       -1.4107519451654480       -1.5068073266186408        4.8528236347237321       0.83867637328809796        4.0879250124676014       -5.2089533006128503        3.3945870073737581       0.49106213055714687     
   22.419027695544667        7.4791098191081238        1.1646897548488890       -5.1235137927691072        5.6038455121669246        5.7932489722329592        6.0406660221245048      -0.30264843151808696       -5.2615996127305236       -5.5579778633403336     
   209.90526025728897     
           1           1           1           1           1           1           1           1           1           1
   14.558797298167123        4.9954541890601938       -3.8865477545437330E-002  -3.7685019033906415       0.49966919848940500        3.5267795269099529E-004
   6.4819062063739885E-002   6.0188793356276395E-002   1.7269472216356500E-002  0.17728995943388035        1.7264885861121800E-002   1.1071861387818421E-005
   5.0000000000000001E-003  -5.3118483077466907     
