   0.0000000000000000        0.0000000000000000        0.0000000000000000        0.0000000000000000        0.0000000000000000        0.0000000000000000        0.0000000000000000        0.0000000000000000        0.0000000000000000        0.0000000000000000     
   1.9562644118142768E-003   4.8170348611237829E-003   1.6209670532070543E-002   3.9687113026956058E-002   1.3443982396400945E-002  0.19520445127891342       0.16636565065274289       0.10028899117473787        1.1536177897463017E-002   1.5114832814685846E-002
   2.8995871917992635        3.1174684338224754        2.1942455569891783        2.2836931084552110        2.4030207834893331        1.9658764235797046        2.5046410328911035        2.3373340470551196        2.8644616693645393        2.6615957300371669     
   3.9136214398775310E-003   8.7428506640668709E-003   3.3131912526635991E-002   7.4968270063187487E-002   2.9024426440136555E-002  0.32182171161167067       0.23152313353370577       0.16465523289472203        2.2520975149282970E-002   3.0226038089910087E-002
   3.3222614118974518        2.8585104493802826        2.0232687055197953        3.1894680254416832        1.7620853374501502        4.0896258972461270        3.1248917782863255        2.4928446630610952        2.4934320553638107        1.7778283499944540     
   5.9108390498599679E-003   1.1470621524279884E-002   4.9567412983613661E-002  0.10011247072493867        4.7630173894213208E-002  0.36310826064549279       0.26198098356603944       0.19809389827781096        3.1393299932494040E-002   4.5680786901325106E-002
   2.2164813141058644        2.0884713733688964        1.9554824724510198        2.3704206410655115        1.9487152733449109        2.1695396832758309        2.7855359209120421        2.7562568103640270        2.1192079656985983        2.1271206558273348     
   7.9419386317638382E-003   1.4193886336900744E-002   6.5660825387903868E-002  0.11904950471224547        6.6379123746398400E-002  0.39832639759564104       0.28310104312793216       0.22269486295641636        3.8861066121340236E-002   6.1031422132998586E-002
   2.1059347355346700        2.8674654806742659        2.3976483079951270        2.2233474347031756        2.1299981814456133        2.5241599393717089        2.2933786395665119        2.9241227154897920        2.0395105068218595        2.4423924464397695     
   1.0663030043788263E-002   1.7045396885081332E-002   8.2350103508705419E-002  0.13556160292374442        8.5681155262597383E-002  0.42657431267679941       0.30001736797604533       0.24105050993697430        4.6476267291841691E-002   7.6590821451611946E-002
   2.0490138702867964        2.2146989240804902        2.4994075904396786        2.1700826250138276        2.0991434909243689        2.2220164360349819        2.4511742296878563        2.6174996235079613        2.1032876464316610        1.8864650373578167     
   1.3604978171067100E-002   2.0121905132197318E-002   9.8113232259341598E-002  0.15067982219113538       0.10553644724777900       0.45272878475001138       0.31318316551384717       0.25853971195721748        5.4820946258351495E-002   9.2895906011850660E-002
   2.8532474570049189        2.4336717956247358        1.7373068670940863        2.0289186389353091        2.2691739348567537        2.8870847576182657        2.0075993679703270        3.0585307359446063        2.6327714354894565        1.9104283757514524     
   1.6719605663965405E-002   2.3331219705910303E-002  0.11423378825028144       0.16610497683373626       0.12170570023700576       0.47158512692880278       0.32579037446466930       0.27449803904149966        6.4386038917060254E-002  0.10851780994106765     
   2.5230494962124146        2.1637731462904828        2.3547351792315516        2.2550130021235346        1.9626494966402872        2.2308501382548540        2.1326818636661091        1.9234867877434016        2.3965209722356189        2.4210419518807260     
   1.9918383391472644E-002   2.5847525834621222E-002  0.12969132469454114       0.18423712068392570       0.13826532464530558       0.48945564745992570       0.33734470876853767       0.28992749114553246        7.5622922170458046E-002  0.12457054871405035     
   1.7588675072813322        2.0791441794399206        2.0379383341547985        2.0890394970287236        2.2613385735822638        2.0060787533812521        2.1406228028042826        2.6423224869679229        3.6216882939016077        1.9012632316988720     
   2.3060651288433674E-002   2.8448402032108855E-002  0.14574907653124444       0.20338531049067865       0.15624790064248265       0.50527059441964217       0.34785270037647020       0.30444649143833352        8.5355807729960431E-002  0.14005168815604221     
   1.9047756110799872        1.5641032903673608        1.9702285508472190        2.2227091972790789        2.1273817917641424        2.4450581232248210        1.6023220906938314        2.0664657621071090        2.3785146940676989        2.1927800114157958     
   2.6475556668151431E-002   3.1118716074912969E-002  0.16129028440150459       0.22209008271117764       0.17427250538234548       0.52111410892139010       0.35708220385828082       0.31778971409497186        9.4380759636776460E-002  0.15504011154067540     
   1.9582176125461999        1.7124338902964034        1.8099798866448680        2.3579849515235307        1.6226829498554070        1.9484856354260838        2.1446767494019445        1.7742033059627103        2.1221734291489960        1.9282265396699616     
   3.0216847997993554E-002   3.4018906875028447E-002  0.17659266561330952       0.24249661101443787       0.19156662617042852       0.53508053634577479       0.36544867094196065       0.33072619403380410       0.10334386716498889       0.17099252909617341     
   2.8080074441786445        1.8558621404626869        2.1049549393837053        1.8036827941549782        2.3851878352891309        1.9086018061317784        2.0271381467322218        1.5298068891641843        2.0073998816381282        2.3993606831379628     
   3.4616935164366362E-002   3.7511237476835650E-002  0.19205272764224526       0.26056051355732768       0.20924930368499001       0.54799972729372570       0.37349643408902317       0.34334777527645866       0.11238426190594270       0.18852307529775911     
   2.5945313654680788        2.0455485281948400        2.0334521153744651        2.4064439951043144        2.0465086127105354        2.4710232733787776        2.3246726810428533        1.9475881083066429        2.1272063755780519        1.7801613933368676     
   3.9180403269845857E-002   4.1416128399894787E-002  0.20857657230507315       0.27647281370705168       0.22861182966316365       0.56026331143306574       0.38181129737217573       0.35693994623688463       0.12150638788121403       0.20242290688423345     
   1.9491124083956857        2.1669436438635512        1.8420908963722495        2.1602508806177014        2.1873653961969639        1.8688730397224140        2.3257747206011885        2.4689322514224159        2.1229952317345688        1.8854624002228022     
   4.3918872603423302E-002   4.5211401862001677E-002  0.22504494249322385       0.29088777646408565       0.24769214106179582       0.57205873467574198       0.38938352736551668       0.37064646945838858       0.13122871012160120       0.21625405900802239     
   1.8312013748820368        2.3582614030597568        2.7140659649816512        2.1467500743754502        2.0383199413607058        1.9807758308527714        1.9248521547423527        2.6972153130694494        1.8083287383260747        1.7882527516279076     
   4.8773153251933134E-002   4.8949786131658159E-002  0.24031120030761005       0.30578780189652005       0.26511498185607790       0.58296517897103306       0.39612705261775472       0.38419652430006784       0.14224654862222150       0.22998646445064450     
   1.8548065000361131        2.0205018843799674        1.7467420054667657        2.2072480568809318        1.9176022355588840        2.0052205562939593        2.0204361484934630        2.2902821219633238        2.2877168268337753        1.8725552601965378     
   5.3912137391953122E-002   5.2588453309279574E-002  0.25557119449693194       0.32287300803261160       0.28074895587474907       0.59401078433621257       0.40226215073002075       0.39760804691550217       0.15532450267171374       0.24370411144170051     
   2.0247179884661297        2.1548509700792486        1.8995640139690786        1.9516005336866333        2.2021541521639318        2.0786520383317590        1.8961920448692375        2.3342217004079604        2.3925858867881553        1.9497703969998266     
   5.9337842819054805E-002   5.6322463955890585E-002  0.27117690564808283       0.33908049076433183       0.29382238030823893       0.60478624447502760       0.40843918495408260       0.41030434820102496       0.17044995925530435       0.25953059445747184     
   1.8212197027109016        1.8525558636531372        2.4175822977574044        2.1873661995739631        1.7834386134066176        2.0752094468253746        2.0357968489394804        1.7382621928741271        2.1062881376916636        1.6454233351671768     
   6.4868069645384371E-002   6.0230177679158045E-002  0.28780616425235178       0.35391235888046713       0.30642765337778183       0.61552160900915920       0.41515705283898929       0.42265079456045135       0.18640498466007083       0.27672114452195723     
   1.7418942192199585        2.4648558916107279        2.5306839997575543        1.6139921845610892        1.8017096622658724        2.2469424748974762        1.7351651941016693        1.9795646895966701        2.1011631592615854        2.5395412469019805     
   7.0351469795077740E-002   6.4237316792834731E-002  0.30431546273645360       0.36819728026189569       0.31937014444939310       0.62577818869790303       0.42266744819288066       0.43547517231929539       0.20211319932415478       0.29445695448328874     
   2.2096782044140082        1.8540199107085431        2.2302204733549802        2.1593523602093563        1.8907220055386884        1.8446480373886192        2.0491961087979917        2.2282934111262325        2.9147239799543017        2.4564494762163913     
   7.6213355681782211E-002   6.8629230800328414E-002  0.31887150915735785       0.38200509282061024       0.33317257402964662       0.63563507405153197       0.43044850837536036       0.44908144306900666       0.21717458548950977       0.31282315227447355     
   1.8635525092851213        2.2521363352195154        2.1594646686628094        1.8621175169976634        2.0282623342776112        1.9564485264708706        3.0926759561068708        2.1250438101530955        2.7602999765819085        1.8747224026491147     
   8.2945766862718096E-002   7.3043022188440651E-002  0.33339598034736428       0.39554535776247679       0.34888707441168881       0.64509256296737361       0.43789876985561815       0.46248374206450987       0.23211550998601768       0.33145722335125594     
   2.2091885897736137        1.8259933127143226        2.2568983901167496        1.9960673543214826        2.4828238203988811        1.9176423423457887        2.1860517513220947        2.4421687931929190        1.9984146631742989        2.4285136520185442     
   9.0333636911450285E-002   7.7394060433407047E-002  0.34777122090766482       0.40927054982324107       0.36156708802267928       0.65470752020664380       0.44507027718693692       0.47575986559960437       0.24729490364195500       0.34974142141612152     
   2.1174699183862522        2.1703930947799739        1.9435605899897810        1.7533421142882373        1.8126430208059823        2.1610097434621820        2.0171373753086428        2.4513722182688760        2.1331928959439832        2.2265935501030452     
   9.8003289837908000E-002   8.2140864837340663E-002  0.36339845093416179       0.42348247576045334       0.37304115324393083       0.66511637799497025       0.45210659841854645       0.48955763876087638       0.26328863425698873       0.36783570777760444     
   1.9039417411707829        2.0879589421073428        2.0810822140969072        2.1146065522458084        1.7481865228033331        1.9401084519577512        1.7925745736678267        2.2864256152082691        2.1651776313953692        1.6352546822829845     
  0.10537433874573915        8.7114422426716701E-002  0.38025600903363777       0.43743801425465312       0.38451234880274066       0.67527688184630630       0.45909938208209922       0.50323260593133068       0.28068833016607425       0.38480858617049418     
   1.7676209504341889        1.9506465572431515        2.1379322863046761        1.6794054251651207        1.4806998630210391        2.7322783965985833        2.1770445844586193        1.8757188120058192        2.7265373546970944        2.4990586376987265     
  0.11259937211428016        9.2291293909873007E-002  0.39610014808659322       0.45148283207609824       0.39721255757399487       0.68507515981180511       0.46613946475846985       0.51742481198931467       0.29868255566619278       0.40108564902392235     
   2.3572539961261318        2.2513445324546328        2.2419232167126628        2.1619377404682156        2.3109109953647398        1.8478460114300332        1.8530502587317732        2.1952242609011545        2.1111978252942127        2.0795869844469337     
  0.12296981075680405        9.7430996572886133E-002  0.41066123989129649       0.46559705301043763       0.41117895411546679       0.69429525870405151       0.47325672871054236       0.53191168042787251       0.31688142337811659       0.41592222608663887     
   2.7714502469564479        2.0868688501219497        2.2611009310580008        2.1157759619264067        1.8567517746056883        1.8951531539706872        2.6790716206324507        1.8020120592526130        2.0517324366622374        2.2488943768112453     
  0.13276179795960566       0.10275583695349423       0.42573743376982842       0.48015115011013421       0.42587805129130923       0.70299028312910361       0.48007502937683827       0.54627641470291621       0.33433748890747783       0.43056620413380364     
   1.9956849543030544        1.5321028188264179        2.0556577001485055        2.1584970455141370        2.0607357447193642        1.8167655396438180        2.3624292844485448        2.5084388458870417        2.2193869025766553        2.0120042331621666     
  0.14312867286170131       0.10812301719489990       0.44324874811321502       0.49415537235221119       0.44086219918578240       0.71171400448600031       0.48657524667250029       0.56031504475005567       0.35149735011204675       0.44510346530988393     
   2.2180993218998855        2.2205120470817357        2.1561130209701966        2.2485997625816738        1.8941748351946743        1.9275935131319144        2.1785439887228435        2.3666428961677179        2.2085814211233505        2.0045083579734402     
  0.15423673361725923       0.11396848551043033       0.46109493805465590       0.50809662286415702       0.45433341721352294       0.72044062495519379       0.49274319895189939       0.57406150304547543       0.36916747972387431       0.45961034709059823     
   1.7939545479316059        2.1587875363905478        2.2599656731756386        2.0108479646146256        2.1616306076598546        1.7867695805268953        1.7455848156486298        2.0893752069404092        2.3672993533688520        1.9491601775610909     
  0.16500728754706848       0.12021169004400789       0.47883478722633571       0.52080555294913566       0.46606320239012916       0.72897313211411119       0.49913673192801800       0.58731520712880059       0.38647275415354343       0.47408799999377554     
   2.7559008366104925        2.0604672313401982        2.0134903067493597        2.2993645577698278        1.8942184049259634        1.7193113160833786        2.3666621864562245        2.2834721830463898        2.7440919041092124        2.2794044067958006     
  0.17490319414634892       0.12676589212451284       0.49646157862883433       0.53330078956225868       0.47732670939569111       0.73664970406147956       0.50536795427349779       0.60032839812279426       0.40328768317774161       0.49001568805315143     
   1.7983865254343319        1.9553898758163533        2.1870222976666103        1.9486828114445720        2.0046562963492911        1.8532399993015398        1.9890886610279013        2.1361540136054740        1.8168150741854030        2.0754348066632144     
  0.18523539261694144       0.13322948625128703       0.51029939832509397       0.54589704036065545       0.48837530841664722       0.74485155643073653       0.51106842289461873       0.61330163659878723       0.42055691256216415       0.50567285106115467     
   2.0299120760976463        2.0423437128341955        1.7181786507766525        2.4308346509502607        1.9997350002592547        1.6645259243790980        1.6653845683470816        2.0394887816683447        2.3405699180854853        2.4433991096032424     
  0.19598103671800188       0.13973461442245019       0.52199746234272826       0.55814023106589450       0.50092200688451749       0.75307549344165536       0.51630603449364543       0.62616026463967012       0.43833402062052640       0.51877295349574715     
   2.4076756648601960        1.7654185961449467        2.1031467075167565        2.2049129518261243        2.1390237889519175        1.9690074518796696        2.1292312500995294        2.7714146015305903        2.4280000806205368        2.3347238508461663     
  0.20600868324283611       0.14637525646268082       0.53328377756278245       0.56903477479863573       0.51369680235845638       0.76180456942542307       0.52190053532790182       0.63887201926957493       0.45693604572245394       0.53225562444305641     
   1.4681854110662240        1.7370796591047579        1.7062299462142876        1.6095341123991398        2.4169212104929421        1.8514794239464529        1.6901167324264410        2.2945081053377758        2.2957131548789831        1.9146965078172327     
  0.21612048937274694       0.15268444407438578       0.54305904847985742       0.57927405023726841       0.52750284320188334       0.77039462591367036       0.52832615198316013       0.65191576723679279       0.47530971211747508       0.54671014682672048     
   1.8119294775265544        2.1265508752362923        1.5802260116880387        1.7643599358680202        2.0476310783110128        1.8443463325812333        2.3411378734177273        2.5831303901154929        2.1047775973847034        2.7704624558834521     
  0.22678898190058527       0.15965101422351777       0.55865180861732777       0.58995601920230956       0.54180157014143626       0.77844338883504216       0.53505821322124691       0.66581163678195721       0.49250258321378793       0.56172972229088691     
   1.7782449861899265        2.0682313791113587        2.2204317401689697        2.0574805714916966        2.1461640736903456        2.3502712267310364        1.8089937823786373        2.4802967343215214        1.5607476431840033        1.8138557327587419     
  0.23812260506507091       0.16705259011010773       0.57445938719649725       0.60058167710134214       0.55558747889478755       0.78557651844858145       0.54208140861272669       0.68114248505965891       0.50950758640644334       0.57703259553863984     
   2.1576854441927016        1.7264627987206960        2.1748235662868733        1.9474020453175098        2.3777790400270935        1.6302088590333237        2.0025238017741436        2.1687182622429066        2.0466594166826471        2.3018525828892860     
  0.25051112826594912       0.17556964724307927       0.58591041090319240       0.61127915027273039       0.56882249395016249       0.79236903835978734       0.54882393464811308       0.69516034526346648       0.52721650305359347       0.59192650251400680     
   1.9951369486318000        1.7182689402349183        1.8266023118161749        1.8547998297323540        1.9491107586407463        1.6661556853227326        2.3436767380863159        2.1914972414784364        2.6487038034494725        1.8313029245465791     
  0.26440107048972811       0.18510396241313157       0.59798330052973736       0.62251422401083334       0.58261670699341972       0.79863275050014315       0.55564957791037994       0.70765747398674650       0.54555554621436331       0.60672439141195267     
   2.1800889875409983        1.8698127566108866        2.0937167580531968        2.2341044423639347        2.4069590262139324        1.7494517900521316        2.1141152940410888        2.2340430434457614        2.2388621168200240        1.7781398353736342     
  0.27755174126335685       0.19470118182532467       0.61100766355947544       0.63441449366043912       0.59722017180306286       0.80618334668305025       0.56313090825502132       0.72180821570906284       0.56312811490452386       0.62285891921912073     
   2.1398113993122405        1.6984386703873464        1.7453447118213052        2.2555393886055231        2.0195988420645525        1.9297475528526116        2.6565536285333375        2.0048923129777645        1.9164326772980487        1.8438889579133657     
  0.28917828852279365       0.20437156165723436       0.62626732080320402       0.64641627922319167       0.61241887929953176       0.81379606839153118       0.57081266347568094       0.73626888378827104       0.57966133125330344       0.64088374980980867     
   2.0276943967122505        1.6442225883345087        2.1146126499971345        2.0459940405858648        2.1011350102028934        2.1410247197436809        2.2955028492458602        1.8734079612361976        1.8782470343457127        2.0960755200087435     
  0.30040520469328047       0.21412503039744277       0.64266400401397006       0.65881796527064440       0.62646715917897788       0.82159462452250798       0.57829543671490213       0.74868533415443550       0.59535181670787551       0.65690168783194713     
   1.8726659164432402        2.0037399634045476        2.5535013085017844        2.1858670110358838        1.9919384913055556        2.4985942793137990        1.7655035382780302        1.6750764748806790        1.9184936460931212        2.1781762994666409     
  0.31111918746809497       0.22568477493953543       0.65870712617383076       0.67090125816710289       0.63795016648668679       0.82959024876869725       0.58602166388543864       0.76097346571974123       0.61136359224343295       0.66935076219328504     
   1.7582043916136270        1.8467811065018063        2.2927306456614884        2.4598160468333008        1.8415883504366122        1.8049991817551465        2.1457509280367035        1.7838110716433140        1.5865294712193334        1.9425554475166369     
  0.32403797407201101       0.23781902951233375       0.67395089563673560       0.68190553208613869       0.64898304409754626       0.83772776507097335       0.59373092923341486       0.77279743555950775       0.62759101288275643       0.68102570254306505     
   1.7191975830170327        1.8847166875086092        1.7821368276961682        1.6159802430698418        1.5796510784213245        2.1626144048460327        1.6660909991896764        2.1588233473146614        1.7831605930329550        1.7927597533248611     
  0.33843924666282071       0.25054362306346117       0.68883214285288352       0.69287305026682733       0.65989163556438779       0.84564520049513181       0.60112775079094471       0.78502056325484360       0.64442717763453661       0.69336760284172283     
   2.4673208496562586        2.1765692463008413        2.3045081874717579        1.7902460775297233        1.8762084346486054        2.0718800725813145        2.3595297599546110        1.8894259034229175        2.0178763133702913        2.2353565724647888     
  0.35645437640249789       0.26414686360467660       0.70396572619890085       0.70355091040527129       0.67020207587872649       0.85311956458442773       0.60861052794269754       0.79692724978353791       0.66071973925088978       0.70648956698589793     
   2.3276225185805983        2.3648335024795957        1.8343927629886414        2.0322761220764778        1.4834872154584564        1.8138281230606514        1.7788360626432700        2.1142204588917206        1.7337000443846609        1.7401348121650038     
  0.37446307380124644       0.27856159751165072       0.71971470855986219       0.71430939352491696       0.68389108706283475       0.86091140933832944       0.61674862460625390       0.80814526000005082       0.67671348488928362       0.72528827724119960     
   2.4725234987544988        1.8853247078045778        1.9048456184476965        2.1256224836707975        1.8347059106994732        2.5152731952855376        1.8276392313176104        2.1051862850674410        1.9096431741304971        2.5125307622913646     
  0.39300502799128212       0.29425609097837685       0.73668228619515153       0.72425015702505502       0.70087107528652315       0.86711304258673461       0.62542238349833412       0.81889521837547308       0.69332017453152406       0.74377349429120099     
   1.9530622461675218        1.8662514569774149        1.9926311254737641        1.6067375619133046        2.7966661120828906        1.8130011485950417        2.0602022931604864        2.0158378989784480        2.1468534318672390        1.7635703137815393     
  0.40796781434678220       0.31074486617093872       0.75411054549522616       0.73554332665709521       0.71920043307945802       0.87354153527409906       0.63458211341368886       0.83031767834688641       0.70975008637021642       0.76192149368677242     
   1.9693174443838599        2.3172271343803974        2.0338904170649532        1.8772813938053146        2.2709809825910861        2.0533501133529461        2.1965949556093389        1.7764963608731859        1.6386758565668098        2.1192399129629838     
  0.42464266658973743       0.32877180465320893       0.77140997736326522       0.74649870014994768       0.73889891921921580       0.88007081252927866       0.64431138152848844       0.84278403387967127       0.72824480594345842       0.77990558738513338     
   1.6001603063130303        2.0615187401362336        2.6370983299771082        1.7398930604632967        2.2582007885311155        2.3611752793457619        2.2471233038805671        1.8701357979665252        1.7479408435032842        2.2200001376674994     
  0.44087404914010714       0.34884200427548734       0.78847690768317114       0.75898235088211707       0.75867066483357726       0.88718071464248260       0.65442985676942800       0.85579065032319046       0.74680105554441778       0.79762360127714549     
   1.4284598193220999        2.0979562313658997        2.6954176649097845        1.4877271183075211        2.5137572948649582        1.8491271693510514        2.3144165703455424        2.0624717018111638        1.4326934724062088        2.2857519104318382     
  0.46285114738277910       0.37223318816071327       0.80523477676288291       0.77223836713089622       0.77677806003985850       0.89453826910821377       0.66443111691011125       0.86955083680554845       0.76717445656443917       0.81489381178160281     
   2.0038892262593575        2.0560700409583061        2.2674843453495153        2.0614513475553276        2.1299506327317959        1.9615450887802723        2.1150600071576733        2.1178891298551465        2.2098561853474785        1.9365950248746870     
  0.48530253655085243       0.40074013434649436       0.82168572322592937       0.78603114002077212       0.79247227152366950       0.90120356257665535       0.67375982204765750       0.88195956940282683       0.78658141657052272       0.83236731257363017     
   2.0259498050024023        2.2503921018908453        1.9888509105943135        2.1419927981554348        1.9648854298955141        1.7489896118834571        2.6206025292762951        2.0371179586014563        1.6646352681949725        2.6551099132058282     
  0.50832686363508139       0.43497841596751241       0.83720801070588347       0.79801875738950223       0.80890837713212704       0.90675914665229740       0.68400505097832376       0.89055627887886024       0.80516415488287263       0.85021494443260126     
   2.1323120236928492        1.8981320332420706        1.8536594495204071        1.8921625687556158        2.4636771305113645        2.0701981652161043        1.9758401605819609        1.9852409815146890        2.1406974958728306        2.1805601575624878     
  0.53203179530925804       0.47406158769120138       0.85331323245220581       0.80948745646023690       0.82618103931343234       0.91236276604109101       0.69484699738980460       0.89819908324532427       0.82337139909475954       0.86749644490625832     
   2.1960790032215041        2.4328721939738052        2.0453325272299616        1.7208884832890197        2.2320451649546578        2.2218871464817447        2.2853553682057139        1.3686086478425126        1.9538020761124364        1.9881798783650781     
  0.55968077993877885       0.52247006500545001       0.87146649503770779       0.82123114662881591       0.84247860558454868       0.91789943127215845       0.70656145635731571       0.90587681770359818       0.84235147870650018       0.88360627144076376     
   1.9248705271123043        2.4194458896801527        2.5599769706757738        1.9069543662945376        2.0135963439615701        1.5892747923823787        2.1085240059004056        1.4271221359814872        1.7114670576525735        1.9351961592861775     
  0.59169207268262902       0.59709841275545450       0.88969162820607273       0.83662733221885621       0.85965396802417804       0.92443451629859741       0.71902511508554701       0.91445295817885641       0.86102834627813485       0.89855221505930138     
   2.4115441335773493        2.2035467193559062        1.9437803535513445        2.2496717282044236        2.2300249513401096        1.9931317510753612        1.7448293767685026        1.5770324202913426        1.5110679063502768        2.1618035431451981     
  0.62735780967250498       0.69557200300664968       0.90599635999636452       0.85243664324845303       0.87931653264112175       0.93192253722760288       0.73311689219881071       0.92554596258010458       0.88160114015066859       0.91285924980012723     
   2.2671602544281457        1.8458385507113730        1.8953691358176061        2.1183004070648854        1.8529569217276500        2.3007863550593526        1.6002112495497323        1.7100600228913221        1.5450382538491620        2.1969656511098452     
  0.66710372065386525       0.80295690191641467       0.92151388593066430       0.87353038196344124       0.90181698516769326       0.93979193998380439       0.74720868914851812       0.93730577956063499       0.90188507436711041       0.92807920090307428     
   2.1295289627148475        2.2141681260733694        1.8181607006718397        2.9608986978676528        2.5034721442557415        1.8904428819275172        1.8754730112275408        1.9783450449615139        1.8606304410549122        2.6780017403897007     
  0.71099303973833161       0.87352112801201132       0.93713832504355832       0.89669502379304811       0.92543688033872296       0.94781478372363681       0.76180852325262605       0.94709116894776302       0.92148801256635682       0.94416216325386471     
   2.1456920338427818        3.1110247587638300        2.0610779248392235        2.3381633504466275        2.9290248454341730        2.5541029459360205        1.7113856244444234        1.6718716731275123        1.8858193674777224        2.1723436446726230     
  0.76435404606480162       0.91442653290433462       0.95351412985138329       0.91589611257315451       0.94792805770927679       0.95753794952675475       0.77783615662734262       0.95784399713402657       0.94137117879488208       0.95879946838863628     
   1.6380464580243654        2.1597573733235382        1.8096645161306375        2.2136593821616022        2.5979769079189126        2.4421831051434131        1.5186681246518399        1.3749987667300239        1.6643009663367156        2.0328375633552418     
  0.82825654730551046       0.94460622231259705       0.96926227605845161       0.94330644907674221       0.96836670573654160       0.96727038763067941       0.79910096055490087       0.97089602760278337       0.96187098099019852       0.97297940100242353     
   2.1806349472635360        2.0912793047995217        2.0586035943042944        3.0871089265054432        2.1078016792496621        2.5507522936137286        2.0632724202143544        1.8713284253412370        1.8681538578478343        1.9240473605966066     
  0.90724461666157952       0.96990824020149990       0.98404140842761023       0.97154038457343417       0.98551019148889996       0.98099775809297673       0.85219321657913094       0.98529225304780543       0.98147341276815092       0.98717000003969280     
   1.6896820846488494        2.0328051952411901        2.1232134130206832        2.3833947586623174        2.1716794220814264        3.0932121232890357        2.3346323152451927        1.8179917445104190        1.8122877797357755        1.7536461689258143     
   1.0000000000000000        1.0000000000000000        1.0000000000000000        1.0000000000000000        1.0000000000000000        1.0000000000000000        1.0000000000000000        1.0000000000000000        1.0000000000000000        1.0000000000000000     
   2.6497030873623082        2.4291339525743201        2.0145036707469863        1.8984750945088800        2.4521131521869677        2.3336401839900582        1.4304758918625333        1.6948323734697375        1.9923047336950392        1.7832474526830246     
   5.5439562032978715        14.927411835382690        9.4108654062756454        6.4632829957957707       0.30518683465705143        4.5747281819912828        2.5067153295936171        7.8108842850075444        10.047169851703428        9.8332798768538829     
   6.6642567779278803        3.3558622581682274        1.1149953584099750        15.504690577303656        8.5549291301901960        1.0241070262144616        3.2126505242547019        7.3898303990223742        5.6217119277601908        6.9081591132002425     
   5.5179540406964174        3.1771275942912665        7.5658937051039930        14.666779661209031        7.6125682140248729        4.2115366369845857        2.9503328486889511        9.3386794781827227        8.5747932891334386        8.9149033625141101     
   7.0849458469967566      -0.60182882614155930        5.6458202526497985        12.487053930253484        6.5612570569540756        2.6256120885794738        7.8332537076168451        5.1438127372354803        6.5247452883775692        5.0789184163811374     
   7.8129440573254607        1.6146211648096120        8.8263939402231646        7.9864533661012365        12.800631974532047        5.7785286182235041        9.1811756864524146        5.0473721687857998        8.0495420091068173        8.9456203800349989     
   6.9091390493421834        1.8797186267553592        5.1756637165850661        3.3199475415551229        10.934649601078720        6.0088238109026273        7.7872006882977818        7.1775109712248577        2.7605983760448334        11.265803272304256     
   4.8674832310421960        3.4017800036716905        8.2687861141385213       -5.4707145946584115        1.4611851402042564        10.858704972404109        11.005070631386458        9.6917839000341512        11.350007872360059        3.9850388009899049     
   15.367069684834838        4.0289806931423326        6.8969146037375300       -21.990646619153104       -2.1898453317555640        8.6711202847784765        17.430656676039472        6.9322226121233204        8.2957435110089239        4.0212977061409800     
   57.012451198125447     
           1           1           1           1           1           1           1           1           1           1
   7.5709056310664007        3.5231532264682053        2.6498113268263266E-002   6.8841782798014375       0.20322496291282796        1.9646005815787798E-004
   6.9458758963414524E-002   6.6858755741450837E-002   1.3822280406299434E-002   0.0000000000000000        1.3820966078707281E-002   1.0538200084134209E-005
   5.0000000000000001E-003   7.5715099292824188     
