   0.0000000000000000        0.0000000000000000        0.0000000000000000        0.0000000000000000        0.0000000000000000        0.0000000000000000        0.0000000000000000        0.0000000000000000        0.0000000000000000        0.0000000000000000     
  0.31833064003637301        4.9346173766662144E-003   2.3388157925245269E-002   1.6986849777812355E-002   1.4795063446387058E-002  0.37426940820844234       0.16514445135649750        7.7659332099195261E-002   2.3236430614105321E-002   1.5436721827833209E-002
   1.0457034748244536        1.5159512698276365        1.1849662274889887        1.5669924953737588        1.3886370047450602        1.0970357448519896        1.1816057090118641        1.2948777704120300        1.2674050794380574        1.1402009399667872     
  0.47632781019072579        9.5181440495998096E-003   4.8776959648331550E-002   3.2452799131751135E-002   2.9773231678627034E-002  0.47538589846823842       0.21443596693882655       0.12820084770759077        4.8890907077500823E-002   3.1090831548314855E-002
   1.5726512016957674        1.3045138029557710        1.1110158040119356        1.2218987445355751        1.5438433886329774        1.6015717951761341        1.6748546722095399        1.4291530377157471        1.7225965320435426        1.3793162622767656     
  0.53978439072319029        1.3433472715789565E-002   7.4277101039027599E-002   4.8936815820831321E-002   4.7187286936786095E-002  0.53036590157248908       0.23284343627240017       0.16251934642906693        6.9303853403105825E-002   4.7516075381911493E-002
   1.2799965214135345        1.4791858882854270        1.3524655420875793        1.4773213172477906        1.1907141619246961        1.5096052934759883        1.1631787583539448        1.4634639006243917        1.4136238337997544        1.5759775504601481     
  0.58371611879784746        1.7135733574970682E-002  0.10066925754814555        6.4086995118363965E-002   6.4597078660915533E-002  0.56579560701430021       0.24663860774647120       0.18928667301923949        9.0057455250375201E-002   6.2727182193360112E-002
   1.5214051882468391        1.1892058096211273        1.3221827324717106        1.2550883753161162        1.1409921924299982        1.6392507314358693        1.3076149787677069        1.2983949782406645        1.5178139976200424        1.5329220578832763     
  0.61642690979361947        2.1012376789537615E-002  0.12819066573225166        8.0198776490992607E-002   7.9716796856523997E-002  0.59318222044951685       0.26166312678186682       0.21188019256708074       0.10822481544102611        7.9792980260968219E-002
   1.2558810498063961        1.4567497322094862        1.3804380643740513        1.3775881287939389        1.2976832390383557        1.3085369602821730        1.2999407104208767        1.2521888723008081        1.7642464974203096        1.2435064352228871     
  0.64343721668515308        2.5189572101009933E-002  0.15712031160543125        9.6097764557607115E-002   9.4314559617919874E-002  0.61323827413164400       0.27748291694330202       0.23072714015451801       0.12569434386989603        9.6399901006824787E-002
   1.2363382820964026        1.1539241376935374        1.5439201171528911        1.1577650661884109        1.1462796700470537        1.2213666402587284        1.6561070767414134        1.4672686690505310        1.5746687778824109        1.4126286620225432     
  0.66729743349541182        2.9560555966336652E-002  0.18421634524538336       0.11340236415893495       0.10808593138095371       0.63110832430549901       0.28919841825572612       0.24728925579447811       0.14235027050721738       0.11310805060352941     
   1.0922390205384425        1.4034841489395438        1.2816061715675633        1.3373481233402527        1.1948250243945420        1.3764737623668044        1.3030903187403993        1.2606428289534379        1.2676115134946224        1.4777537822702120     
  0.68998668303373589        3.4090924861522424E-002  0.21157991550953256       0.13182438329048118       0.12128551264070088       0.64810395256136555       0.29928256208286830       0.26093032153006590       0.15898993196172848       0.12890953609208555     
   1.6430714444036485        1.4941839481783932        1.3460637529093440        1.3837098709810722        1.4086226901902279        1.2021732932611537        1.5158457138666508        1.3804377057722785        1.2511146321265454        1.2407807391227601     
  0.70955685843884275        3.9014097101313885E-002  0.24076633202833014       0.14885591257235867       0.13459852833210031       0.66348721092121665       0.30853110087556512       0.27409291617528242       0.17601620531671433       0.14864524265562520     
   1.2977906785862459        1.1440191138886606        1.3315681544796938        1.3664650322781269        1.2256293704898582        1.6323552988818193        1.2254216853791842        1.1935536492230212        1.2376952284404676        1.4220939256417042     
  0.72648212018894731        4.4256837836443873E-002  0.27044459793510750       0.16582759081293724       0.14857784313676953       0.67818498954456297       0.31738484446608828       0.28725205425590988       0.19318758889080159       0.16761925934451249     
   1.0826471467161312        1.4630721769682584        1.3999156461914048        1.3629600599182179        1.3172960969290275        1.1212817709336924        1.3920333095600543        1.0469748723813892        1.5334180298317592        1.3835773859775893     
  0.74241807624293921        4.9120093570619527E-002  0.29724034774209773       0.18314047079604737       0.16296015997209040       0.69221135066342299       0.32583992490197067       0.30031277194039113       0.21067068564196670       0.18442354004749073     
   1.0330759903012261        1.3083246911175999        1.3792606459691665        1.1866404208758314        1.2687067787715398        1.2267163727819086        1.4428109412457168        1.5977599309035240        1.2683856633243629        1.2194913158247183     
  0.75790384543432576        5.4040429277384047E-002  0.32158190967643879       0.20079599190971689       0.17655661903988243       0.70557320945304058       0.33349816961310347       0.31327143978637545       0.22725989533769569       0.20053043993616085     
   1.2351026113115211        1.4231034368424624        1.2483140823072165        1.4206046326397685        1.1918228330649137        1.1371013378600967        1.2169224380655232        1.3690179246409238        1.4138938784731869        1.0449116750142664     
  0.77260918437852055        5.9126508063632247E-002  0.34441189973619601       0.21619122953944364       0.18940791279686514       0.71778609358518364       0.34077487110327259       0.32546628744766815       0.24300066850490301       0.21583080074899638     
   1.2796494303500139        1.5317398182983155        1.3185143872072078        1.1945050012928298        1.0935265409148494        1.7129166908060722        1.3865756951564880        1.5503823986808369        1.3279956620698352        1.3703556938015258     
  0.78556749978505946        6.4333149060217823E-002  0.36682191388947177       0.23025347535624938       0.20244913736512488       0.72872913725044197       0.34810880635775487       0.33673014537702456       0.25964809962918345       0.23145002053932917     
   1.2230705242594186        1.1380820739063104        1.6003080793687481        1.3718513283637683        1.2587718458618187        1.4101546270910137        1.3232212758597697        1.2165070346289519        1.3752504829311065        1.2538906741585045     
  0.79702661352064053        7.0208078889882883E-002  0.38952122696071489       0.24436190574046904       0.21622104798518657       0.73882162054397882       0.35508462268176294       0.34768431524920074       0.27614670341720426       0.24761225913438353     
   1.1874836960458361        1.2767621109286649        1.3345521125009912        1.3772913140988843        1.5624090187964701        1.3871305205950950        1.1551115103446645        1.3850933116178397        1.5614932994780797        1.3116352775559819     
  0.80813559922322098        7.6349670705468858E-002  0.41166198265989828       0.25856314350533705       0.23055773086132353       0.74771305297219004       0.36129719942806010       0.35861595753253950       0.29231297979944088       0.26479411162084038     
   1.2078183850159401        1.2041944112534044        1.3214275707948229        1.1761173297883494        1.5764709831863790        1.5057625368116534        1.1159544140416628        1.3389736763591487        1.2537700318499596        1.3256922776731843     
  0.81861643615827429        8.3144168959655013E-002  0.43471896096090723       0.27175698418716210       0.24504874959035947       0.75597557463591714       0.36699713170288306       0.37034090336118553       0.30843667253003337       0.28073012428404048     
   1.2554283007821754        1.4375424213212880        1.2946327991726854        1.1057296720874377        1.0218716642701444        1.4232084326036574        1.2564187433437841        1.3302459149154062        1.3290534531984957        1.2299267675678396     
  0.82821930193264537        8.9570718697793275E-002  0.45892455763776496       0.28423080176268001       0.25933906263081069       0.76393023906676405       0.37267503379402411       0.38252014395715300       0.32443746127900486       0.29668141517293761     
   1.1473981483763658        1.3231424696594394        1.1733683731850699        1.1949340574347083        1.0870574528214689        1.2262122915973557        1.2059083184597696        1.2515196984450179        1.3419332583051553        1.1372794197324214     
  0.83728683052908892        9.6055411899982748E-002  0.48042484706942878       0.29880099226328688       0.27399502660420971       0.77188899537273037       0.37825136775393986       0.39498398139179491       0.34100815867922174       0.30993528200555021     
   1.2664509842147140        1.3478303246803607        1.2209142347805853        1.4788480363174143        1.4598046161185136        1.1302271224259666        1.1592313228443725        1.3376529258678203        1.5335971490032381        1.0492724373279343     
  0.84598275122449262       0.10257883532095882       0.50005695323025523       0.31431823534232223       0.28778996965383302       0.77966471115344815       0.38461130527864557       0.40746951064777220       0.35875453946676084       0.32252597764548685     
   1.5259757698853411        1.0663984220380285        1.3390552241465206        1.2297050879418381        1.1109000043815063        1.3832458635703142        1.1274029864997790        1.4836592313710537        1.2706634046797745       0.99618013137568340     
  0.85434914199295320       0.10959204025958913       0.51885731465186724       0.32957893990651504       0.30144745530256412       0.78713057715413048       0.39163642781126362       0.41976598685983868       0.37710872460507883       0.33609529052366294     
   1.2055097757424003        1.2613991859703431        1.2947175386939549        1.1879650716954580        1.2050091588979166        1.1483776287709027        1.3325598756140224        1.2420024291984384        1.3312446214519205        1.1336831668714884     
  0.86215387893153361       0.11629084559057570       0.53773306856410386       0.34445072956604544       0.31534542173210994       0.79450898740113285       0.39885157858418158       0.43230013368388037       0.39571668760457607       0.34867605636200416     
   1.2246921682015326        1.3447379775766275        1.3049091952459693        1.2331292181597069        1.4273657439556156        1.0735869632810175        1.3345880069749041        1.1636459607578689        1.1485965274935765        1.1953593384752470     
  0.86914815786478150       0.12385738128987396       0.55651120860376313       0.35862508620369909       0.33040475632109545       0.80181808610417415       0.40567389424503869       0.44509357609081041       0.41365907854067302       0.36475585978525665     
   1.4557015954009986        1.2673312722689991        1.0991778554674834        1.1567597885887222        1.4728030254156637        1.4310187361215772        1.4372134511906085        1.5172835175069155        1.3485315551734560       0.97701318369434809     
  0.87560724533842538       0.13123751301611963       0.57451551656181810       0.37316981508635244       0.34389623426602534       0.80895493725818368       0.41247941000583388       0.45747236172891886       0.43077563746237157       0.38102103255240216     
   1.2210725882798543        1.3078681711886038        1.5273321561352025        1.0351156976671128        1.2099607451322334        1.2648375346719769        1.2617444969274585        1.3747235998564962        1.3710030035827423        1.1478947566344220     
  0.88113106294109278       0.13982175723926837       0.59037166405281194       0.38771726327715844       0.35684103954493601       0.81604334550305502       0.41917171519917545       0.47155747626657601       0.44591873025891099       0.39655609462859243     
   1.0375661690364699        1.5888080631159955        1.2956931929802180        1.5738697516890201       0.96186646464062764        1.3105737942510196        1.1836679960871446        1.2695774381346223        1.2560508134865596        1.3880205283750799     
  0.88633134258067015       0.14879251505292285       0.60509690592273235       0.40166016968769297       0.37226444472073195       0.82300800949922415       0.42580648440891411       0.48671995725773842       0.46109685638349207       0.41225971607048689     
   1.2858235075491600        1.2517254703216278        1.1672303091467127        1.1906556410348503        1.3005606263800495        1.3705736879054262        1.2258109329958051        1.2480667181110323        1.0948312616834952        1.0246503912955649     
  0.89140558616899934       0.15694358790852364       0.61955131638561589       0.41581217250117741       0.38974258547250051       0.82960818458236185       0.43224786953884176       0.50038724508222454       0.47631743514812269       0.42846137511321802     
   1.1663256731141460        1.3090289289508723        1.3757920577707077        1.5763063029072832        1.5190040330978809        1.2494046364817408        1.0637370937376038        1.1726515512358853        1.0871363418621078        1.1577779290964751     
  0.89654474226273217       0.16525201264369838       0.63414704366526364       0.43051295855893734       0.40587734690970967       0.83586922401201658       0.43862385845322310       0.51317294861400664       0.49135416278322080       0.44447407631830582     
   1.2274748583937498        1.1981805311010787        1.4208004097508460        1.5549636495988088        1.4363845306587388        1.3195002890424792        1.1987144674247123        1.4437133380983280        1.2629445180281440        1.4391777308638940     
  0.90168118897530702       0.17282528870992167       0.64887625544021810       0.44568748270024466       0.42212500493667604       0.84211073998027253       0.44495166243119794       0.52607693264986999       0.50543588451234955       0.46011903203268073     
   1.4451888397308343        1.1314678666433977        1.2377883616273897        1.5114430544365862        1.5505537692669666        1.3401458217292885        1.2018676101480950        1.2777206188468353        1.1329672820450911        1.2075366585299452     
  0.90667025153674952       0.18018677186336968       0.66378288750171799       0.46129828735342926       0.43750160311214942       0.84837315109102729       0.45112866300694898       0.53895049081148716       0.51903033442627067       0.47619656895807444     
   1.3362143253826975        1.1622156395923084        1.3482746015526281        1.2027678282972736        1.7274543240526397        1.3121209240617451        1.2973533291979564        1.4295400639978513        1.2625765564921518        1.5179707864529495     
  0.91118176362485559       0.19117421229063111       0.67595854659315269       0.47785896771970449       0.45357487298091759       0.85386182404789945       0.45717878495931835       0.55214835415681829       0.53208944750174603       0.49281492733111515     
   1.2965775146512288        1.2805124089548274        1.0985044582340788        1.0290127852307522        1.0880767089539987        1.2347408673451208        1.2361598772660631        1.1182696629723798        1.1561114976840887        1.3859171042411949     
  0.91543520224238473       0.20139699623269544       0.68894745318111295       0.49391483010452547       0.46971812568057175       0.85941950385178412       0.46318291699868086       0.56589514246597850       0.54416521278460139       0.50765464885443246     
   1.1020094665621523        1.1333978390290989        1.4008291686543421        1.4236895991753236        1.4366977321904288        1.2837343595547546        1.1118832463377748        1.1997843108963739        1.2197744660895229        1.3134783298735158     
  0.91941108641938452       0.21065476611124589       0.70087076619758426       0.50978690118195891       0.48649398132054322       0.86482250575606945       0.46941693812790308       0.58023201500814137       0.55576534009305567       0.52120894676191465     
   1.0481726825072468        1.4949113276742096        1.1134463589649009        1.1250867008349492        1.1427516551258214        1.0994910210708153        1.2182328654747703        1.3740286971399409        1.2713347334657756        1.3671457240149607     
  0.92332015217858299       0.21942535096722460       0.71270266423945716       0.52535690558342807       0.50397748640102347       0.87011425175360435       0.47548433439834503       0.59453377163795074       0.56786882313390707       0.53413738003597555     
   1.0424557837245196        1.3318033992044345        1.1254908328731816        1.3368780736149486        1.2862353178592256        1.3780306924540680        1.3871013973808799        1.3024067689848753        1.3985952886453992        1.5416977118778394     
  0.92725967994753633       0.22915539825372525       0.72281756290653676       0.54012187373458320       0.52192255074122862       0.87582678774494227       0.48192148098166721       0.60945736074856560       0.58121660337840897       0.54728780153862455     
   1.4409924736247903        1.2130505312035142        1.3838187534772193        1.1755136613788542        1.4166779766037976        1.1522549190588551        1.3498028961180792        1.1317364957928291        1.2520334052656394        1.3201373829037661     
  0.93098525807144283       0.23936498547610660       0.73150890257290291       0.55509289331955658       0.53993374750675294       0.88096487621003339       0.48804798790477305       0.62481282946852434       0.59531403559453955       0.56282141872098668     
   1.1264627082305212        1.1604735710491252       0.91979436793951308        1.3064391065432670        1.6588643420186029        1.2523841974009942        1.2770439171444061        1.1937368366002203        1.3080377424798053        1.3441060513774932     
  0.93441287692185371       0.25043900648869122       0.74175723245027347       0.56904120467866226       0.55849314482475476       0.88612915045534879       0.49389884899570219       0.64034906564028671       0.60929883691142983       0.57989128613875518     
   1.1215415238269839        1.2921645201371275       0.99434640366885718        1.3329582835304907        1.6545876317998180        1.3312491802394633        1.3362072900395647        1.0869682799490703        1.1287574878828126        1.3722299000465863     
  0.93772186810979241       0.26219467257911000       0.75248598280040657       0.58435190531213421       0.57541539712754852       0.89109562797324215       0.49979872651313839       0.65591905163558517       0.62357337828057602       0.59573319181874163     
   1.2170265368844604        1.6277910394373682        1.0287392131791595        1.4316556989795575        1.1544343352557911        1.3387027622556094        1.1243933542663656        1.1268236854260776        1.1636583802809088        1.6711948706300566     
  0.94106671093837191       0.27292107192732373       0.76527048647974749       0.60048850011874444       0.59109736543306846       0.89586625160173428       0.50627225217292193       0.67134646436416789       0.63822976191137593       0.61044072749649347     
   1.1582106165565011        1.2332674170255071        1.4035265330894313        1.2488215559162039        1.2988939465704714        1.1189419380404195        1.3625030827176539        1.0563056115734484        1.3995804328855606        1.5256004103395568     
  0.94441691785628568       0.28333077307362498       0.77721281413924881       0.61777979358505930       0.60611155633217406       0.90064969943278994       0.51339992587289152       0.68710056406896947       0.65288414069689804       0.62503782735348834     
   1.3141650123673199        1.3179329386137444        1.1502927936750016        1.2938441011864770        1.1947806886193324        1.2510270559870722        1.0455768248086694        1.1763819055150411        1.1883755404528056        1.2992358992904647     
  0.94791222579028356       0.29393197664206699       0.78969297009313422       0.63439753361148110       0.62149527237824864       0.90507513489027469       0.52072659693463563       0.70304736558888514       0.66757042519718002       0.64062953817040225     
   1.1247704451970388        1.2650763151871802        1.3038494858031868        1.2637970197424053        1.3090580202411408        1.2321025434754682        1.0923757868442787        1.7862906903088371        1.5487079048740671        1.1660928173224363     
  0.95127814781639597       0.30503626679902335       0.80187621814623844       0.65115165038376266       0.63670409811699824       0.90854405370139402       0.52844986616806011       0.71865756485076748       0.68229671344583509       0.65507272780028003     
   1.2685525706284735        1.2385168569186142        1.1493187015747357        1.1148470944083779        1.3389010655155813        1.2794837333916014        1.4161548173225964        1.2880885345011754        1.4854952121602425        1.3331833852490478     
  0.95442585027197135       0.31642843458255693       0.81367255396153881       0.66839352314376599       0.65166548538028091       0.91186262994773204       0.53686275648302217       0.73452635368813457       0.69710658706144979       0.66848635665005030     
   1.2169420839828022        1.1856122491181909        1.3300552003688175        1.2696722495932478        1.1687099586560825        1.1142595723247481        1.3517236754862705        1.2213910003410884        1.4198785221795649        1.1123715404155974     
  0.95731244208530697       0.32923229044216890       0.82531170582901592       0.68577790014687223       0.66786500909477164       0.91515705586217055       0.54505976020096503       0.75081876964948779       0.71285803110420609       0.68131637818784163     
   1.3049779725669901        1.3794206432411908        1.2257309771913254        1.1303037657088268        1.3511476519416481        1.1328582061495747        1.2404397702905041        1.1690283369531274        1.4804118616416639        1.5853714384913438     
  0.95998918950998735       0.34289160202691310       0.83604750178787524       0.70145797818171718       0.68426108443730760       0.91861755984448434       0.55309842185157965       0.76713872156339857       0.73008200153386194       0.69432332391492602     
   1.1382691434736436        1.2476553828731587        1.3088731281963690        1.2345425301915178        1.2670549960817874        1.1700462733709198        1.3904467127801945        1.6289522159726015        1.1291242017771097        1.1960897377391799     
  0.96265959466919226       0.35711911049674938       0.84697906584175398       0.71781877688201046       0.69903634384329039       0.92228977796808331       0.56116402188746362       0.78299053899185234       0.74791387381345231       0.70757371284508386     
   1.3038670472935301        1.2808951440775611        1.4716866921037151        1.3670018629660843        1.2662101000782191        1.1887032274602702        1.4721024837650583        1.4309339148603402        1.0385972076694276        1.2276522627605393     
  0.96519764844105915       0.37234311829490613       0.85810093252405317       0.73523954161677874       0.71285137255207576       0.92599270046879045       0.56929371985919053       0.79790152123897906       0.76538967977287231       0.72160971548173036     
   1.0903660209797734        1.1713802406426257        1.3306401842013698        1.3503597782925536        1.2690599223307826        1.2568455676291999        1.0933597038906591        1.3045721873355229        1.4683112278036605        1.2615059965992521     
  0.96778748831604600       0.38856416211155537       0.86954752783107536       0.75350058252973651       0.72415226311624636       0.92978152989275953       0.57808074887147609       0.81125024644329113       0.78214985132413550       0.73581067309735726     
   1.4434607603196279        1.3974882218936897        1.9052301144769772        1.6146903547567752        1.0325565600446738        1.7411013813871163        1.5086294093685719        1.1853329136612636        1.0125319837464031        1.2495053272435701     
  0.97046613454554853       0.40539539761173143       0.87941828177699544       0.77139237776791791       0.73784960976203351       0.93355184399516011       0.58680319351554711       0.82433506392947908       0.79909763344266826       0.75145261061619695     
   1.6348946394157158        1.0903363790458840        1.1085336667252876        1.5092979555269195        1.1534949564401946        1.2080440862125548        1.3532937077175393        1.1847568178122236        1.1738829992781632        1.4775762741426446     
  0.97311775883104035       0.42330210511670952       0.88892868695753735       0.78830606833533989       0.75351660449209046       0.93737828474861062       0.59631052106340843       0.83548101921778550       0.81677520525573499       0.76771935619029530     
   1.5477980889817329        1.3000397630328504        1.1219769305564653        1.2060394036782456        1.7959455029544416        1.0883539018702704        1.6102047618419848        1.1207572339988381        1.1772617409040524        1.1239601951269289     
  0.97561718812687737       0.44230276019566539       0.89815641614043007       0.80485358846345934       0.77119054191127290       0.94116683067948403       0.60699982087475857       0.84802390692499863       0.83365279804901571       0.78406547753748945     
   1.7229504211902633        1.0976350856946335        1.3056064605950410        1.5687230934646894        1.4268738998079924        1.1846704987238563        1.4617613173998529        1.0730614220437218        1.2483489016496612        1.3821151529442215     
  0.97801697825731970       0.46324306556301764       0.90690886457505215       0.82067426837381596       0.78981366348396509       0.94478950050820532       0.61778545160117948       0.86120494435899220       0.85070477043501125       0.80128236031255373     
   1.2905701339665105        1.3148366298460636        1.1645707345124339        1.2229848958967700        1.1586366190866955        1.3233361967485282        1.4950148359257516        1.3095018356338923        1.3459738358698177        1.2120644478924678     
  0.98038198443829705       0.48668961375082503       0.91516363581889848       0.83582281211458065       0.80795224075490868       0.94849963405225779       0.62976799841710362       0.87475898970772137       0.86628230969204845       0.81775496259406921     
   1.6823358589047257        1.2182131550438431        1.2893553452446809        1.2185204679581700        1.1966934280462593        1.3425705002602517        1.2554526718814083        1.3515160442640919        1.4298273699682900        1.2567421381512165     
  0.98267245308383055       0.51275406086444864       0.92318799451697275       0.85124212697154489       0.82632065659628939       0.95216920650080450       0.64315649170359523       0.88756722289458168       0.88144802532898925       0.83360751542264988     
   1.2792488141721585        1.4087424396365948        1.2521540327141925        1.3650068657957160        1.2243597535883637        1.2832143283088657        1.4814757925786735        1.2860707845767085        1.5166161885153013        1.5424278730067424     
  0.98482190106223966       0.54183082976888974       0.93089540921560143       0.86676235221987796       0.84423641864684729       0.95594855620327424       0.65587915146700937       0.89994749683145270       0.89429481358477170       0.84969568810160856     
   1.5429553228407760        1.2025214804988900        1.2404299875694429        1.2957220782506398        1.1216127745973143        1.1423135378820377        1.4065829351305603        1.3573086157734924        1.4203994582355963        1.1319456643841437     
  0.98687774547471507       0.57343277280717175       0.93822206066612102       0.88261112610285686       0.86186158198855878       0.95996006773672460       0.66732008436553680       0.91225699662841686       0.90682549273429536       0.86605883370364833     
   1.2963272729437538        1.5103167865983664        1.0216968606242951        1.2874119910454922        1.1877292099610068        1.3690818151472659        1.5032400592537927        1.2362560866843488        1.3005552252067809        1.2962059474841263     
  0.98862887202106542       0.60407747937549638       0.94584801321425949       0.89800419393830533       0.87912814189542887       0.96373062735437631       0.67991518102738624       0.92368983966196927       0.92021282800232629       0.88299234381345959     
   1.1447181619359117        1.3780195716623502        1.6372371550912084        1.4657923752971238        1.2814584470816477        1.3394552570558322        1.3162564947072697        1.4580814421500794        1.0959585414455586        1.2133041518949903     
  0.99041984002799288       0.63869540682122938       0.95403238331935158       0.91224645670969329       0.89494252598280566       0.96740383018639453       0.69285414783167809       0.93507323881855275       0.93410592192627817       0.89909852050684402     
   1.4574118705334100        1.5182926183113976        1.6067702355483464        1.1207572339988381        1.4368364029684351        1.5922411223504278        1.2697636865327366        1.4013237671309065        1.3957644827278552        1.3935606600808503     
  0.99205449365445264       0.67424046418305084       0.96221448139592947       0.92571093926117964       0.90986240149118514       0.97127732875893602       0.70890288726374406       0.94482289308783418       0.94780955567845304       0.91441670424818777     
   1.6807150434424676        1.1577314385297084        1.5031114240478838        1.2221670140620549        1.2140050833682536        1.3128402448374064        1.7152810301512069        1.0647159022539903        1.1158890670953792        1.5999532020555374     
  0.99377723843625132       0.72739974869233459       0.97009973720616949       0.93926721610246922       0.92574963954796330       0.97497285843489823       0.72657561147642025       0.95484650722858189       0.96069867355702809       0.93044273538552635     
   1.9064581171194752        1.5792147063181556        1.3117284755487184        1.1718462693842437        1.3443510621194545        1.3408244716727213        1.1335504954057871        1.1909898567424597        1.2022199699020510        1.2388518890105615     
  0.99528041103189435       0.78406635898289134       0.97781457710911313       0.95347775664881240       0.94330734770384506       0.97996984680454635       0.75108771442193467       0.96609009321235573       0.97245339482057536       0.94914789741029504     
   1.3975325732235153        1.0411223563766967        1.5893768320196227        1.2478572855517291        1.4771653203450310        1.4485293979041507        1.3085124213785668        1.3355189272678927        1.2118744204508565        1.4150803858337946     
  0.99687463184021985       0.85244408978078701       0.98596310244638152       0.96815441051700235       0.96109352764492806       0.98481370704735760       0.77797064809829430       0.97687751869349992       0.98135485956142110       0.96738499089941654     
   1.6466201063477919        1.0776755325490450        1.5234518948491278        1.2701899105646868        1.3585147820613332        1.4618358636326514        1.2557793915516646        1.2199010877461873        1.2031775930666284        1.4341825337175687     
  0.99839218711120670       0.92339386060970874       0.99303527835205008       0.98461872232106051       0.98050202023822519       0.99216740667892100       0.86703834939324742       0.98846327157659619       0.99031930959787307       0.98379455821087936     
   1.4579082048578595        1.5773747215761691        1.5864904482843067        1.4580271663190243        1.3427835914677269        1.2314116536320661        1.4128274590511927        1.3230417574590156        1.1113076986950505        1.3975957232528118     
   1.0000000000000000        1.0000000000000000        1.0000000000000000        1.0000000000000000        1.0000000000000000        1.0000000000000000        1.0000000000000000        1.0000000000000000        1.0000000000000000        1.0000000000000000     
   1.4750823902598527        1.3297460353932675        1.2900882457642944        1.3747314117504743        1.4068497198265884        1.2926846720782803       0.97567584137589458        1.8538581476866052        1.1081662405765300        1.3221589152417630     
  -32.427045577467581        15.823623463167428        16.218645276266280        10.395444271336077        13.476585965244253        19.135673326245804        20.705112490263733        2.5396204801363620        8.8364795884976353        8.1740116615988345     
   7.6393040827365697        2.6717327095226708        9.9158054125379067        9.9138218205618891        9.2769653981273272        9.2778264136638491        6.2388891533594100        9.0899028362312588        10.380269289016708        7.0744897248119383     
   8.8220534892747597        6.6130462161934753        9.0935321252751091        8.3511380988413162        4.8814828180445566        4.0291102827660730        7.9606785932075645        1.5825176089316226        10.650213492610806        13.317348768616748     
   4.9910488919295686        6.4632919212879028        12.308502261762991        10.020514923900327        10.058991015271566        7.8475375653356076        8.6268087565743912        9.9995140710324115        12.021308411100369        2.2450514533195860     
   9.2550051507371656        3.9177042947230789        6.3236985989063683        7.5093548470426903        7.3208366007504786        6.4081657438989144        12.353902261742350        14.141599053124882        10.651725050509009        9.1885439125781687     
   7.1143839703012208        1.4179004083261768        5.2344965526095910        6.7742206011964337        8.1456147146761921        4.6769503003997865        4.5464769555520546        5.3349140574818614        6.9263613998875835        5.7657553385834488     
   10.361102422712966        11.357835853306470        8.6711103705351764        10.455611325107084        5.7372537833286810        6.1694236543088516        11.503540538431229        10.458260734168116        7.5138960492027662        13.526244139691538     
   7.5358768399877976        18.885025131537883        7.2248917374962787        7.6810177047621222        7.0052772003373720        10.820267885073296        11.853579362976658        7.8790983446242722        6.5913976401679175        13.691279473161915     
  0.15692744111985507     
           1           1           1           1           1           1           1           1           1           1
  0.39615369277542217       0.21752471347679161       -8.5585692580067787E-004   6.1688965122664978        7.2779624326966370E-003   7.3944434667866003E-006
   9.5728078358573547E-003   8.0254664747508152E-003   1.0291556230381897E-003   1.0557490883590959        1.0287552323981007E-003   1.0072695774729380E-006
   5.0000000000000001E-003   9.0250808646809553     
