   0.0000000000000000        0.0000000000000000        0.0000000000000000        0.0000000000000000        0.0000000000000000        0.0000000000000000        0.0000000000000000        0.0000000000000000        0.0000000000000000        0.0000000000000000        0.0000000000000000        0.0000000000000000        0.0000000000000000     
  0.17709227516389928       0.15610472760392374        3.3101544596067803E-002   1.3295711053967057E-002   3.0794037209660795E-002   1.4589961267020278E-002   6.7102233950778736E-003   1.6130094044278238E-002  0.61281707179250078        9.1774171832345847E-002   8.0142721148133186E-002   5.3524532809148165E-002   1.2341262633721321E-002
  0.26548152084172882       0.31187712965924669       0.32432721253704133       0.27478728954492848       0.35660923913795939       0.35042179936329015       0.34149587403863046       0.35056664829516715       0.29535654825838881       0.28525070007404157       0.27741672397792716       0.30700050187678335       0.33754300072406185     
  0.26263021726413771       0.21210948133737309        6.6130917371909625E-002   2.7309457659386811E-002   6.1119701097134001E-002   2.9254891415391573E-002   1.3230554990152011E-002   3.2158501205622081E-002  0.69616590267333600       0.12572662418067154       0.13470995501293528        9.6912048551041408E-002   2.4976845083256788E-002
  0.33134981348150178       0.36059707807255792       0.33714584271143738       0.28566987051356812       0.32436695869149701       0.32637735881979374       0.34768099122946861       0.39506044490930625       0.40385812207151306       0.31315034545433057       0.32859345660866857       0.36217546639171738       0.29787546303903056     
  0.32505512747586324       0.25359350677611037        9.8511703141674095E-002   4.1919038170144793E-002   8.9376408839383331E-002   4.4075943947262330E-002   1.8759793341267410E-002   4.8599266770854861E-002  0.72626816012088280       0.15010497375972692       0.17449936189375609       0.13252292691487144        3.8735595598292309E-002
  0.32287305585757009       0.39647657880494919       0.33154698524880283       0.37183526001847950       0.43761431923877558       0.37010096789371805       0.30185205858071157       0.42096427256217933       0.31581891503447840       0.34538181722112871       0.31670700671594981       0.34157566205182166       0.37552552586709098     
  0.36650649563386184       0.28541226672053954       0.12971635790559607        5.5125963296581197E-002  0.11897543651983132        5.8746896563069834E-002   2.4573689134302790E-002   6.5404785759594408E-002  0.75269502421554180       0.16557233850653441       0.20804928395382002       0.16570125708317307        5.1333341923970884E-002
  0.35837672236714641       0.34621292990124558       0.32523514798714925       0.31798363958188569       0.34815286358034941       0.30036549998163420       0.34945520703852673       0.37606723823560950       0.32960149962550495       0.34251445418831666       0.37279067968602070       0.35503640206404341       0.32134795022070078     
  0.40029280698016062       0.30711326125525806       0.16008698919398792        6.7480796215321256E-002  0.14963192191114097        7.3389150429506389E-002   3.0571457945963318E-002   8.2425601137764357E-002  0.77438422878417390       0.17545762758666117       0.23654311038439210       0.19708521794660369        6.3195447339476032E-002
  0.32890659269475858       0.36449008724191734       0.33914617726923735       0.36162019151548830       0.36030272822962500       0.32197554850379650       0.32789445111920973       0.41777913423794288       0.35377896064500686       0.29373543488446252       0.41967123093750924       0.29013348830421498       0.31190067145820322     
  0.42326984666968370       0.32540716511724371       0.18904441998743970        7.9589900137650813E-002  0.18097988989661612        8.7786266682299496E-002   3.6581457308712373E-002   9.9917615674407198E-002  0.79302500115738983       0.18467831887256408       0.26202233217090204       0.22705827605790679        7.4085885011772976E-002
  0.36297029459198055       0.36148915163863693       0.34791081118126665       0.31456920356630852       0.43208574681747053       0.32099855554754791       0.36760484893027240       0.39299833556768327       0.37366130171543910       0.32769539052781382       0.34333759458185520       0.36691317817981417       0.33222583365210812     
  0.44552472863729564       0.33913482064429973       0.21974364338262892        9.3010945710466156E-002  0.20726372453880959       0.10261567326602893        4.2608484053605698E-002  0.11733869819796661       0.80721571198449349       0.19273466944850745       0.28674008261192496       0.25321846003939052        8.6154196120080878E-002
  0.31517696432979125       0.32366090351339488       0.32062500231872043       0.36995564415365045       0.40954292591272040       0.34572960571405181       0.32252344155926188       0.33868831060173399       0.31673471653739305       0.35653829820959487       0.39895918542598618       0.37726980271424915       0.30717435870861004     
  0.46639530411608893       0.35245763492756443       0.25034976148026022       0.10763479809190524       0.23238269210039569       0.11761540738295162        4.9008863213974269E-002  0.13298070657860264       0.81787315269968286       0.20017829682928534       0.31003570360830579       0.27536591233989804        9.8942378838836137E-002
  0.32992250232757575       0.34704632178433714       0.31602172584556554       0.33567671868873900       0.36321567691827883       0.33916096687691027       0.36523558573817849       0.31147875529642383       0.32680637720747446       0.32317145287456611       0.36494322276985952       0.37751579103727806       0.30958846793216860     
  0.48708165744467552       0.36546296953716523       0.28063862646374277       0.12434687951476130       0.25178526655679490       0.13258099094671916        5.5553118230975730E-002  0.14851238098649830       0.82688543700876183       0.20731951493541090       0.33167797534953281       0.29670590877391828       0.11342874394308362     
  0.40502632045754494       0.37443693114693755       0.36321174323286809       0.33684488446645561       0.36954392363567218       0.35410165138383382       0.32925311232004806       0.35733112022634106       0.32938705547685193       0.27848696522177485       0.41045437911309257       0.29834642709257231       0.34831282961985605     
  0.50585250042261753       0.37866627173116929       0.30944654704121738       0.14257100731904301       0.27029282694569517       0.14538654824089636        6.2143958634012633E-002  0.16444469559455543       0.83549640370198786       0.21395230361113868       0.35164596223704603       0.31558311760748875       0.12739416638591927     
  0.35732557807062965       0.38313189497447303       0.30767088938233667       0.42415926048314767       0.36700614772149015       0.33887978056339085       0.30874586913190216       0.35183969394552178       0.41802457752960898       0.30240539411617978       0.35045260263038364       0.31389472620227321       0.38560384942201820     
  0.52308820610923612       0.38943991789103416       0.33750774082159873       0.16034610666741056       0.28689879815625052       0.15699562911829523        6.8322992139312907E-002  0.18084978167540908       0.84396502225922787       0.22040529716413970       0.37136206911368741       0.33371523708893636       0.14114222873993459     
  0.30328220183113463       0.32171215630402905       0.34416115941264108       0.31117218820756293       0.39535329173860784       0.30567327448480258       0.31386608840960095       0.35995316908064051       0.40248232096363157       0.34717346126223469       0.38513879506718313       0.29711972663300018       0.29628428950929275     
  0.53957970217925177       0.39889637844306269       0.36464263123310758       0.17702206826332365       0.30395511370952449       0.16901688694763134        7.4407107124753166E-002  0.19581938046471636       0.85185250934014090       0.22690212270786730       0.39102376782867376       0.35210963324681066       0.15576920903397248     
  0.34269667880481486       0.34154375120234454       0.33937262806934659       0.39351239481128591       0.29480470095424360       0.34363596980201017       0.29820695737737773       0.36709255040212552       0.33063928082156985       0.32591302730087190       0.35442190966584192       0.32522744576310381       0.33132560116251147     
  0.55553251197833231       0.40834088011303360       0.39144566952403903       0.19356134979677891       0.32241843752790855       0.18116555635252113        8.0271989733426904E-002  0.21069191905161153       0.85928437238005306       0.23338523091766208       0.41062974725237295       0.37194821226221214       0.16990668913618828     
  0.33684629365581098       0.33669417534417651       0.35536218164906552       0.35235803026718576       0.32933559859742673       0.29537632468396124       0.36575812300054583       0.35864286395996176       0.33643877841895214       0.38123149805767753       0.30522515019971885       0.41612125804910011       0.37156060081806769     
  0.56986316718434782       0.41763459349113607       0.41552743660406499       0.21017013228935588       0.34062282264745108       0.19282567948195953        8.5879534611560407E-002  0.22585275937705263       0.86601522688063048       0.23960675541858806       0.42993869252395372       0.39129632581452994       0.18376071369304250     
  0.36157687077448897       0.32076416092647747       0.34408732482179144       0.33245845892872117       0.30726201667913383       0.34904091467125287       0.31197946948980404       0.32859345660866857       0.35244516867004499       0.38629326236338229       0.43808173978818715       0.37278196742459735       0.32002219832326251     
  0.58223416981685117       0.42607354843944734       0.43857451917070428       0.22683054778488479       0.35896525517308120       0.20344354655032149        9.2104037573331132E-002  0.24157334584762299       0.87245829752380333       0.24537687737650052       0.44858085901480993       0.40864611242404231       0.19799591723352292     
  0.34935290095361243       0.34755131500744280       0.34031629782495554       0.38547784534856033       0.45815477962072859       0.29942179522752382       0.35863429239844979       0.31360723120175199       0.34962525346279122       0.36125986634149648       0.35868225457495173       0.36140055399589288       0.39975442575607562     
  0.59396344397040468       0.43395950189424148       0.46064660506550487       0.24400860004038422       0.37563902218808193       0.21436148877495878        9.8124529000204561E-002  0.25779627018115997       0.87740265340026391       0.25091385673316841       0.46642765069038411       0.42507937899031123       0.21467845326126134     
  0.32386865565457007       0.31215967706944275       0.33792243696726726       0.35326170244213867       0.32818812577712636       0.38895635731121675       0.34311780864436003       0.31687305283294787       0.32716651157146770       0.32488949782803012       0.39437255402522892       0.34251907180276231       0.38517246762700902     
  0.60528981619019906       0.44231467533313618       0.48190485668402389       0.26049535124866730       0.38967288342166734       0.22473748198930044       0.10409181540371867       0.27347829204578189       0.88141111176835907       0.25606833723511391       0.48401790127964045       0.44270278243801936       0.23246210541212312     
  0.30276907254088253       0.30221864585543406       0.33864804348759242       0.38387862172607817       0.30284135239274607       0.31595189774693605       0.37333659142258763       0.34506856960708537       0.35317095220964090       0.29731429922860420       0.34645559096453044       0.35050904920251297       0.43524014823442186     
  0.61656098395320003       0.45015392900791673       0.50169644545125425       0.27269827446131811       0.40112442740931792       0.23445794635763162       0.10998015196042620       0.28910415995400685       0.88496470362761948       0.26143013451178959       0.49857141449779729       0.46242801436071995       0.25023737319684675     
  0.36737657428553694       0.30929878448172060       0.39370084516540421       0.33772317046967726       0.34991802330877653       0.31646757548118037       0.29961378048918735       0.40393834765814313       0.31442415475167551       0.29382635610306890       0.34136539016280476       0.34575861346554770       0.42337380464603552     
  0.62746819935603937       0.45718234765139976       0.52075904353869362       0.28341422308062919       0.41120143431718670       0.24439039493307793       0.11587302785355887       0.30442675482832904       0.88835187076972166       0.26707426164062792       0.51212418390316439       0.48201143611466307       0.26742563406255659     
  0.29776030447218976       0.30610419103975550       0.37723825091246938       0.30093115683939053       0.30036666618041130       0.32431205995294665       0.30514248042627595       0.31340791490642722       0.31341343536243227       0.36752868296150026       0.33281555735733809       0.37393511251103562       0.42291333513139456     
  0.63789873017231924       0.46449765815130672       0.53950180237152501       0.29450569694066298       0.42138113523663262       0.25443226078924935       0.12193483646242345       0.31973201471839913       0.89168840946730177       0.27323805065585266       0.52353467208137017       0.49955173751140636       0.28355084176397055     
  0.31578443302190967       0.28930424854891956       0.38575449267151818       0.33858976758530096       0.29535654825838881       0.28810607400163196       0.31249860992295198       0.32129987691129896       0.29723016379963224       0.31858391706040806       0.30101678203187138       0.40680396798277774       0.28449841991915747     
  0.64812652852464825       0.47239596075355367       0.55796212806066559       0.30457382199863126       0.43294740869684228       0.26613684186535674       0.12867934363395744       0.33539104855055163       0.89479580769863498       0.27925775833680910       0.53467704225460844       0.51743883558762827       0.29931872638173446     
  0.33706736229508449       0.29668890952532256       0.41390761929008968       0.28568367895970331       0.35121216503220193       0.31410084471045752       0.31673219019302939       0.36573634181714915       0.28605283628991179       0.35613521721158120       0.32427793973154778       0.40276324014741932       0.34043490015114264     
  0.65840973170464379       0.48072731812133851       0.57649411919288918       0.31487324229558400       0.44446627973929492       0.27822641279873722       0.13647872713341253       0.35161836147825842       0.89802587706039960       0.28523384979832117       0.54566363219687786       0.53341920258880982       0.31539767841066074     
  0.38552822109098739       0.38930474741998333       0.42000098009100517       0.29386600862767265       0.33735519974761502       0.31749802944383476       0.33633023484986863       0.34029153846704507       0.32564728405146975       0.38123761423912267       0.34323594501827015       0.35859457729167232       0.37209575576543119     
  0.66912278217441368       0.48880353998944376       0.59434900111487510       0.32532624997432719       0.45604142097357470       0.29103093017622034       0.14436916746189199       0.36800984286118210       0.90127274020117010       0.29139852876378775       0.55764942978651733       0.54855280937155049       0.33195634169733079     
  0.33704962863688520       0.30578651868380086       0.33760079876405963       0.35823974200892800       0.31327111261032536       0.34820650345082660       0.34638105906745070       0.33698646619743799       0.29565664629658595       0.31649703392420736       0.32279605278885071       0.42691792977510967       0.34221159956788449     
  0.68033375629809512       0.49667170719509729       0.61251452383767657       0.33576364408497078       0.46775042205260786       0.30406178088032310       0.15252361544954487       0.38442569271443594       0.90485279803701324       0.29731389856964902       0.56909223092650640       0.56308257997792310       0.34938874635274020     
  0.46487913174595613       0.35963976972506606       0.31378725496398191       0.30424699620923729       0.28002090211661079       0.41101566085572144       0.32892088628884758       0.35159634602167039       0.32375426173126248       0.37189827780536516       0.32421772698905554       0.36610476281197002       0.31649286640387736     
  0.69070784789601225       0.50461989171811283       0.63159181361696293       0.34632486881797847       0.47911065873333414       0.31761139131961047       0.16098159130517500       0.40184089595344913       0.90834175123253313       0.30302264274518675       0.58017138102833421       0.57707682554367867       0.36643804464688545     
  0.34291553417455856       0.31409962697414534       0.36272375809823876       0.31419989366134732       0.32298000982081432       0.33448005109981427       0.35220664361922677       0.32514368064012911       0.34834403315706131       0.36371707646263224       0.28621815436893200       0.31904485458463067       0.32751557658942521     
  0.69981614267079628       0.51300951069276857       0.64785722258949674       0.35663725393404105       0.49019156847179463       0.33055320980930059       0.16944742943655450       0.41903179133129942       0.91198517689325631       0.30879963788556564       0.59038119725445559       0.59044257367859598       0.38354420327524025     
  0.34030480328223828       0.31733626370628576       0.35920383963818187       0.32813656626701876       0.27252835809171827       0.28002090211661079       0.37710849757044457       0.35578307896558059       0.35948765535569588       0.29458633672468565       0.33846642874710059       0.33345437444841075       0.33883235570591164     
  0.70887721890783995       0.52258351207288078       0.66177071365589124       0.36721172831565235       0.50157699484332829       0.34633745866889004       0.17813453535882057       0.43681273593622266       0.91537630091605293       0.31469489356407820       0.60041561831452672       0.60487752511735471       0.39918596201162176     
  0.34327090651538317       0.41856879594866653       0.33729545373402758       0.29207393648916447       0.35324117370802133       0.37463203797644989       0.35998203734836753       0.36134864239576842       0.32227705712850768       0.33340602715577705       0.31018532390687270       0.39318345750027250       0.32411867625445523     
  0.71733494149058064       0.53198142458489139       0.67439722841628680       0.37845930787844317       0.51375896624885820       0.36303429227263045       0.18696035823221546       0.45417456619290864       0.91860735475343691       0.32031017660945754       0.60996009270048068       0.61905152839222322       0.41513069599322472     
  0.32742971558363065       0.28645968611653738       0.30218825714954128       0.28366898203423563       0.32834299397217309       0.31085879603201394       0.37856560453089105       0.34676128795611716       0.31801530466244993       0.34431207662378355       0.32418345091109585       0.41195524278032891       0.37112731337576560     
  0.72603859313433183       0.54119178367534693       0.68629630609759107       0.39013391169705230       0.52790835217486387       0.37949423855668746       0.19604788888168856       0.47133215025462283       0.92175569141307201       0.32691460689959134       0.61979890382756586       0.62956934562221023       0.43268304595411483     
  0.42565520246690813       0.35701073672303579       0.32191606930389466       0.31224076233484954       0.31011881904752098       0.40020284345923135       0.33997964880595360       0.33493031446326671       0.34183636197637574       0.42025249992244451       0.38080255919380296       0.33160530683986333       0.36140292609525160     
  0.73398864113160611       0.54996642154268416       0.69775620472621147       0.40293053323036809       0.54310154761809093       0.39661203649547899       0.20523209230813569       0.48953390172902966       0.92481519056790051       0.33309983129977583       0.63012680466948179       0.63863572138491498       0.44895123404712300     
  0.35048542408733746       0.39107359166209388       0.37082502556868208       0.29161068399674195       0.33769469192778861       0.31033486604522592       0.34208069500839217       0.38512219483846644       0.35088919926693352       0.38547794755484588       0.31792887033784689       0.31068063131201379       0.33638311806551874     
  0.74180159370428322       0.55893598351677787       0.70866128435394049       0.42038035477366098       0.55980065138293478       0.41355057067120216       0.21402459224435208       0.50654656944204668       0.92779598251150253       0.33968473510954394       0.64049933611498155       0.64734416325203870       0.46439537846561585     
  0.37670526476314697       0.40061439402891769       0.33076102122505696       0.34268106729194509       0.40513440203284279       0.38065529048395186       0.35543291253580450       0.33529502293069569       0.35083493941285149       0.37816887692717127       0.30459835907645560       0.31989650062156427       0.42106999403240525     
  0.74943701189144041       0.56799626832283512       0.71997547277413565       0.43654207477963258       0.57743723117015300       0.43000852611448159       0.22274868584941213       0.52331596242040568       0.93058144895108774       0.34655369445197393       0.65091881860620360       0.65660285517218653       0.47990867420456362     
  0.34621715637678030       0.35756526873611066       0.33530557859417259       0.36364281074831861       0.30851405071390853       0.38449397212798547       0.33697312218938491       0.42860250868348054       0.33372932058006965       0.31271685582355974       0.33744255621868002       0.29728144684172608       0.34905973086260705     
  0.75681328063605657       0.57762936433337475       0.73083124479768635       0.45308472757645252       0.59405963162599684       0.44613667828068221       0.23268407666755567       0.53813148221871732       0.93330340501510090       0.35350670817558028       0.66204003466907502       0.66567421860862541       0.49522998255987571     
  0.33954063673215740       0.33826872300910993       0.38647336013644845       0.37366094251457715       0.38185228949616201       0.34084073256624753       0.35341613991651200       0.34016496657693512       0.34342697194893929       0.35638331756618358       0.31735038241092972       0.32493742995012287       0.35729079731669566     
  0.76491930853751899       0.58783987078627498       0.74309018915986325       0.46995153330837086       0.60962173094516448       0.46188026187239462       0.24180184918172665       0.55087064464816093       0.93598541802707513       0.36069987963747396       0.67375818835354895       0.67413714946391701       0.51031712651046945     
  0.35038148400365055       0.36103321964715385       0.44278677361061869       0.35448825873701545       0.33704345754881232       0.30764044463889378       0.38163491492642204       0.30049187563396001       0.33884983421818693       0.36909675650435886       0.37714339918828371       0.37047729192924234       0.35949428237987918     
  0.77349620044072764       0.59795476434067762       0.75522962278959005       0.48713663387261369       0.62473525740369340       0.47742584107585484       0.25298630214461920       0.56388722755434439       0.93843369787599185       0.36797411592467572       0.68545827353063637       0.68279656430290658       0.52531734959318210     
  0.36017294303409203       0.36444066044235385       0.36875468989556248       0.36083825379964568       0.39433995919124293       0.35140521323043922       0.31640078357352075       0.33723856793796642       0.32324913071883205       0.35515201613227099       0.36488506948657151       0.31186287930679446       0.31037150915625950     
  0.78178045297856447       0.60803076985659565       0.76681449876044927       0.50473796265529502       0.63899916557189096       0.49341087194521449       0.26609243038806818       0.57710181398709670       0.94093888798366121       0.37514599807862881       0.69614975019919023       0.69169513492744716       0.53874752032371875     
  0.37994004479838578       0.39105094662549439       0.36776094288013444       0.38001826484652362       0.33241742190359153       0.33702245173212281       0.38390680863717491       0.36000975348487219       0.32919895239050417       0.30583857251139107       0.33484857122712280       0.30153442721885898       0.33083703851837865     
  0.78933354389744093       0.61809207366712204       0.77790669827019732       0.52212856257365103       0.65382483822460558       0.51058261452325038       0.27909618767236549       0.59114354634831412       0.94345654969446480       0.38213508035978855       0.70663129769258848       0.70154798159765996       0.55073077404619653     
  0.32647663898073664       0.38512788225237643       0.33034073203010578       0.41654157150422816       0.35914801203681201       0.41344910724384115       0.31621259186245981       0.33571300057431686       0.32800230951452464       0.37269427436475100       0.33852663366173574       0.32167934031226109       0.34767854510481011     
  0.79646998161126370       0.62799336304740072       0.78970763324532411       0.53881751700092351       0.66751186768909776       0.52952625400244557       0.29281401281610692       0.60552470000545211       0.94587160072655552       0.38900214495371538       0.71770006966955890       0.71271738688404496       0.56305731748829402     
  0.30320995941862960       0.39689989865416286       0.38588450130579793       0.37861901672655929       0.30572523511808447       0.38251557143283177       0.37454747259083504       0.33938454623801617       0.37244408966809450       0.31754195691035558       0.36425752727739075       0.30967423910726599       0.32875785549873493     
  0.80364752785388727       0.63783680653698205       0.80151454709950942       0.55472945255928430       0.68053065974357396       0.54786081104279616       0.30621494042577202       0.61969712111343334       0.94820605252188905       0.39601198390918524       0.72903065884623697       0.72510262795655844       0.57590451879970039     
  0.39019778500231483       0.34165685707258642       0.32612783189215327       0.34158204562605782       0.31732444055660136       0.36509487340116981       0.38371339338895638       0.33992326576394138       0.33020232098793134       0.40240254960840621       0.34385593442544859       0.36763901758459067       0.29388518240268807     
  0.81048422816403298       0.64764859657186413       0.81300574712816964       0.57016463462358935       0.69408435932815726       0.56774643719711482       0.32032778446772725       0.63391379020503813       0.95049781645847931       0.40338265261950212       0.74000942709935957       0.73748924040812625       0.58907082341392469     
  0.32209527489905221       0.35137262639730343       0.34731469915429047       0.34880269028394800       0.37401313509536283       0.35575293635128002       0.34615637107561181       0.37564661977414487       0.34388488742544931       0.33517961522103012       0.34818006098986293       0.31730214236396015       0.29330937840709342     
  0.81765053090066708       0.65772612951018838       0.82439373974531271       0.58643125295480780       0.70781304864985906       0.58795683858154169       0.33363045518146400       0.64794448670835736       0.95278527852622708       0.41089784349072900       0.75041272536508319       0.74887387743664890       0.60359466909352233     
  0.31603848372661536       0.35729961924019255       0.35396093808845835       0.32789635374805132       0.33928653991270219       0.37243605708318211       0.37241210229760874       0.31883382182446496       0.31374390959704851       0.38143373004088255       0.33875696611998829       0.34559269863342235       0.37539383908002788     
  0.82429996474284872       0.66829808915320099       0.83619327620499939       0.60171450002551341       0.72153912586675140       0.60798613804920143       0.34678614654961670       0.66152631101909820       0.95500431582103185       0.41921934992042414       0.76040447145221035       0.76032833268654776       0.61904787617085488     
  0.36407792558074958       0.40384363808550755       0.37810457680300658       0.38088118742848831       0.36017317644510871       0.37227933458236195       0.35400236172624838       0.32276455439730872       0.30867252510210713       0.38810641337784374       0.33995516029886103       0.38176839584726452       0.35504912364681052     
  0.83133903515569951       0.67871995472875468       0.84720767212068215       0.61641473630668675       0.73466424543598052       0.62859504027752722       0.36068482162166776       0.67446603781951453       0.95717409856602975       0.42752963002304223       0.76990734865058341       0.77138698615967594       0.63390107790050454     
  0.33525526955033863       0.34070719872670918       0.40328091009633904       0.37095796028002409       0.30303550414691699       0.41283591804973657       0.41026432567671756       0.33019749280409483       0.37323087386869064       0.36558864455506895       0.34302447553790966       0.37344494990731852       0.32901734412160194     
  0.83860917869245266       0.68876789706423469       0.85708610419451881       0.63281422799718556       0.74796199036122013       0.64992597659852092       0.37516692264398105       0.68766595655717122       0.95934670954526025       0.43608876414748204       0.78007455170943751       0.78288857818582103       0.64867011320557766     
  0.36427637812340868       0.35800009259653387       0.37857021821744019       0.40691024510630286       0.31587318082810989       0.31474873197939773       0.37048883170498631       0.31153206756966290       0.38468520638582149       0.34820187313560974       0.34776388402564246       0.38177091123328322       0.34864891952175403     
  0.84604061714923384       0.69794230573594240       0.86654430017477391       0.65007877190855434       0.76227866957875934       0.67097924882372562       0.38996880357088365       0.70121798563434545       0.96149152275605987       0.44436150918585432       0.79238033891746840       0.79466802322028751       0.66351506676840655     
  0.36916895684831375       0.42558413460408462       0.35026620472170106       0.30072551324458013       0.37853678359644760       0.35899045278587099       0.33917045070620128       0.30573366629531390       0.34644422979032619       0.37367604848060554       0.39011709297675334       0.39986934456522888       0.33101365011653583     
  0.85317528485737248       0.70769799196328542       0.87493886433291768       0.66792125946838876       0.77652961846203106       0.69139161244441205       0.40451689471209490       0.71481624880044714       0.96356189933479530       0.45293544552480486       0.80393959508519108       0.80599253836106821       0.67871587447031878     
  0.36420712043303288       0.31384864469298979       0.34942866078670926       0.39912886526903851       0.37832542157128102       0.37373709792676268       0.32411339366246766       0.33591026664586132       0.33169536162870572       0.37348205277120272       0.39270679652492929       0.38399695781911586       0.30965536964882856     
  0.85938041446357372       0.71828567395290754       0.88268820168629591       0.68732350732069547       0.79068454081286821       0.71083340443165233       0.41919644988560700       0.72782340009318447       0.96562813908054224       0.46136257253239821       0.81540590999599916       0.81707239638945239       0.69576379719900749     
  0.36669840193960029       0.32944227156473316       0.33305649107785773       0.38473707615556785       0.43649266752585691       0.32953690200585001       0.37130757362343497       0.30773705630198095       0.44281050478150763       0.36161810750184092       0.31744023213247857       0.37442514678295796       0.32886539213000526     
  0.86523840690437370       0.72892125726490964       0.89051236122595101       0.70763227679187157       0.80531160944776625       0.73142641545489262       0.43464534689347589       0.74077059810193580       0.96772872506410934       0.47046960416372297       0.82646366522208281       0.82816656701333147       0.71427544135742471     
  0.34439487251354617       0.38835554566157571       0.34341729965697720       0.37325901252196758       0.31486409755916095       0.42483950779554286       0.35381259222599920       0.28959962198332118       0.35089684200630938       0.42061439456408045       0.38488487004111416       0.34176742248857644       0.40248102494847271     
  0.87149533517418754       0.73987918040078893       0.89852560304682438       0.72742034992393345       0.82017617566739154       0.75115465563169492       0.45144554167006201       0.75551321698139606       0.96992193837846485       0.48118025883319598       0.83727630870203185       0.83929821981833286       0.73175780127035472     
  0.34353852937164714       0.33615262284672270       0.35526541874966489       0.46238303800087999       0.41432945566045259       0.38353697303358653       0.38802128471068886       0.30508531809803047       0.38702980620791400       0.39670416540521569       0.40242420423750480       0.30530549505065191       0.42675043284674058     
  0.87759187983856002       0.75158606817187079       0.90675870263431924       0.74639470955506604       0.83377157343961061       0.77052855672014131       0.46912771514994006       0.77015776709771666       0.97199602965280740       0.49211127978386665       0.84801853068278044       0.85023514949001988       0.74770277976797317     
  0.35610608289321183       0.32873541288376618       0.31260870842034116       0.34269058206385794       0.37218006966483624       0.41032262071768572       0.34719385196527347       0.36916891105331495       0.41682007412150723       0.31407823345891900       0.33010587620550685       0.37584130071155658       0.39525113458614541     
  0.88436266505314409       0.76358791135883153       0.91428090440521914       0.76512115128568337       0.84655334400526439       0.78948771623009750       0.48660937941063753       0.78570590624121339       0.97391408534150692       0.50330983165672050       0.85942503807249704       0.86085054333206334       0.76324224349345693     
  0.36761775109750278       0.41285512847988337       0.32978196650164526       0.34742090357887362       0.35962123941050222       0.46864206149153603       0.37066730150129779       0.40753650716834211       0.38531578769886010       0.36437509562465420       0.38572988151675336       0.32465822390902921       0.37372781343350175     
  0.89151443998678037       0.77537610529977341       0.92162543541863662       0.78336346692238046       0.85942442861109902       0.80739774144532506       0.51001229997535824       0.80055518566799111       0.97575110862815484       0.51510944226511057       0.87110568208918659       0.87154725599742555       0.77811819975812624     
  0.36323705313978483       0.36638368601296317       0.37699188955406321       0.42088485754891997       0.38705367324215473       0.30990676100254910       0.32484324575483386       0.37621688037502715       0.38210480066442315       0.33896854266682619       0.39245836497553310       0.34029397822870888       0.36446796011462801     
  0.89898008698361265       0.78711362974379451       0.92898070515464448       0.80150849869976848       0.87208160430763948       0.82450863211766923       0.53568778352195079       0.81520892196696360       0.97752562517426222       0.52717702820474688       0.88292614052222373       0.88242323223901964       0.79287938020388216     
  0.37271727675872940       0.31603066596713486       0.32875772278322279       0.33809041513388671       0.38652995226306025       0.36954389534531196       0.42500543674258323       0.29158007483392206       0.32619888517521878       0.41104688619890900       0.34365581655342786       0.33928825444948502       0.31537815874021602     
  0.90649482358601341       0.79890428245483569       0.93626955518885357       0.81986547558182288       0.88462344518130587       0.84186079104955436       0.56070015612400970       0.82952854288451261       0.97917004982119316       0.53890406589319051       0.89461843787903716       0.89322967286980892       0.81194216014493303     
  0.40953134952624287       0.41289610099424878       0.35593900919327204       0.38245070061411912       0.35192956582435503       0.35518128124489307       0.40337525380184219       0.36347215616461570       0.32433359309250731       0.42689686342060174       0.37193184004851326       0.32980616154882741       0.36755466561927186     
  0.91334640027418723       0.81097092186996711       0.94312279546425060       0.83826200433115372       0.89667594228362635       0.85906711254514334       0.58690326171550711       0.84346370401545390       0.98090864853883120       0.55067733508267325       0.90575777214405517       0.90392420302994492       0.83109696536352995     
  0.37526910533423508       0.38836124514072456       0.35507040967676545       0.40022586373162516       0.36718751653515758       0.37153155924462866       0.34357355625781028       0.33423794927542477       0.32095300267540677       0.37916462234581327       0.34036457140042337       0.39691549573500773       0.31886650177340575     
  0.91941144644593042       0.82354369491915291       0.94988576380091005       0.85640036923749552       0.90855470917275594       0.87690292676069637       0.61503819623296840       0.85954928809200004       0.98272940445304757       0.56344698021234374       0.91623381054028263       0.91452946998258267       0.85080178169875020     
  0.39070413852785579       0.32488153452803259       0.38324173083371238       0.41862509592989511       0.36209300056779103       0.38384275702010656       0.36039410469118938       0.33548941304614438       0.37877524756330555       0.45885380285962757       0.35335704845397931       0.37937796126252143       0.33082753158051137     
  0.92555147488874878       0.83665487407864236       0.95615301964263255       0.87402800081105869       0.92035880502205125       0.89227455168898095       0.64568272507896585       0.87770175648492099       0.98448751629508724       0.57890979003229581       0.92665917522230346       0.92530541390532628       0.87099298267540470     
  0.32440547679021625       0.38826330201662979       0.32217807488696570       0.36293799170436519       0.31661648663874808       0.33735521531811569       0.36122437386949352       0.35533222197306624       0.39191381132199404       0.30738667594043340       0.31441662354026534       0.31720030469362187       0.38756022687394415     
  0.93215071834141694       0.85025798017063714       0.96264634858918241       0.89156114733427316       0.93168287068602162       0.90925988145416836       0.67932028119304266       0.89501137195667035       0.98618898009687095       0.59313560185242764       0.93663420112854678       0.93611338158527291       0.89144355656727037     
  0.35272345091160778       0.35331753500200042       0.29788014398814150       0.29769355025847455       0.30384593375178215       0.38577220652076050       0.37660144751251623       0.35654225275948753       0.38350095120258504       0.34994916106532892       0.37214441433260248       0.34018335705178609       0.37850820099261007     
  0.93927784940083359       0.86474763516462472       0.96902656300979928       0.90953103850467909       0.94257839318094827       0.92466023900750582       0.71784162737967394       0.91247024760782225       0.98792243058323126       0.61454445602382868       0.94681862959962471       0.94686026497872200       0.91043666162137771     
  0.33795163601989792       0.35233678912449451       0.41996478666966341       0.32206302831886446       0.34559982940347067       0.32737076963625805       0.35085741659175407       0.40935754091067600       0.40998270153132083       0.39678484290054294       0.32000428039755768       0.32993158867453132       0.36689554954260628     
  0.94744179047998289       0.88095650864536446       0.97544312517938525       0.92740369262673117       0.95370285193330817       0.93954304513119224       0.76224760846399642       0.92970231876685605       0.98974729027811859       0.63660771546327521       0.95718880585415167       0.95767570755980225       0.92805990626445867     
  0.40977364706344177       0.38916907265957568       0.29107782116214864       0.35905682950573703       0.40824528460696446       0.31994621732097334       0.35982593822122894       0.36562005802181224       0.49229464714212257       0.32377409292967724       0.33601665632364375       0.34741633916922932       0.40119722009493108     
  0.95665454795925398       0.89980321315843115       0.98175398061627162       0.94489257646770619       0.96473592466768476       0.95407148082498172       0.81157525047433032       0.94879992439537453       0.99164443645901901       0.66449039649814490       0.96753409712243055       0.96832831614952608       0.94548911599608321     
  0.34170799176118188       0.32526730281417632       0.32707530745361890       0.42297405691955042       0.33145041133492670       0.36759300403083861       0.46400149119605427       0.35331131885904293       0.38660280482126752       0.39892049913585370       0.37264716721189023       0.43474599580309448       0.37383368677272361     
  0.96624075923672292       0.91956525854988336       0.98774959244606630       0.96248224933700510       0.97687949802460894       0.96902620959416264       0.86490491795190727       0.96817193252283795       0.99383000091871920       0.70357452474294002       0.97864147404772239       0.97900651913440906       0.96328880226864921     
  0.33773595546504542       0.29420803926538913       0.34211947228123785       0.32853945498255011       0.41120472250522261       0.38356912152074440       0.36391738755000913       0.41444413791868773       0.43393774212301650       0.40910525209658799       0.38054132634099508       0.32155154759842158       0.36667836727789987     
  0.98024230623436959       0.95625090872998797       0.99389550544057126       0.98104359386763029       0.98847545035819451       0.98432768046666319       0.92959680629310371       0.98400298799351160       0.99674847410710199       0.78475723077815818       0.98875591165665933       0.98971845425210547       0.98160890091258235     
  0.39442190912380759       0.41061352199480050       0.39903426513239837       0.37432930389123875       0.35904897907171707       0.38805012529858385       0.33610213381770843       0.36160458916271210       0.41316285059955798       0.30753161232142756       0.34958630952128922       0.38786765829445652       0.36997323142502081     
   1.0000000000000000        1.0000000000000000        1.0000000000000000        1.0000000000000000        1.0000000000000000        1.0000000000000000        1.0000000000000000        1.0000000000000000        1.0000000000000000        1.0000000000000000        1.0000000000000000        1.0000000000000000        1.0000000000000000     
  0.33136105278991301       0.29009661110885465       0.33505086992434968       0.38757786371371006       0.35934328559813922       0.35398746881397297       0.30967330273655813       0.40592041981614085       0.31259334583087051       0.27194916457930207       0.40028697713966749       0.34577804291311665       0.34615283688596110     
   8.3670997609506852        6.9569586385908986        9.5628978079162916        6.7529707060224418        16.185009407712954        11.081940672984233        4.5796230201435160        9.6278626839257413        0.0000000000000000        7.5205841760030117        9.2324467239176986        9.2348308587765171        7.8831780585900653     
   9.7451769983771790        6.7118085832775867        11.201307801240196        10.364068938026186        11.086922007862315        9.6604602513828048        7.4494543086003508        11.081384662087009        0.0000000000000000        7.4221355428842628        8.5892230410868944        10.155432151379435        8.9218989868114793     
   9.9385098393719531        6.9322637546906716        9.6870449099990470        9.5559350792847990        13.065924329973670        5.8542541656505183        9.9763316054557993        6.2480616329001117        0.0000000000000000        8.3082084295027023        8.3671924021110495        8.6255498426703596        5.1596469137221757     
   9.5565207376174719        8.8954848554560417        11.191918856873047        7.6306734934669080        9.7616501144661676        8.7346001559674598        10.830094772106436        9.8004139463350715        9.9236348229493920        6.7022785990901506        10.132127514109104        12.306034066099734        9.2615131330373828     
   12.579736691615357        7.0477256108020994        9.8388261877182615        6.6356014982670164        10.509815409327880        8.4639248034517713        10.655985692712228        9.4979453986847275        10.058429354654773        9.5184622019445886        5.7133867314096856        10.285634708653847        9.1501934888311549     
   9.4910189293004379        11.428253259416657        5.1735095015402921        8.6755371260940208        4.0330482293514489        8.9772024011557967        12.650956486980867        11.495347345846902        10.231075017138663        9.4978403070128294        10.416563905594533        9.2311685844828464        6.4155259787406456     
   6.4128179763953979        9.2351020332543499        6.0987947118535519        12.727836066366141        8.7501230178163780        10.645494113203334        12.611916355559224        7.0680567640885448        12.305988014487903        10.499723442786154        10.748717982260834        7.0836881941093033        10.565704045182024     
   6.8450076024697815        8.4763953474497704        9.1908758491498812        10.708021719801639        6.1159523697876130        7.1773080928506783        13.186738498172598        9.0463723994874439        7.3231605096225314        11.739536668424975        6.8318979120962666        5.1722922863812792        10.183736538401138     
   1.6518212647910918E-008
           1           1           1           1           1           1           1           1           1           1           1           1           1
   3.2744617424041005E-008   2.9403281701041216E-008  -2.1372491131137545E-010   7.8040794125792114        5.2265379479057017E-010   1.4510486018265707E-012
   5.8077038125311730E-010   5.6537606533015840E-010   7.6249113816943833E-011  0.23999802810923307        7.6223469981300053E-011   2.0477563317089212E-013
   5.0000000000000001E-003   8.4782111624489378     
