     
 Collinear #          81
 ME*wgt:
  0.99051859992885760        6.0421243102375592E-011   6.0999604759279890E-011
   1.0000384104724802        6.1001947782919796E-011   6.0999604759279890E-011
  0.99999694497558544        6.0999418403998071E-011   6.0999604759279890E-011
  0.99999753661673696        6.0999454493874470E-011   6.0999604759279890E-011
  0.99999694888201374        6.0999418642288655E-011   6.0999604759279890E-011
  0.99999947914706933        6.0999572987456984E-011   6.0999604759279890E-011
  0.99999995634620442        6.0999602096415615E-011   6.0999604759279890E-011
  0.99999997406053143        6.0999603176982562E-011   6.0999604759279890E-011
   1.0000000005610667        6.0999604793504733E-011   6.0999604759279890E-011
   1.0000000000561060        6.0999604762702336E-011   6.0999604759279890E-011
 wgt:
   1.0585591537325107        6.6704102385513608E-002   6.3014052781380211E-002
   1.0056343652770929        6.3369096972340527E-002   6.3014052781380211E-002
   1.0005613028819969        6.3049422750812698E-002   6.3014052781380211E-002
   1.0000561090307338        6.3017588438804381E-002   6.3014052781380211E-002
   1.0000056106905766        6.3014406333732342E-002   6.3014052781380211E-002
   1.0000005610669338        6.3014088136481586E-002   6.3014052781380211E-002
   1.0000000561066682        6.3014056316888764E-002   6.3014052781380211E-002
   1.0000000056106675        6.3014053134931108E-002   6.3014052781380211E-002
   1.0000000005610676        6.3014052816735361E-002   6.3014052781380211E-002
   1.0000000000561073        6.3014052784915758E-002   6.3014052781380211E-002
