   0.0000000000000000        0.0000000000000000        0.0000000000000000        0.0000000000000000        0.0000000000000000        0.0000000000000000        0.0000000000000000        0.0000000000000000        0.0000000000000000        0.0000000000000000        0.0000000000000000        0.0000000000000000        0.0000000000000000     
   7.2562056864048319E-002   1.9184622050999280E-002   2.0906910560884971E-002   1.5248056972637133E-002   1.6039001591444252E-002   1.7062329925432287E-002   3.2507826175328595E-002   1.5240363547218338E-002  0.37821211601913984       0.11789508343193091        8.8486153364133110E-002   4.9795321044174598E-002   1.4385603848277834E-002
  0.69379764829511226       0.68740460149437466       0.72381588783440587       0.73137149030282944       0.71498389330218126       0.73223622123657917       0.80035243669847089       0.77353557737827661       0.55253357300238315       0.63736453364140044       0.61879069834097555       0.69902669008779761       0.77544617065125521     
  0.11593018606636774        3.6483961853406369E-002   4.3224858927430020E-002   3.0154847499338347E-002   3.2713091097218830E-002   3.3541939899109925E-002   6.3250960037117346E-002   3.1318269220069986E-002  0.46979999724051624       0.15556869685917088       0.14201904886152936        9.5890053868528974E-002   2.9092909647326706E-002
  0.68484126117749367       0.63140809189786495       0.68824874448827766       0.73842083023918592       0.69475738908608642       0.87126774549027541       0.66655034050079520       0.76185987212000705       0.73014812866506829       0.80587051546192157       0.70400645174833187       0.79583773075709185       0.63260027189260648     
  0.14594000452256181        5.1791864917675089E-002   6.4550763580076553E-002   4.4339651800323135E-002   4.9440530766056305E-002   4.7978470471756192E-002   9.0422339490005055E-002   4.4164777752505567E-002  0.51287568937113237       0.17943585058699799       0.18083140780590093       0.13448667057582445        4.5371786376034090E-002
  0.81179732213553413       0.68679660970612388       0.99459157287748079       0.71382343943174986       0.70460366936339514       0.83927026673823957       0.69964917712467189       0.61897605928469335       0.67512950437322061       0.79012881799307355       0.76621233032906533       0.67357485670916484       0.83249557865181856     
  0.16955200924785427        6.6632660500680022E-002   8.7019305433609764E-002   5.9128215132960724E-002   6.5587611446434393E-002   6.2308073020452631E-002  0.11560158485753705        5.6962305031238981E-002  0.54107175806018792       0.19785661692184137       0.21197700296282368       0.16825920933471827        6.0877515473572862E-002
  0.74010589645130476       0.65180455384963476       0.89510441934001306       0.63217030691148890       0.73585215001448046       0.75247295018654603       0.72653554677860011       0.75104195571664401       0.63394379127319844        1.0001545746809930       0.70447645059977837       0.81323734223816035       0.70280648606169371     
  0.19035771184613531        8.3548236699443779E-002  0.11035452230024528        7.4183098540721193E-002   8.2808863059584459E-002   7.6161919431596919E-002  0.13907319083906761        6.9792942285975823E-002  0.56502123777821933       0.21354148438665296       0.23316406021963426       0.19885337748361140        7.7611652371724765E-002
  0.72369095516487503       0.72980036974186480       0.96279966024101760       0.76564658085703030       0.73038117596556595       0.79436393798021332       0.76451717159577948       0.69835730843049515       0.64922214940379985        1.0051945756610803       0.71455609881213700       0.76396126827432276       0.86443494023323642     
  0.20986142987546094       0.10086886930509165       0.13234098776696443        8.9571587556861981E-002   9.9532965029035192E-002   8.9743368220374667E-002  0.15866491551588000        8.3329701146961893E-002  0.58810505592156470       0.22514803680519091       0.25442591510637108       0.22634339164096054        9.3590111534047449E-002
  0.72638186531347460       0.80070631535789605       0.84736367501722920       0.81907357043315077       0.69986701662678019       0.71985779948573769       0.68732327207395194       0.64695718287692594       0.85211477932599677       0.90608951533766524       0.71767881434652314       0.69609972329893732       0.84949797355569423     
  0.22944083489783196       0.11753057845944678       0.15312764186494479       0.10513779465185744       0.11657734821435473       0.10460312790537901       0.17615256064453791        9.7988278820565530E-002  0.61143869426698116       0.23739344663685719       0.27641729479154620       0.25274511739774558       0.11060764558218847     
  0.75053136030788570       0.70949353626631817        1.0399766319975650       0.77456427313466103       0.73814958821103538       0.66257309790033048       0.69777239312596606       0.77368322045615812       0.79648086844924793       0.80554388043986347       0.88423483960697469       0.73131157427338833       0.82632436883560823     
  0.24842223899345034       0.13411038511793341       0.17015470850340683       0.12132170179819231       0.13296843918394016       0.12027969777283118       0.19262934809309845       0.11428852172939516       0.63054612951827183       0.24491549390487724       0.29752840228236910       0.27464739021788620       0.12664814550556847     
  0.76035305923667318       0.72109183475392058       0.73221356155797546       0.76043229717026395       0.68628233016645379       0.95840740801819924       0.58931343696479555       0.78431829107523676       0.81072021659254767       0.72941465905625347       0.70127057623671041       0.67050563922229445       0.76360680645357659     
  0.26745061561104716       0.14863280315380004       0.18482610422124465       0.13513912593114694       0.14929103322919268       0.13766663959382860       0.21057190523530139       0.13119551160547269       0.64564844769328766       0.25208553866602723       0.31781208147915607       0.29507385463806879       0.14054228864345211     
  0.61964268127907385       0.72525808337811837       0.77345490353591695       0.65547350774569568       0.78408470909316985       0.76660740525106874       0.61108531752271766       0.72202502498940302       0.91161834246127127        1.0455227688425264       0.73260678900815357       0.71921085117866279       0.61774231864325868     
  0.28718198073146151       0.16417891299055970       0.19911190461794578       0.14764661373353452       0.16642116889606159       0.15507955769140183       0.22833831474261115       0.14599521063839865       0.65859719815863094       0.25935626125686168       0.33751889205090702       0.31463401813075087       0.15443328863266775     
  0.78868105676732470       0.74060536137291377       0.67242654233277366       0.71075166164571268       0.81057885238574312       0.81985537761583049       0.66793403639679916       0.83067059726163817       0.83896028861232941       0.68822669007669401       0.76881446707719403       0.72030909374904450       0.78931513702701128     
  0.30527760760270872       0.17928358827036586       0.21357496809178933       0.15993912630823615       0.18480283768842592       0.17193035623946448       0.24530073692872773       0.16067121286457708       0.67125168191606632       0.26678075046460104       0.35691810171583421       0.33437812997603106       0.16813851055872106     
  0.70060642723541799       0.73481363858581661       0.63901638320513032       0.69345644068742240       0.70281252210106349       0.68815678530908386       0.71885445665930436       0.68902376075080307       0.79578423732989700       0.80918666050832699       0.75641913853369336       0.79273796753282122       0.77786698857759162     
  0.32230004065186918       0.19308336651417671       0.22862043058851375       0.17333844961129097       0.20219416787042446       0.18704362188658449       0.26405452748121200       0.17508048856985858       0.68351133574290235       0.27314439326311707       0.37597590714506601       0.35374786994733320       0.18228198243700625     
  0.67169248716808017       0.71744064601588831       0.65695279643163584       0.66958170512787962       0.78115467248013259       0.59006709874623464       0.72840974325509644       0.71663498510554602       0.72443410991271340       0.72527781416819415       0.78531756112855000       0.84151567354954793       0.71767891578507470     
  0.33929280418160557       0.20664807033157279       0.24479827056545816       0.18698749769910528       0.21780262067969372       0.20218663646838261       0.28147639029516802       0.18906733641116891       0.69505165616118914       0.27901793096378641       0.39454068544633025       0.37217641819673575       0.19650636356709900     
  0.83274687001380165       0.66381887793490824       0.81542798111674841       0.69875445735168895       0.73038500176792764       0.75850339870676831       0.66730389801637691       0.75713972975431720       0.73432075165761901       0.60854858247833943       0.69612930446870003       0.67471320860677031       0.68198492578596615     
  0.35696507739038741       0.22004051131946431       0.26103175651709665       0.20035719971820823       0.23237898290458658       0.21738503100817469       0.29924144024745841       0.20263249758671342       0.70608549087254258       0.28495241198584659       0.41230825994031683       0.38950140007092843       0.21052937731982804     
  0.74877653844621128       0.66069074886166534       0.79460206120261268       0.69704929935095994       0.69503921564426996       0.73106903092251818       0.72914090821491628       0.81225878694443931       0.73137052347627718       0.74734427745082277       0.69964372959087806       0.70304340747614424       0.75447001595256835     
  0.37433111549214598       0.23449441158003115       0.27700591879643133       0.21437521841828366       0.24592559858490481       0.23226858509548892       0.31662974175566727       0.21572532908969022       0.71647730381315478       0.29077579385916758       0.42993456496190546       0.40453399299331211       0.22411144652118450     
  0.77403475003857314       0.76990066810707003       0.76853387320940281       0.77459369646763887       0.59344597257258624       0.92864588270500892       0.71466246214850371       0.75247303806950683       0.62552955549898659       0.72428334062783639       0.67237370222423154       0.65935451165364134       0.73888603153609234     
  0.39125945758900943       0.25086068382192839       0.29317851173256992       0.22921809412064584       0.25954820918431237       0.24734293549872835       0.33361362203841122       0.23062727719241949       0.72615988704636114       0.29801232912937603       0.44637590123293885       0.41814871292782257       0.23859782635718019     
  0.73229257638402401       0.69575525785758585       0.67034952250633195       0.72866814668556801       0.75944795667993203       0.77752521034916144       0.64225971475538834       0.82680525837678787       0.95757129633962845       0.87095423962249496       0.72302738329824379       0.66297079992825092       0.69702346626599188     
  0.40808276989532810       0.26675802429802192       0.30879031451552885       0.24410488233982072       0.27382140163405067       0.26317034527555949       0.35138651587017128       0.24548647143170574       0.73559287506611271       0.30503549867594826       0.46279566214156787       0.43151031571695786       0.25301504141380055     
  0.75266268174351103       0.76634323290708217       0.67397652282773501       0.61499901877133523       0.68212091754058990       0.70060581857819004       0.64170509496930039       0.67960477845389888       0.74678793591223636       0.92289523132307494       0.75708858999783113       0.65134591323594826       0.63083978591110390     
  0.42515659704748165       0.28282188271828895       0.32342528485297140       0.25851575673436933       0.28873349818998378       0.27793324356682686       0.36898576955000922       0.26072125152121545       0.74460682398874656       0.31147292179652269       0.47846803882561112       0.44509317840149509       0.26777875687438701     
  0.76940148892545102       0.76939098065612066       0.73327092110783398       0.81283959768272374       0.79297874142766855       0.72562172945495940       0.72798142557762568       0.68623835409704659       0.72707016925375789       0.68527696987379894       0.69242754671609430       0.70671164977108270       0.71086203165151152     
  0.44121417919548822       0.29915037847139547       0.33787782882584882       0.27269450957853664       0.30362392111569664       0.29211815859734802       0.38578224676643358       0.27637324216792686       0.75306506044345867       0.31733801058609690       0.49435596260442866       0.45774706176363122       0.28260273539182384     
  0.88033743231112127       0.81370653472303534       0.73983284425389861       0.71359547263616296       0.63270118544005771       0.80970090474044198       0.75194081714340488       0.78578362448350414       0.66703898487983149       0.85210972262265205       0.65637373419690448       0.84292485933367800       0.69596670927253357     
  0.45616622881779795       0.31683251855302208       0.35320201383727834       0.28681503583084966       0.31889278268268528       0.30782959039159569       0.40205968889613947       0.29099677795440004       0.76119643746593535       0.32291958572706553       0.50703711362801740       0.47159527729143325       0.29766757763122798     
  0.66052729465983362       0.79252920532424909       0.58677468586587278       0.73996993545055811       0.77820881886304782       0.74020044241214078       0.64685413030586525       0.62334277985362518       0.65872953143644453       0.64523106263244556       0.86938332457967749       0.71963778699306835       0.78786132421382360     
  0.47061573083368013       0.33431080543637637       0.36901224369227820       0.30127418815040963       0.33353431731943833       0.32367277290812502       0.41782593266331902       0.30545880152776600       0.76913075561875399       0.32850485102662141       0.52009719613955474       0.48498869188173654       0.31257596531809556     
  0.64900583195613493       0.83158052828725615       0.91171632883162279       0.67235285170651460       0.64793196267982345       0.64552487156284066       0.75899910901303558       0.76937530825194766       0.81417483914369504       0.73252249898333976       0.71396179322703224       0.81907245683321350       0.75175158648418017     
  0.48430727302028198       0.34977500614029161       0.38408600136257987       0.31614957444431385       0.34809279838211954       0.33858306680799644       0.43387474335292403       0.31916329384750081       0.77684288295732662       0.33432202371968911       0.53301499223649518       0.49818326901402021       0.32641770856330649     
  0.73466422622443117       0.67440762230419082       0.70948679390845293       0.77703972891632556       0.64817690460926691       0.84526263323429285       0.67267832837606734       0.78994498256696510       0.77668019195531002       0.87240375575561835       0.77082036313417834       0.63084338535739093       0.68002286820807645     
  0.49803814627789111       0.36528797011510783       0.39900861475273453       0.33194718621604308       0.36305824603182762       0.35356721828538196       0.45020049497072084       0.33237669701690870       0.78415519967891367       0.34036154475839925       0.54469928245665966       0.51150310846791658       0.34027485591917656     
  0.83413881714111127       0.78264176623732440       0.79704317337611763       0.77265570530309247       0.67530010862196854       0.70509438487247100       0.65952457358197603       0.67878589521299959       0.78233061001552828       0.67830271740375458       0.81736516213833021       0.65759953247435898       0.68369928971689453     
  0.51199558957776470       0.38033873841926269       0.41400730412491143       0.34812716472690453       0.37926795489215670       0.36751766528129609       0.46761269881628881       0.34721513955855077       0.79133782841884515       0.34643655946646590       0.55495154083872689       0.52461424148023794       0.35395715055420485     
  0.66104595294031188       0.70863025375077793       0.68111175553122594       0.68201176195054058       0.75489715215388897       0.71704028291412569       0.70920007359294635       0.71115459765492983       0.77703094287170515       0.69124223674597507       0.67431371415941399       0.68936371331687862       0.86529734101895750     
  0.52592457543264470       0.39562814786392381       0.42923516322637095       0.36408906796283280       0.39571148639568532       0.38220070881686463       0.48655256901922878       0.36281801112028972       0.79846513067648228       0.35262732438389588       0.56418905379608264       0.53718470122388762       0.36894925846020116     
  0.78332463959651355       0.80459078004902396       0.68016603268646203       0.87305168858270898       0.66942877719208749       0.80738219389992960       0.79701445136209059       0.79829372174109414       0.74899466585878371       0.78440896180137187       0.73439398533995925       0.73323167683736723       0.69843192741020022     
  0.53871431809530446       0.41091260535694618       0.44425646013065667       0.37983721893940581       0.41176880678099570       0.39817715160451789       0.50394404004620363       0.37830308650734012       0.80537573377057636       0.35830444059482941       0.57430041489525796       0.54974932452074854       0.38392635994195051     
  0.69807344248938452       0.65974142260405488       0.78231453697432984       0.82235068901945796       0.75297726603606119       0.71022540407295420       0.81658720832977960       0.76961604285727880       0.82194881755844906       0.69776593721118141       0.70799904351031540       0.70882095233625120       0.88832290728666885     
  0.55065757170916430       0.42553875168530647       0.45879945662327504       0.39571928509762988       0.42762229152251091       0.41460587185626618       0.51998033008968148       0.39432020019427039       0.81241887477470676       0.36319953407632521       0.58528145003322762       0.56140911354332002       0.39918130828925447     
  0.83676215166725298       0.76729039510528829       0.73182011851357109       0.78044097077534358       0.91065601460948498       0.65987161808579364       0.69642259891411362       0.72710807642993691       0.78418763052557339       0.62819660496460739       0.68431368393091729       0.67921377544256212       0.73956416314123452     
  0.56254446744771691       0.44004560592417769       0.47349733756089907       0.41155580880785841       0.44368555537128990       0.43201546384651807       0.53566780765775635       0.40992945973967387       0.81906719570535713       0.36824310943244587       0.59654927859633133       0.57328515473233965       0.41446502439624866     
  0.67325657954638085       0.75939353284209021       0.73230961291242658       0.72557269394252555       0.66436662231094734       0.85135346921466981       0.76283546429258653       0.77200950980540450       0.86028823016161693       0.62156119424528633       0.69181227637508313       0.71369712569231114       0.76347853527115694     
  0.57568858094604947       0.45555067402605071       0.48839598544758117       0.42716705827478985       0.46002650131186745       0.44849050979999178       0.55066770496433270       0.42554260482393086       0.82589107646404369       0.37344382337554444       0.60886117068485546       0.58525253522022846       0.43006000576965703     
  0.88355994718410424       0.72364093340941027       0.64668124338748600       0.78682090619105804       0.62881688254037060       0.73719226325586573       0.68039226326070712       0.68128868000565312       0.79977424194868230       0.66510328631580429       0.67744380290883432       0.85714272680591275       0.69457393579886351     
  0.58880597687752922       0.47074224779083462       0.50357736364315808       0.44256822930330392       0.47507839712049471       0.46369850495320147       0.56633726201848822       0.44180768755691296       0.83171654823312202       0.37898009229298524       0.62103176274306304       0.59809253431949150       0.44552313165734680     
  0.67058067552899636       0.79997253305006266       0.76889118118007471       0.69617115907736316       0.72141916950518281       0.83835675706535273       0.75508760745595982       0.72997292428883231       0.86007492019315201       0.83452209181004200       0.71317849534160693       0.84834934699861231       0.62221044597872499     
  0.60214402128211586       0.48550990623116019       0.51948741979421020       0.45997701862785106       0.48936077957399010       0.47896020749461066       0.58298539891238343       0.45804885020317954       0.83685568257364895       0.38479456758373110       0.63202770824614651       0.61081081253247915       0.46048385642920697     
  0.82034684982122918       0.86811834044133440       0.86412388846481769       0.73181975225437579       0.81245329747228379       0.67915162330039969       0.74447390784192791       0.89792380141241601       0.72602090149142628       0.86711988031522502       0.72352183934716408       0.76951293757463923       0.64675343492182524     
  0.61540643863437638       0.50077733547282566       0.53558691142908121       0.47658742331475173       0.50298046883708458       0.49389155630986226       0.60050967144726741       0.47566563710378229       0.84287477675134426       0.39074664200906878       0.64342345130414269       0.62216420782005222       0.47675147324967043     
  0.86104432564133493       0.66463520181744484       0.69190492592899566       0.73091402160848096       0.81311377512103944       0.66531436135541533       0.89869907906480850       0.73580819589523039       0.87650320207204757       0.71460341828376683       0.71543638296073109       0.85665488116096389       0.79320021844513122     
  0.62826711713077710       0.51699830277572656       0.55186182055894639       0.49468262826611975       0.51751425793541783       0.50800863832481269       0.61818370132093980       0.49342534050917553       0.84940141743665576       0.39682988037203260       0.65365579445417743       0.63286031583494862       0.49393137984938956     
  0.84309129583489273       0.79646861077087239       0.80003013809207635       0.78766094593616598       0.60938669972184056       0.65396125981828435       0.86191863097601173       0.76233244597029159       0.79368633111316877       0.65841850516249667       0.78055685098180883       0.86462676850093434       0.65708878996946696     
  0.64095074376059868       0.53278830076442751       0.56822271031931471       0.51170555967696818       0.53290365006017548       0.52233826770151492       0.63474566358235041       0.51002541673444135       0.85571513886146733       0.40284796733625983       0.66356201304985463       0.64348330479091931       0.51018757183900743     
  0.81884786769506612       0.82333925458804058       0.70302275554973803       0.67566344840994386       0.75594274670758588       0.80978938740508377       0.73438850779845244       0.86689462913825133       0.84838074418505727       0.66193774657151727       0.68557758682604297       0.74177666274176479       0.70275512764747683     
  0.65352116096691693       0.54837574974835468       0.58310687795660232       0.52871749504089771       0.54901098991936237       0.53773004661513013       0.65004858554252887       0.52577090276799454       0.86176069816711653       0.40882932789739879       0.67359477916899879       0.65434295208440918       0.52625616392392904     
  0.77986925615802216       0.67390838604465342       0.66450671379944637       0.85410856420756764       0.86748528542559489       0.83109854761775681       0.81262513391913893       0.67658365997717618       0.77913920183721375       0.70967117212896802       0.66100916910212471       0.75211522267200981       0.74544796905450483     
  0.66585668607079085       0.56371294555763762       0.59652247917196399       0.54566208088908985       0.56533308653267533       0.55339438370433458       0.66500383144047681       0.54057413685807632       0.86760519856343554       0.41517363553945991       0.68442514734668547       0.66527685073665821       0.54265232312506562     
  0.71807068720301725       0.68412843181346084       0.70248765908116173       0.97788359681428716       0.64008985343526514       0.81199921380182261       0.79043082484166793       0.78798850565416367       0.83048627118971041       0.73810711145197494       0.81531649509862858       0.75261002434701874       0.73873454938541261     
  0.67805906342718791       0.57956267059046618       0.61134988649442012       0.56234280975945583       0.58164583665931813       0.56991034934323137       0.67971469723309119       0.55501057394360365       0.87328141751339239       0.42211469158343035       0.69648059135415463       0.67579209025815956       0.55936684371630008     
  0.69199004203166670       0.73986012794453226       0.65939388997057702       0.73022968104574648       0.76058946177173381       0.81621209441122333       0.67565103809739580       0.61909579114256008       0.75344219612108454       0.77887287084786583       0.83516172069390271       0.73565622725789870       0.80576237745847323     
  0.69010935990996414       0.59619569801358241       0.62757889735369232       0.57942268013255094       0.59769310514869056       0.58585601429678802       0.69424520674220891       0.56855515198325257       0.87877946222691150       0.42909082303953411       0.70725219632079017       0.68661356911330296       0.57584781445925759     
  0.76683805229716118       0.69239714407949171       0.80779906084806263       0.82100574866503040       0.84392047532486159       0.73551069377804357       0.77218717724398134       0.65899354391478293       0.74975303145277805       0.73065527512207562       0.66296200567449570       0.96361542397682776       0.84327153736232197     
  0.70148842160654834       0.61350004830839311       0.64439989702261746       0.59662183594348583       0.61361063173376285       0.60138421689745603       0.70896939477080334       0.58130904934260375       0.88410113247861566       0.43586895251954372       0.71711869862454769       0.69792735359552338       0.59313692127338469     
  0.73834479146839771       0.84186526043815690       0.83680110791367623       0.77766404956945767       0.76863323972353104       0.75433963502826951       0.90997467418526667       0.76094296468301237       0.79983253814235578       0.79110851508221502       0.79307681674888864       0.70713272125138138       0.97738452891501748     
  0.71119886093340534       0.63117807877812260       0.66171028824453904       0.61466926612776129       0.62946521520778809       0.61687303580152708       0.72348401550858299       0.59442778937956664       0.88924854541619458       0.44278808955521387       0.72586708864653759       0.70928524087830902       0.61038838425635644     
  0.71493902224341743       0.72921165153677914       0.69415181818535565       0.78492292404959396       0.77320731311596780       0.64025003216170084       0.67488875067153342       0.59572828066930494       0.72261044021813281       0.70600775865892518       0.71171098662934562       0.69417011889337799       0.77207694814757022     
  0.71963190034237123       0.64761080859401288       0.67829578647010835       0.63280951022104004       0.64528008702032302       0.63176322505090798       0.73662264835322733       0.60721273818703447       0.89419802011286675       0.44963371885125702       0.73449160629153454       0.72109677307421172       0.62466195016323389     
  0.66632185283545076       0.96065920112295178       0.78436547326969464       0.73851241732125428       0.80644550260657211       0.73908063136998059       0.70022534961759630       0.76464594426327892       0.77585390490141226       0.67188694521954095       0.89413598804309635       0.77346980600731829       0.71596255821644228     
  0.72871431821694821       0.66257518384881897       0.69408546377086633       0.65034080883070644       0.66111034390650569       0.64675243857795373       0.74998527069343246       0.62220032715337725       0.89875852834419068       0.45665580780844589       0.74544844863040516       0.73312375229761284       0.63732808185226675     
  0.77275912238324129       0.71629337697801942       0.82544926995531587       0.73064314315427503       0.84232171303243719       0.70958922256269663       0.71313979623807378       0.75373144611285348       0.66616015238534254       0.66765664118017232       0.69109498073057929       0.61626744541629919       0.72096003234905670     
  0.73886925909741497       0.67813146795361912       0.70937785632574768       0.66825636597946558       0.67699820984996650       0.66179661328224615       0.76146479255432609       0.64014885450828485       0.90323410693278317       0.46400066880368873       0.75702079811849232       0.74475663953899951       0.65255766650075109     
  0.73416504926953052       0.69094862146186675       0.83629931605675867       0.75244978064651824       0.69146493938303522       0.62026622982876833       0.64857263225512929       0.74907889172203690       0.75404727973460262       0.73754760930433050       0.89958844194471033       0.61661563826938681       0.74999345746876600     
  0.74985830356535677       0.69410297969382317       0.72545077516310608       0.68511927887602386       0.69290154801430803       0.67724224966960522       0.77320280587778523       0.65771696458341278       0.90792530507572566       0.47220080963314293       0.76808016567357296       0.75683323749325182       0.66924760614838996     
  0.77442781846100950       0.61136962815585616       0.76256333070528382       0.80947642828769384       0.80949821573952252       0.77701914037357711       0.76199239546179587       0.69128637879701638       0.70295924564310019       0.66956055363855305       0.71658910885030791       0.81575828142950002       0.83876236467351850     
  0.76082068572314543       0.71044247990027365       0.74264416946963774       0.70082501735571245       0.70825021542002009       0.69352272276921245       0.78607228715885258       0.67531061960293193       0.91220783575644537       0.48026101439824842       0.77911421772801615       0.76827923773505025       0.68574615005282724     
  0.63940201611638958       0.77782796973070467       0.71315309798153959       0.73650094721950410       0.81777442327849514       0.77435227332747036       0.75937938650599957       0.87890002555067004       0.75185921168765446       0.69265153543420444       0.75160363821823117       0.65853931062249704       0.76270403477460569     
  0.77363356221904267       0.72741625827842460       0.75914791074972321       0.71673748862482378       0.72360631336508141       0.70976806472585163       0.79845220919343840       0.69234464897426917       0.91642827582128938       0.48834268967231093       0.79054294155989169       0.77950564110509657       0.70318771262541102     
  0.78516217956998891       0.70778166040390766       0.89592833441447606       0.71920966930747510       0.96868050023477681       0.75125703210867933       0.96874563887899756       0.77670815838109730       0.68026399319023378       0.68415751410537218       0.95971933416393351       0.76251309523743116       0.81529051160110011     
  0.78576147044515432       0.74407541019266210       0.77279114577561370       0.73137476917641686       0.73781635414578717       0.72608173203288517       0.81022681951502329       0.70858743990130024       0.92057226331979769       0.49678358176022430       0.80094449353882646       0.79237926413487936       0.72075561910825670     
  0.79826289837359587       0.80713152041111935       0.66331018437103073       0.69943490208264880       0.76688095998060823       0.87494281742937485       0.77590081083487628       0.81227494596445626       0.66960534558280360       0.71465023830916530       0.84575885572453147        1.0386626916957018       0.71227025326155169     
  0.79787487654299949       0.76072169434423298       0.78633647686786867       0.74674984826038959       0.75205941252711239       0.74163069073403121       0.82252112062483840       0.72533778587401398       0.92465872500847279       0.50584894795763169       0.81184663905505228       0.80585689805850746       0.73809953305579579     
  0.76745999317323599       0.92918894650870898       0.70921577173861117       0.71854197767070305       0.71705564158781698       0.76079441355865252       0.63122157849538985       0.78951325218986856       0.66488864903046774       0.88900005193238785       0.80192545380477798       0.81019143006277994       0.71808239081345615     
  0.81019394799185396       0.77649208196809461       0.80041800637702998       0.76200698674677569       0.76563844164862127       0.75614105784377716       0.83508821585756299       0.74219013387891708       0.92911670618615416       0.51552093671610488       0.82287630434681935       0.81878883646212308       0.75611954578314011     
  0.79037607802432619       0.82778658002012107       0.68423112675458386       0.66699154584731546       0.76914291663316070       0.63994397592274910       0.82763194209742974       0.86737819985606501       0.72213313821748526       0.82363207703776775       0.84301084115091329       0.71963737519845361       0.81049788705712122     
  0.82268111347373429       0.79291547636339244       0.81480683508364105       0.77690142644328875       0.77984757101681368       0.77147606992799067       0.84794844073500553       0.75925924206151252       0.93380435146157392       0.52517230696659767       0.83352895250871617       0.83085686885986554       0.77480328661309827     
  0.82117617242526897       0.76770206574096445       0.56804270788918798       0.74772240301019133       0.73721223630808908       0.76255245552737161       0.81043925393152860       0.65228429952778111       0.66753032959186065       0.75631890767681109       0.86691722693587403       0.83666698600136857       0.77906166963637158     
  0.83409271826916032       0.80967427038438167       0.82902374232505449       0.79238394266143897       0.79542750836123166       0.78739317246293961       0.86044440474838046       0.77689500628747177       0.93829537664743745       0.53527804448771266       0.84386677758124096       0.84240256244481504       0.79343182412244362     
  0.70320132241135180       0.73248306010530884       0.90073352711831278       0.69273830916103762       0.73252990381600847       0.71040739718698453       0.80862259160544048       0.70653511042542161       0.70677928721075900       0.86543819538780387       0.81490447529117138       0.74884702179979712       0.71566503419968674     
  0.84482931701328590       0.82261861126869307       0.84350753341649631       0.80872221285775525       0.81041980958486193       0.80453189045306783       0.87197134773591334       0.79544812276972066       0.94247547448045343       0.54571128028814375       0.85427037091176383       0.85362693449254679       0.81193012644978635     
  0.63096235310767812       0.73304843156898747       0.84375657667911508       0.72135838736259517       0.76557134594963849       0.66183343550838003       0.70306892088133455       0.67972841066682577       0.73229861305968225       0.66369886941930911       0.78388853263435532       0.85543696266823888       0.78331292826403154     
  0.85555016844563014       0.83398089858618218       0.85813430094970189       0.82502702311812059       0.82515451885873980       0.82122348797947220       0.88324978106336194       0.81432081563357495       0.94634238138727123       0.55744602149095679       0.86427879672651120       0.86535195559822875       0.83012587642598068     
  0.71798887495549624       0.73783507064766918       0.70236836222212140       0.78283220365489681       0.84568787052887584       0.82993167441979177       0.93462929093012970       0.93287466227125382       0.77767797796262661       0.74172213130036835       0.79369824386452636       0.65724841207902940       0.95701074904685846     
  0.86668827993205733       0.84942489611892669       0.87240179709028243       0.84097834378955461       0.84008494911931408       0.83779287669394553       0.89459427767501509       0.83288908489093783       0.95020302547301860       0.57024166866956438       0.87419425115797511       0.87777001812855227       0.84784833061427545     
  0.68287506583499735       0.75755594656862602       0.81211446512264085       0.77869557498440600       0.69192235710229000       0.73163268400842951       0.86078249904419823       0.71809732575315099       0.86887876592688118       0.64965267876296007       0.64594092794071245       0.76556180322634038       0.83927455841689313     
  0.87898179033433566       0.86456051933542033       0.88469674901456341       0.85807896423420915       0.85547037468314469       0.85428956842635362       0.90579858796580981       0.85150121437853599       0.95394826720856307       0.58303041376963793       0.88392422526424674       0.89028080240621288       0.86536471266135206     
  0.71425788009416646       0.64897454527885812       0.83226478570964180       0.82623529714210331       0.80565426157478248       0.72228432780971563       0.80133615063212060       0.91413208018162606       0.82990701459747340       0.87374883577354256       0.73218193769030560       0.92762095421215685       0.83931458923804869     
  0.89176317439680786       0.88097390325988489       0.89671863183334577       0.87630059087815038       0.87125863703990625       0.87175291517640985       0.91683387639283964       0.87020530866635071       0.95811017132600806       0.59641917019857216       0.89356155198341425       0.90273532082025731       0.88258375469180650     
  0.77288758394387935       0.78398215912468561       0.76394413075489742       0.92268777400289315       0.73033688757883664       0.79761851101471215       0.83470091630223930       0.88593739851599962       0.77972525668566328       0.92213275514760129       0.74656884171660765       0.79631050009990811       0.65306401459245433     
  0.90459517619811147       0.89802926515049508       0.90964334331203078       0.89319400229274060       0.88680864860202013       0.88635925364594237       0.92753804748826207       0.88466183334735804       0.96234344072555478       0.61099022287378812       0.90392042704576958       0.91496369595193217       0.89881083925264094     
  0.71522497462816526       0.76820607415358599       0.74544613196613152       0.79868262429444004       0.89733087935636457       0.65184266544441649       0.83546148533747688       0.67873899591244413       0.70961202206591856       0.80663032830013881       0.70878946960591849       0.66260102730666648       0.80463490222988054     
  0.91762359477005728       0.91488349691707072       0.92219000382576832       0.90893613947565577       0.90234107875656711       0.90064000534554578       0.93807380625822945       0.89830092920213966       0.96674890087103893       0.62731017264277478       0.91568730476925952       0.92677279335955431       0.91303286730893984     
  0.88465810608369055       0.85439467845519890       0.75343745913769111       0.77609669681269777       0.74835627225257495       0.69704908436580082       0.75248505770035967       0.82321473694965097       0.78869909331977839       0.77200181304195514       0.79675754909418517       0.76562487945742597       0.69892082247384280     
  0.93072508846789270       0.93300426790661872       0.93482304556394669       0.92382329262167429       0.91616971838428274       0.91740301747962461       0.94855285314954541       0.91498878258275629       0.97100978212622246       0.64514385889595371       0.92840861576648559       0.93667944028473460       0.92450843712230524     
  0.76209302832384684       0.65019804425098737       0.69630267857393435       0.66527029807772531       0.94924253655136781       0.90024508280024940       0.79282651076313848       0.77584218742637012       0.74087827873491618       0.69293942073055104       0.80578998369581234       0.81275522388735066       0.80672866525458931     
  0.94287194072514280       0.95107308043630379       0.94687706879226896       0.93843090067659285       0.92996084626505082       0.93316711693218413       0.95857208358144463       0.93105001187440994       0.97530174541958781       0.66393428937966248       0.94106953012966499       0.94755021368171721       0.93669902421685791     
  0.93118826620349637       0.91685101093900934       0.65260045650625254       0.77214092909434873       0.81515415786013523       0.77561627662450294       0.79577980550313154       0.91639937919778092       0.68868255514528387       0.68899454687337913       0.73701490112308177       0.69872627849085578       0.62874849329995008     
  0.95343341216978661       0.96658214982770951       0.95930656691017890       0.95391826792395362       0.94723812680275710       0.95093151931571807       0.96820374287745647       0.94730931147798725       0.97978324345021817       0.68727725270876749       0.95428483081388427       0.96023789102829527       0.95132344216954190     
  0.61677419010960333       0.83388387818509635       0.61549540115327628       0.83167344374425189       0.72872949391537645       0.89102230768538393       0.84809007929597924       0.79014230538665586       0.79967645967353851       0.80062447321479346       0.80988109135390962       0.74084799401650703       0.74452658130256710     
  0.96500333486070378       0.98018032002151301       0.97189262348632321       0.97067042944311821       0.96376876811843692       0.96773790447802843       0.97806574183848605       0.96461663412320608       0.98436183172069014       0.72562119716676909       0.96788140791961119       0.97312521276326736       0.96621331900579666     
  0.69382842916523713       0.89180556284668733       0.73145101115247246       0.96262211810406972       0.80097389906034400       0.72636762527640919       0.83325301091314352       0.72381783472709571       0.63856715341447123       0.76975870843769234       0.85074480012767506       0.77750402682104380       0.71246665386962871     
  0.98229501231448002       0.99025580421567116       0.98570659936612348       0.98544684363901103       0.98188174409348716       0.98330352135187093       0.98863849445319996       0.98223822612051304       0.99140928231248493       0.79491794768359514       0.98357017695614524       0.98661318369553097       0.98351634488485185     
  0.88930750009343562       0.75136377164026569       0.80075879958247542       0.81146152225582568       0.72714590094903486       0.82681144178369992       0.88267377821481419       0.78828413446033729       0.76982506507398740       0.70243024689671163       0.78892647335342536       0.86603369141938158       0.88398152907302530     
   1.0000000000000000        1.0000000000000000        1.0000000000000000        1.0000000000000000        1.0000000000000000        1.0000000000000000        1.0000000000000000        1.0000000000000000        1.0000000000000000        1.0000000000000000        1.0000000000000000        1.0000000000000000        1.0000000000000000     
   1.0054348004347686       0.90765192842692488       0.81401515043287631       0.65659174799722431       0.95821003341561628       0.66411907614811838       0.97813059871518659       0.71409511814689641       0.65446826053236129       0.59490610109685771       0.74841273848527679       0.87471337627975021       0.66710558507705309     
   5.6834718312889398        8.5908640680701183        13.478536263574144        7.3655231714136482        5.4252518383702979        7.2481355703408026        9.8248893268168089        9.0976428920405255        10.426693440131903        6.0726196052406580        8.3072481999789574        6.9364118311072795        7.2695434120506315     
   4.6573457053256915        7.4700425370177745        9.2674578819513354        8.4591681612478844        9.3037321842274086        9.2044413539239933        8.0473050846059788        7.7956905268635426        11.061976416111085        6.5175345957473763        7.1370407034456962        7.8477468206598635        8.2609912787737496     
   7.9966273967070638        8.3226852769185005        6.3152726288492778        9.1375761883991622        7.6448634678910583        8.0164600346302421        9.3413104019084319        9.2964950759774538        10.352863784752827        9.0125086650724775        8.8309360265923154        8.9003769868797420        8.1827322490708685     
   8.8204747526140341        7.9836390708955616        7.6436447819320215        8.3365283539107438        7.0796908080416499        7.3259924385094441        7.8604173954535694        8.5145612622418660        9.8800642409718851        7.0929927507614989        8.0152802069476099        8.3303912506868922        9.2782093283544480     
   8.0240845839261041        9.4602187015024022        6.6479017055597929        8.2941908146687773        9.4536799186601677        8.2201807988560489        5.4047132862361504        7.6948642765071780        11.533810472599770        9.3619826149020220        7.2628193252091702        8.4674119181610035        10.298655796468555     
   9.2834266477073566        8.8550230561077790        7.9984404790569981        8.3285442217361751        7.7340606398437339        9.6051094560426034        5.1519897468614584        6.5333186941478960        9.9172029211572816        9.4024109947784495        9.4999822520632993        9.2928034781034210        8.0121098491084179     
   8.2268065269599173        5.9765973684828051        8.3931628934511053        8.6610618239470067        9.6886399814030408        7.7317290028981649        8.9933796918475739        8.2028654881471326        9.9657984286336596        9.0721643264139153        9.2513297718334506        6.9767361109780852        7.2346675215235363     
   10.437700229349867        9.7207979026820617        8.6883722581607756        8.8866113000233593        10.722201866412847        8.7068577755513772        11.258699784888838        9.6543842017708918        5.0856385421734842        2.2821675981522231        8.0592845198922021        8.6880704745323651        7.7487859844213993     
   2.0233102118141191E-004
           1           1           1           1           1           1           1           1           1           1           1           1           1
   4.5621422482937976E-004   4.2895077038956599E-004  -1.9052901345426180E-007   8.0233711034967392        6.2611197337185130E-006   1.2762277039377398E-008
   1.3638169651333762E-005   1.3664885151964379E-005   5.6787483576993800E-007  0.20694122650223745        5.6755713353116887E-007   1.0779213475795874E-009
   5.0000000000000001E-003   8.1159970184480059     
