     
 Collinear #          31
 ME*wgt:
   0.0000000000000000        0.0000000000000000        8.4902966204785883E-023
   0.0000000000000000        0.0000000000000000        8.4902966204785883E-023
   0.0000000000000000        0.0000000000000000        8.4902966204785883E-023
   0.0000000000000000        0.0000000000000000        8.4902966204785883E-023
   0.0000000000000000        0.0000000000000000        8.4902966204785883E-023
   0.0000000000000000        0.0000000000000000        8.4902966204785883E-023
   0.0000000000000000        0.0000000000000000        8.4902966204785883E-023
   0.0000000000000000        0.0000000000000000        8.4902966204785883E-023
   0.0000000000000000        0.0000000000000000        8.4902966204785883E-023
   0.0000000000000000        0.0000000000000000        8.4902966204785883E-023
 wgt:
   1.0000000078894835        5.3610026914884438E-006   5.3610026491929022E-006
   1.0000000007562069        5.3610026532469298E-006   5.3610026491929022E-006
   1.0000000000753084        5.3610026495966311E-006   5.3610026491929022E-006
   1.0000000000075278        5.3610026492332591E-006   5.3610026491929022E-006
   1.0000000000007530        5.3610026491969383E-006   5.3610026491929022E-006
   1.0000000000000755        5.3610026491933071E-006   5.3610026491929022E-006
   1.0000000000000075        5.3610026491929429E-006   5.3610026491929022E-006
   1.0000000000000011        5.3610026491929081E-006   5.3610026491929022E-006
   1.0000000000000000        5.3610026491929022E-006   5.3610026491929022E-006
   1.0000000000000000        5.3610026491929022E-006   5.3610026491929022E-006
     
 Collinear #          41
 ME*wgt:
   0.0000000000000000        0.0000000000000000        9.4024012049516035E-021
   0.0000000000000000        0.0000000000000000        9.4024012049516035E-021
   0.0000000000000000        0.0000000000000000        9.4024012049516035E-021
   0.0000000000000000        0.0000000000000000        9.4024012049516035E-021
   0.0000000000000000        0.0000000000000000        9.4024012049516035E-021
   0.0000000000000000        0.0000000000000000        9.4024012049516035E-021
   0.0000000000000000        0.0000000000000000        9.4024012049516035E-021
   0.0000000000000000        0.0000000000000000        9.4024012049516035E-021
   0.0000000000000000        0.0000000000000000        9.4024012049516035E-021
   0.0000000000000000        0.0000000000000000        9.4024012049516035E-021
 wgt:
   1.0000000220049443        2.0658118903936628E-004   2.0658118449355881E-004
   1.0000000021091731        2.0658118492927427E-004   2.0658118449355881E-004
   1.0000000002100451        2.0658118453695018E-004   2.0658118449355881E-004
   1.0000000000209956        2.0658118449789613E-004   2.0658118449355881E-004
   1.0000000000020994        2.0658118449399252E-004   2.0658118449355881E-004
   1.0000000000002101        2.0658118449360221E-004   2.0658118449355881E-004
   1.0000000000000209        2.0658118449356312E-004   2.0658118449355881E-004
   1.0000000000000020        2.0658118449355924E-004   2.0658118449355881E-004
   1.0000000000000002        2.0658118449355886E-004   2.0658118449355881E-004
   1.0000000000000000        2.0658118449355881E-004   2.0658118449355881E-004
