   0.0000000000000000        0.0000000000000000        0.0000000000000000        0.0000000000000000        0.0000000000000000        0.0000000000000000        0.0000000000000000        0.0000000000000000        0.0000000000000000        0.0000000000000000        0.0000000000000000        0.0000000000000000        0.0000000000000000     
   7.5781772067222516E-002  0.29187877088960001        2.5363305927156521E-002   1.1611511417962850E-002   4.5384245726241340E-003   1.6287982315732273E-002   1.3205857476220882E-002   1.5601096719095799E-002  0.61885723281449667       0.11011221633035258        8.0519349311219013E-002   5.2680741533302697E-002   1.7571626765847836E-002
  0.35358360406242184       0.34153685511598586       0.40120937326788042       0.36429853895705666       0.47146329528539577       0.51725415093900939       0.43171498591464735       0.43272861617124753       0.37329733353620737       0.34237045799782462       0.39317709265731415       0.38389985011087291       0.39467658682688017     
  0.10941551794736480       0.40613169514343211        5.1659137097213939E-002   2.2954417201181899E-002   9.0298544733754954E-003   3.1039127734567941E-002   2.5458359744959372E-002   3.0418285214460786E-002  0.71441455991123470       0.14885502298982120       0.13146557306929929        9.8855781091198899E-002   3.5622897766932601E-002
  0.40091175359539849       0.36138209318808256       0.40120583908453589       0.38199519436021562       0.53010739487910830       0.41450786833455139       0.38676051635694825       0.46158229889195568       0.40250847272274598       0.37428389513079569       0.36820220944059284       0.43845416260836001       0.43605485961829971     
  0.13519788204129748       0.46923521378161837        8.0080201342968282E-002   3.4274884675245622E-002   1.3686001496285242E-002   4.6012801970788601E-002   3.8276597617255506E-002   4.5690031736402632E-002  0.75173324202892167       0.17410264905121983       0.16705288927939271       0.13866098676880417        5.1944445529436986E-002
  0.43857711465258559       0.37642553921740601       0.37936651900250157       0.34077216491929108       0.39495594767315217       0.43853864448512858       0.49893647765602289       0.43979779563879423       0.38711195058268133       0.40618758681964923       0.42665218042268793       0.43380249414738753       0.43008315403332736     
  0.15717716786602262       0.51229313918793751       0.10835489119916751        4.5845830925056043E-002   1.8260453291006822E-002   6.0893611092726688E-002   5.0590658552813972E-002   6.0979175331840128E-002  0.78158451424483610       0.19137415735827906       0.19672029338381045       0.17260364412872925        6.7915509603675261E-002
  0.47299794679838658       0.37486249114981030       0.39487598062283114       0.38446846119029776       0.45611076133699568       0.39053723566885790       0.42192136652225176       0.42938628410226470       0.42080722666373677       0.44734987689177774       0.49518397391658425       0.38832674647307541       0.38329819916105040     
  0.17693007552700046       0.55078544751860192       0.13444151165777710        5.7231474633634330E-002   2.2787134515780180E-002   7.5245652284513548E-002   6.3329906752656123E-002   7.6091117060173963E-002  0.80371513781774373       0.20635189305866231       0.22269661576064256       0.20554888681179007        8.4175047713054743E-002
  0.48233781046549667       0.40866379652714629       0.46682099459167054       0.43536085685032266       0.49121201247976320       0.38519812487570793       0.41814248136628895       0.41349714841065399       0.42268888752677058       0.41926596956853551       0.45969276711415302       0.42999205701068827       0.38026703963764508     
  0.19431609141960152       0.58217636729697431       0.16027358135652495        6.8426937303193158E-002   2.7310012682102182E-002   8.8323234930539285E-002   7.5480649623470175E-002   9.1074076590338088E-002  0.82095598977966489       0.21702107110900332       0.24494533142141051       0.23752125715106359       0.10073095278971433     
  0.51968122729401622       0.38101807539737220       0.44300697510548809       0.43359847661419970       0.38134319154331092       0.41404662447821566       0.43022375013414060       0.40514090828942989       0.45021647052626174       0.43473748567770987       0.39416502034031842       0.46822277842122900       0.43071208646773207     
  0.20952568355186763       0.60848311583649328       0.18573258655976663        7.8770541129347754E-002   3.1803079619266032E-002  0.10032512039174216        8.7335405668057434E-002  0.10478369285877612       0.83426929894048107       0.22683488541839350       0.26901744059627097       0.26539214767352859       0.11672249357816226     
  0.50852570064931102       0.34736120794847059       0.38117674861513451       0.37755647154135830       0.38351117754862007       0.34769976769794092       0.36920042446205703       0.43074089043293645       0.41029147056467241       0.45395533709602698       0.45475762867959324       0.45674426075439850       0.39683613501786769     
  0.22376716358251597       0.62623597161553668       0.21032116894617806        8.9945732865038291E-002   3.6530845764218368E-002  0.11182702150300107        9.9051385252227911E-002  0.11903036160356652       0.84589857317412154       0.23566111847727425       0.28117180401831443       0.29024165679616409       0.13192176960082405     
  0.45241861622627666       0.43381663920617808       0.42663030613143094       0.40678409860402759       0.44310128493582324       0.40235801661964993       0.39432507780687981       0.48006630992577243       0.36801339700199331       0.44001964176244662       0.38133589755074654       0.37214271016286288       0.47185693113391602     
  0.23813362635654681       0.64346772680318487       0.23363928928911529       0.10088236428532835        4.1500555148974570E-002  0.12407340477674306       0.11106023257538801       0.13394231916384836       0.85628495250600334       0.24484941525352341       0.29466602963952387       0.31458063683308835       0.14844571357535891     
  0.46714356434520687       0.40835855661688403       0.37256248510905648       0.37474998868307163       0.39495884108273982       0.37749819142361202       0.41606101331270962       0.38976919420705020       0.35528168844932273       0.40720371010179190       0.35452227106797168       0.40802171150132477       0.45600992889967351     
  0.25233249729191570       0.65900818966170394       0.25482787793986361       0.11381042857470153        4.6375322398806901E-002  0.13944843825299208       0.12374136649561587       0.14931870667934857       0.86547340523191874       0.25280379797746999       0.30816640384457611       0.33580040092345942       0.16546970649968121     
  0.45146512619233958       0.32928866765186349       0.36568622802088080       0.43124789587548457       0.50504595305628242       0.40484629541729622       0.38870978564000791       0.38312789183018597       0.36089730507593393       0.35762817088157256       0.35115678414082774       0.38476906457516724       0.38872907198713302     
  0.26654945502183108       0.67432372505568494       0.27668023203854702       0.12858116945877426        5.0933502679004400E-002  0.15625916168023599       0.13636191844203988       0.16550845972542089       0.87346380946909941       0.26037634255089620       0.32106187180259393       0.35451580615445433       0.18268413259099464     
  0.43788552780703893       0.40946392258307435       0.40040060675861461       0.37707675493920256       0.42328408560201808       0.41940868565231398       0.40955044998712237       0.46209288104384294       0.38387627749050168       0.35945301156136844       0.37151849480139160       0.37078845440702696       0.38060473901060254     
  0.28001565374438786       0.69028822571138282       0.29898141167884024       0.14415036989367563        5.5317103452687394E-002  0.17576384636244335       0.14769500346322048       0.17999070709741230       0.88040243601981194       0.26842971875588384       0.33366886604303930       0.37121207199410589       0.20071031716208529     
  0.44224693207835597       0.36598617110595960       0.39483015565102514       0.40816945015132311       0.51663008563996060       0.39576605619759309       0.39459551989112268       0.45412739895366933       0.34717633176721086       0.45074388446627273       0.34660737772718592       0.45457670136765232       0.53321600143782488     
  0.29253436239822866       0.70479187580692337       0.32293985316566254       0.16090968848556983        5.9778884087344476E-002  0.19477839275002728       0.15801014296953189       0.19577925445581276       0.88506514217647081       0.27671904307017875       0.34738039647797136       0.38800135218632198       0.21908371201617841     
  0.39373841961021377       0.34254218399901609       0.52586254136784072       0.46303901335731307       0.46723783873212577       0.36108826550644263       0.38707304167231593       0.36040150228686751       0.37361369629166591       0.44006327564709591       0.35940188692128611       0.42164886744854430       0.38868527526721713     
  0.30516270580013372       0.71782346978416955       0.34662440462514077       0.17774989787636697        6.4839317225479198E-002  0.21372500221568447       0.16841815873585883       0.21637290356808772       0.88850126074999392       0.28438859256652538       0.36300937616721562       0.40517559084382310       0.23800917551774026     
  0.52871724198535264       0.34542305990797079       0.42261262762961305       0.41825269933287706       0.46491699965149424       0.39397061460709187       0.44620473414456130       0.40412461963079932       0.35749965716248056       0.37681670818569285       0.34027038436429380       0.39879528318738067       0.38704663137710210     
  0.31765883308123150       0.72839723271914303       0.37095302832122329       0.19445052217875233        7.0432467752061426E-002  0.23225175862102684       0.17872934903525656       0.23678512025376400       0.89203798578491533       0.29215732434022262       0.37747351228203069       0.42203598853819491       0.25700103646465633     
  0.44521306391879789       0.35506402366213002       0.37225472847350066       0.45497282987467069       0.38235451379169844       0.51047337312306651       0.45480124709102920       0.46432773954919554       0.34409248412729782       0.44189572231148688       0.41474973203210985       0.39198183283812454       0.49618774980962732     
  0.32969368737448074       0.73734711621190918       0.39455195910685081       0.21075672968047712        7.6474934840711717E-002  0.25048280928917599       0.18837417419918354       0.25509132493872855       0.89537090452799961       0.29856529529193837       0.39180247890869779       0.44035462401636183       0.27470664175128551     
  0.51891115783691821       0.35826705761325467       0.38894981711997839       0.37801593082297807       0.45426622033833858       0.44555713570779015       0.40995632918534697       0.44767779705191696       0.38352516523597607       0.37803716467115073       0.40943753588898213       0.45115421606241057       0.44327858484774851     
  0.34104504836716065       0.74791824720203459       0.41824753588890640       0.22638762685257402        8.2825214870075867E-002  0.26851853869491060       0.19765056070608691       0.27455672148742694       0.89839480945951367       0.30489603659163050       0.40955007025491963       0.45991172164094757       0.29141629253208018     
  0.39310256302029722       0.44078293407563740       0.53852303842671456       0.44724371215143000       0.57414442808865840       0.37958769971287809       0.36257266204775734       0.50522362839502566       0.36303052742396497       0.51260428639333544       0.41401261332601652       0.36768778819603437       0.41008170425386331     
  0.35214062643658334       0.75807533032204177       0.44035593183746236       0.24156842170830817        8.9376603678131383E-002  0.28681402717359050       0.20623184199041061       0.29262009948992868       0.90176591886729540       0.31127994258367886       0.42610412312782842       0.47615953704807662       0.30820744124181410     
  0.45545311800573940       0.34428020937799342       0.40246161303052413       0.42714299597465627       0.39475471624586106       0.57518640452299497       0.41470985938461608       0.35697189787711853       0.32484401504853194       0.44477407114033629       0.38818747849912560       0.36497900796133015       0.41158414250124692     
  0.36305893071099554       0.76816700757099465       0.46153028269363516       0.25683119567067442        9.6180025426561483E-002  0.30561709144358817       0.21502560384237929       0.30967905782895766       0.90530759618635359       0.31750607897369221       0.44013538872440988       0.49055879288957666       0.32465650394078327     
  0.47052912988258594       0.40153447614639393       0.42718368704749732       0.41427323619157458       0.42904780450444868       0.47336548956931684       0.39878445249272687       0.46504835550130963       0.36760150265080882       0.40620946109278955       0.35319319083845491       0.37198151923755729       0.45153464863596504     
  0.37452383391424771       0.77805071737414178       0.48156718893854517       0.27169044214611321       0.10265766836982486       0.32423981415971198       0.22480793913195785       0.32768566994765863       0.90890024522015667       0.32344795135999793       0.45405609408142078       0.50540721930296117       0.34180471754198294     
  0.48518256123976405       0.37475048885911866       0.45674795596550966       0.39332931683601796       0.41487518766597137       0.36262866489472051       0.40960156049338370       0.46484236601570661       0.39488105412710062       0.35908844692881076       0.35807462655051814       0.40093755531392666       0.39865671699645616     
  0.38491016113638232       0.78848048527917769       0.49968639301690998       0.28468303152675301       0.10892087745452791       0.34249897717254751       0.23432803726405674       0.34598872038301909       0.91273758717916198       0.32936382249402019       0.46838027080737848       0.51919412027579737       0.35778630517580362     
  0.48608109124679488       0.36010815671906854       0.36119490726991027       0.35229944268555036       0.41598737191536039       0.41152333070775515       0.31867318704254938       0.42982830245958648       0.35887027178846670       0.40387161015069944       0.40317087343398145       0.39288211809188311       0.38947372619544479     
  0.39451713378071668       0.79866764770783694       0.51782900875644278       0.29691590443695515       0.11531904154949642       0.36100013835704869       0.24295460117701009       0.36196804773861052       0.91663395827119953       0.33542037478104858       0.48404907189037277       0.53518610618821827       0.37292154487977003     
  0.47602857176741009       0.43590577223313492       0.47498732417845957       0.37941675488931331       0.38485111853805787       0.44922813013855573       0.36298413557041070       0.43892708583020190       0.38900358910779498       0.32958018588496235       0.44057475928993528       0.45764860151049058       0.40799658334060002     
  0.40391710790706487       0.80913765521291225       0.53476238593881109       0.30915792005145953       0.12196204310514625       0.37618560481104518       0.25225147515309732       0.37729141137589350       0.92027965938798439       0.34217820071629501       0.49966233089008050       0.55038662643097680       0.38486960901128037     
  0.37887187407784473       0.41470985938461608       0.43993620363007990       0.48174700777580981       0.45992466139423072       0.38119036854101063       0.40672614902301613       0.41595734848933663       0.41035203309358415       0.43656548907102521       0.39533017097773082       0.44148426355246934       0.36634592238531899     
  0.41273155929296063       0.81919732905954512       0.55247733446236402       0.32087804265678421       0.12882653879900091       0.38643934099078031       0.26136134197511918       0.39199473395476125       0.92376033840081628       0.35003965585487412       0.51520752140309012       0.56403790058784908       0.39682051338778301     
  0.41812762654307845       0.41654692774519375       0.35455155114078368       0.45256303981804857       0.46572079624119894       0.40229850937506534       0.38646231511442652       0.37468265505593285       0.42351145835996162       0.46029239651298876       0.45877449494789724       0.46431775780184531       0.40658710409412524     
  0.42206994327055669       0.82866131024808543       0.56627183891057709       0.33252742516371264       0.13529809518026800       0.39928272393556558       0.27023127654755247       0.40626177409708913       0.92695189578300330       0.35725185924189684       0.53024639194103673       0.57742728221383977       0.40771050487526905     
  0.36732599557058832       0.40540411530891501       0.48654764422227431       0.42712827344938309       0.41870361543187262       0.40921859409439082       0.39347227623238512       0.41033563768145626       0.42433438148319524       0.43815420818822420       0.45112151761831465       0.36646848848201757       0.38161139081619255     
  0.43183111465477031       0.83769803747858484       0.58139209855826079       0.34405454526507112       0.14131520307593648       0.41342935912528561       0.27958572708624529       0.42107186655522860       0.93000508666517412       0.36297639011190158       0.54452853791540379       0.59091773028679240       0.42066351623083398     
  0.44579692902729895       0.49890697981554200       0.36811671826371273       0.37858884841266216       0.42576065325918860       0.40573369682688487       0.39427016761074973       0.40939987483722889       0.45347987911870191       0.41609469690628004       0.44798774405519065       0.43056801055050004       0.39791677267528508     
  0.44082246343808984       0.84575227971092071       0.59381545528286073       0.35605659875628942       0.14760300396508338       0.42592049751041355       0.28973648568209359       0.43652201512265754       0.93310240327749316       0.36898054891388715       0.55813571123547590       0.60451779412978002       0.43434204254732056     
  0.42774205880638699       0.42008295741091284       0.37694794527958769       0.37713746594887571       0.40589082970227669       0.36280018626169258       0.40729616861621032       0.46047976832594123       0.42873419120741485       0.42344702742659657       0.45334200952552051       0.42940019484493874       0.35427192499797733     
  0.45036366033491837       0.85348022240205057       0.60688716789913988       0.36828252036685366       0.15411798230837914       0.43883543936391661       0.29996473477020946       0.45277317656960414       0.93603984634000714       0.37570871119233706       0.57077372235545676       0.61737383599119988       0.44853194945462399     
  0.42756213195989362       0.45715284931707911       0.42338563717641298       0.37040360329422817       0.38111255032503766       0.41896391018464313       0.40952520718531454       0.49885019719295992       0.44947324644669984       0.36833335095467129       0.37723894509509759       0.44964305510039215       0.41326317074446739     
  0.46062615908902804       0.86042936587944996       0.62043163767373766       0.38296116970240640       0.16049668123583707       0.45162204280627744       0.30852125472139869       0.46979201423329930       0.93883209780911792       0.38242308379735956       0.58275159900328666       0.63060579075589929       0.46098579987762933     
  0.48500781029778789       0.37103066053441308       0.38243909329829912       0.46436315713998139       0.36966262045153336       0.40899410586344731       0.36489727956865364       0.40809788416409681       0.42188982606995973       0.37003723530065691       0.39780820517650717       0.47631329718554288       0.47781501118198477     
  0.47077243570595317       0.86601599302767041       0.63336051329634691       0.39655831378928019       0.16681692222560890       0.46261275963570070       0.31692665112247886       0.48705547306034519       0.94156875367823789       0.39055326394562656       0.59660025515990989       0.64393496857208432       0.47378888569878547     
  0.41187486565645942       0.34345025227555837       0.36984084561102804       0.39104347602778516       0.34755191944837516       0.40855472368170781       0.37739476357873286       0.49281944507974812       0.43370271186423587       0.44968866903266719       0.40227432930549806       0.38845847292653624       0.37140901664516968     
  0.48092744936379273       0.87173647157747758       0.64592986007823461       0.40886421587246274       0.17308042923870212       0.47288503677015298       0.32595821516344936       0.50471611862085630       0.94426943753283377       0.39774524943982331       0.61094426399911161       0.65771485101587646       0.48745421186252802     
  0.39836944115129064       0.34879167649573495       0.34474850062275308       0.35356099761477328       0.37050258477087306       0.36017131121278612       0.39443646586127828       0.48433179534960907       0.38410940105064723       0.41610122069459266       0.44452119176541571       0.50345146594556167       0.40739476646891160     
  0.49089326937206640       0.87820680670558260       0.65779116862291176       0.42209727882584508       0.17995708038118877       0.48374099740380350       0.33529914090959917       0.52111314289929844       0.94689519449026127       0.40543494804044661       0.62511202738689164       0.67058389284193709       0.50010035355716664     
  0.38227032656555360       0.40456897798769165       0.43259165359215240       0.37949898571298102       0.39463423962713001       0.43625862969132539       0.40423442460316733       0.43292513284111395       0.37975024732011153       0.48182689920673100       0.38058561949963055       0.39770238616700110       0.38105661700477889     
  0.50026840323766097       0.88468687105885535       0.66936532755368972       0.43666807505723121       0.18765895226804180       0.49495867400867810       0.34501022562118944       0.53557242348092648       0.94940920296541409       0.41352613935466470       0.63918438440180980       0.68314363245014686       0.51256721608490974     
  0.40901673668600858       0.47640171209578380       0.41476352941624645       0.36723729484800072       0.32735227977903458       0.37818331226371149       0.43427630150695096       0.37276236070164853       0.42267014669562131       0.45371190333934264       0.45189949331488022       0.40365095494384728       0.44816267432280155     
  0.50945418617461480       0.89042340324332059       0.68020949435345346       0.45200839954891930       0.19554012614214514       0.50703421330664666       0.35587895308300671       0.54909157622615523       0.95177366082874726       0.42163906868450657       0.65273942284668962       0.69551626309777126       0.52542363141213910     
  0.39416463020030956       0.44537804448140011       0.40533946871696153       0.37312531416357436       0.38209311622029346       0.37317173693605199       0.44525601634257667       0.41931900053611176       0.40059208543004943       0.33845245678601932       0.49289262875911855       0.54867423945633009       0.40094461420362676     
  0.51825320383599904       0.89564910552124410       0.69031230209602901       0.46810703898766515       0.20358647992671475       0.52006620254296421       0.36692820075198324       0.56229465914760146       0.95398032752842432       0.42939646969634299       0.66689472872057987       0.70793635159151758       0.53913048816127263     
  0.41065406606772370       0.40558304443669341       0.42634966733885549       0.40495942742347890       0.40098891415219312       0.44596385398526084       0.35951838803680747       0.38472640568303496       0.39765233212762680       0.40042827034302153       0.50154277480114617       0.49246905170663208       0.44535980259923275     
  0.52696268480781938       0.90064806651378893       0.69902041124307890       0.48458041739667340       0.21178126582636778       0.53418870653044670       0.37671605868278363       0.57437937283210638       0.95608493159828678       0.43687604949599967       0.68100785936683550       0.72060836728265154       0.55433351717712964     
  0.38517742936949645       0.39668681532101446       0.35800991373903684       0.43986230826412970       0.32905595295407919       0.46471870112567837       0.41318369648538550       0.37137911999208834       0.35340761237322060       0.43034813045490905       0.39109199321774502       0.49411092092781839       0.42659841649526281     
  0.53660592486988212       0.90547297288563733       0.70741649016111241       0.50238735695686099       0.21971985829914575       0.54948993760642051       0.38695330920976906       0.58770599561895698       0.95810717999124484       0.44457171795044875       0.69498146450732934       0.73383667217488391       0.56991973334634483     
  0.42838237117721989       0.43846236682108508       0.37468585863599924       0.39700327749427355       0.31907350398971523       0.38833699805292271       0.35029209057441046       0.34624947333955342       0.45281093827160512       0.42444905656500476       0.46137777201293345       0.35405854270871712       0.42120159151494674     
  0.54658811790922135       0.91025166660265899       0.71637118908438924       0.52207939875172782       0.22772359257889802       0.56560761107072288       0.39993215612251931       0.60160861587211689       0.96007338833136602       0.45281083948401857       0.70872349151291070       0.74723614825194706       0.58591727994630105     
  0.38051410366267874       0.42427137256306846       0.38619951331112301       0.43905881788873130       0.37911779185711575       0.47460054006904651       0.43378794964916056       0.42219003178988751       0.39482273352791564       0.50176682398575567       0.43559594067010682       0.41419678533528115       0.37734820359466820     
  0.55670602397819557       0.91474482422964132       0.72596820654641281       0.54148692966555090       0.23701943753407381       0.58155893177419515       0.41308150386092685       0.61936481251170084       0.96212394026498960       0.46110699802254107       0.72160957339887344       0.75863292255514492       0.60189854438166013     
  0.34749770556104065       0.35267277077402054       0.36829575147384180       0.41262146760699309       0.34541489757405153       0.52132346561758947       0.43515062808614308       0.48473916830532709       0.45132008893631892       0.43870564753827557       0.46192261273648422       0.39834646863997852       0.46529176976641756     
  0.56706294579202132       0.91902400678555718       0.73587325707462614       0.55786015802398270       0.24684359715571649       0.59701192552809068       0.42572249490498792       0.63813146202594118       0.96409039172438804       0.46897317438359948       0.73317598801957395       0.77050189770964805       0.61699560045242186     
  0.40968614831743438       0.40180874797200439       0.37655814162587092       0.45239039937708309       0.43878605060914655       0.42791006073425886       0.41152578671438711       0.43198439981865366       0.37701935649114204       0.42694595989055428       0.43328540264430782       0.45577113390278057       0.36633083915973469     
  0.57746938303800244       0.92318107018988516       0.74576802186414937       0.57451713817891226       0.25849914124007889       0.61595462535634093       0.43779071755415966       0.65629694494223878       0.96596037242466903       0.47705680411255158       0.74424858105930980       0.78242436809184479       0.63189559257295547     
  0.39241134083958507       0.43930910547604701       0.45708536116775128       0.39661254290644449       0.36178296111143693       0.45668100385719768       0.45543739590356597       0.49895881450080476       0.51781402188712744       0.46024135266414801       0.49114641670090786       0.46717621019142797       0.41187006514354124     
  0.58810194184716547       0.92705384595395279       0.75599956404230062       0.59511847373039628       0.27245983954363479       0.63411244706340464       0.44920816825313975       0.67315280131172284       0.96767207699845736       0.48521225265882678       0.75556895496002074       0.79387327939176211       0.64674472555620710     
  0.41928867129560571       0.37818993810994495       0.41075962482483741       0.50067420657141604       0.39572488828603930       0.44808483989992437       0.48450744428066689       0.48303855647151533       0.36048824998781459       0.45164153454003442       0.38656500554995260       0.40063811063748545       0.42119524257156510     
  0.59968394136419423       0.93098349409264014       0.76739269313574499       0.61491979916233708       0.28720210899298865       0.65150157078328796       0.46184144519358561       0.68903201356600319       0.96925094334835005       0.49379322353006050       0.76684739741025043       0.80525576348091055       0.66111526133441922     
  0.41611302521205634       0.51355179297650577       0.36444277279162107       0.40982894906537021       0.39726336973479986       0.36598025510159510       0.39213883734322530       0.37946876666265172       0.49918074954981106       0.41861257137298702       0.42917416932091113       0.43641565646922414       0.43380476337956148     
  0.61170323919407410       0.93461654199764166       0.77879473157446211       0.63545576375115087       0.30271680411837992       0.66815859020369561       0.47524850669661423       0.70554291283726656       0.97088547382707746       0.50304548451537834       0.77834862883009115       0.81540471563677330       0.67483651299717495     
  0.41117716367499818       0.45131176487746300       0.41730121316452068       0.44486150835261834       0.44119123058768539       0.49021119845755529       0.39555469141068805       0.40847786265540248       0.42345336819346263       0.45343815727653286       0.40747977068504809       0.38087499690926419       0.41451813451797592     
  0.62429240954264564       0.93793612985506281       0.78927874230974759       0.65668193527815744       0.31940619477322985       0.68285133941090903       0.48930490416337108       0.72034209307054387       0.97252392793654086       0.51267614975302667       0.79067333699623155       0.82474545679032429       0.68916500881220943     
  0.42206009021866731       0.39656447243929116       0.36247035296371460       0.43709263159246375       0.46614649386334034       0.48384772753750149       0.42788416002157975       0.37419183432083092       0.41997716607438251       0.50508527338869813       0.42812394291784078       0.41211986315496724       0.37093476311500245     
  0.63805650833623273       0.94113007627151724       0.79999485875104948       0.67760740057821567       0.33672184120931203       0.69690397971250129       0.50406825653168419       0.73424833386327792       0.97397516203776280       0.52218015848199917       0.80336583573417342       0.83372180800277251       0.70513771210341303     
  0.43854588670795153       0.40831752557852102       0.43198443753715909       0.42308255214107282       0.43283520304773793       0.33669418744311302       0.42035257127407627       0.44559511262034507       0.43369931954701502       0.37797555697212976       0.44986037844153676       0.39789700711680054       0.41598635133647721     
  0.65185404529044200       0.94422459464125152       0.81092147177473217       0.69635333155898405       0.35535161344644334       0.71177717601655199       0.51900313544300503       0.74838999326684197       0.97542666689407742       0.53154483287025756       0.81534016226493733       0.84311075585875039       0.72183819538368377     
  0.39327527940269663       0.45678376903625340       0.40410133753176364       0.47544053861209074       0.43161739743299399       0.40612410524156456       0.47052695501017072       0.45207861313553444       0.43982351284593563       0.39957047900090509       0.45199933859167662       0.44130565302515945       0.43716493166433973     
  0.66394551435014137       0.94721759650001036       0.82194060210506215       0.71261968529545716       0.37405501720885248       0.72682539132087376       0.53396779411439776       0.76287778141750184       0.97684843393633647       0.54106623479964489       0.82685640272772132       0.85288911314944260       0.73912800310963112     
  0.41903741533758826       0.40710094560859522       0.43029752033047131       0.39189149131917861       0.48848798789163983       0.39750035872890604       0.40220718704626102       0.41152098028542639       0.50542443446480856       0.48169291092607436       0.47188652276209087       0.42483278847009337       0.44636726930026216     
  0.67627629776251041       0.95018818870052413       0.83306693303500490       0.73008291299346351       0.39660019162384447       0.74420077232379334       0.54987393640632087       0.77645716170681556       0.97825025705983315       0.54984701396336066       0.83731876640078240       0.86242737608599751       0.75604861953804015     
  0.41186828338880344       0.42635958788235195       0.49794602588851700       0.44951846064211981       0.40167416894970348       0.44676928465276117       0.42326366883558431       0.35810952673944768       0.42477858240940575       0.38634952655604260       0.41516821166084689       0.40868204453405765       0.43454778679900713     
  0.69008966882255118       0.95332036492422312       0.84387247521274977       0.74739785803615710       0.42016526907380741       0.76260083487423813       0.56796042609420705       0.79039497166951012       0.97965639920246794       0.55896233653266092       0.84669966141342812       0.87176756406592537       0.77313170293633471     
  0.48311859767979559       0.46581169874877704       0.45714424780736179       0.38148117162253392       0.37136997401915478       0.41034973364706762       0.47759497832450815       0.41116288753945979       0.44348853389568477       0.38272757736643748       0.37064752554950792       0.39192933521993645       0.44207378963814908     
  0.70358678769362260       0.95670476853266573       0.85475956697397004       0.76395566696684059       0.44504296764418350       0.77932165820442534       0.58844429871322534       0.80325582023036257       0.98106340627127997       0.56880667577544408       0.85676630655276798       0.88226027929182860       0.79003133650710022     
  0.38388350379566788       0.46945507895139155       0.47577948531658715       0.42338857842026545       0.46067844112038370       0.41484642430009561       0.51852366548795870       0.38502075372464412       0.44749735532020113       0.39464999547293234       0.37894621617795626       0.43350480850120854       0.42252456801715460     
  0.71679634816314652       0.95978500521906829       0.86594987228392828       0.78075719751926176       0.47014414535679233       0.79485103337309171       0.60872146856837850       0.81705321902240657       0.98243484093123967       0.57885508665780627       0.86786997784946995       0.89289411453900536       0.80568176078102449     
  0.40635935429652742       0.43325311852555576       0.52532867368004821       0.39199697832925157       0.47736471572989958       0.41748692118333919       0.46715509157726576       0.35640623499788870       0.43857328723376815       0.51117492044584767       0.42922962689025268       0.39251265203863295       0.43673770330401351     
  0.73105091137069023       0.96266602804279877       0.87759598556343588       0.79837260733119908       0.49879332371519280       0.81111170707782088       0.63061476387725401       0.82999443236501269       0.98372457718617823       0.58859566712975830       0.87900170625458807       0.90229789520528203       0.81831873414011835     
  0.36178481442878252       0.48636112876356030       0.53819945665145041       0.43454874589720338       0.42760658010981606       0.42896448525733111       0.51908968530879374       0.41164198232477867       0.44285756483368532       0.43729851111345908       0.45162865434894717       0.39846945217742791       0.35764866634501885     
  0.74484931961639977       0.96543548089830611       0.88899572713111363       0.81596327288571913       0.52842797475828596       0.82751723537268618       0.65368680672588853       0.84267123472007643       0.98493738889206672       0.59843848384409537       0.88951596585478854       0.91187467413530987       0.83366021238881372     
  0.36257213473065147       0.52709725753798331       0.46645701033367487       0.44958463426719458       0.43708822601719011       0.49988104239257874       0.54381090354687389       0.38614761764451755       0.45027436016155742       0.41192894565688271       0.47342046269563864       0.38087332679801550       0.45885645782018897     
  0.75937996920675066       0.96802015487073856       0.89994536237031619       0.83275797174163468       0.55854425670909780       0.84413695828006585       0.67565991989754215       0.85607530718629199       0.98612677577902663       0.61013063642531984       0.90001027751400542       0.92099042472343096       0.85032913119712583     
  0.35965949378472273       0.47601469616425224       0.38349310989904523       0.48881987106795055       0.45024859941252693       0.41623724637569093       0.43152570716852512       0.37102673489444171       0.40714890122768504       0.43433869255837282       0.45265670345794046       0.41253532784461228       0.46372747813597676     
  0.77441168868142851       0.97045795136575286       0.90973120251765460       0.84936314113326616       0.59109288531340887       0.86118047946096588       0.69745879542129507       0.87097653568669653       0.98732241219614170       0.62387176780040754       0.91032841526472463       0.93032288570500787       0.86666093168138103     
  0.37261673592321792       0.45568988265102628       0.41545059610951279       0.44329779804538494       0.46571601645013072       0.41710569585444862       0.40207484680098948       0.36514188093806987       0.51407668106308058       0.51067771132136097       0.40532708217952940       0.38359345766803893       0.38148978610799028     
  0.78961151590552359       0.97301898902039918       0.92008542011318917       0.86615039921978076       0.62762707867071255       0.87840685119555628       0.72192409342946506       0.88717232742642071       0.98858521144881084       0.63753330721270607       0.92014128767836056       0.94007867099086984       0.88548492527893785     
  0.41271169572129796       0.45661018955095334       0.52097255473386139       0.46644457997753624       0.42892403320440953       0.41485348932804200       0.44492039400544364       0.39022778587124635       0.48820768658192493       0.46477221107202066       0.48654548212946924       0.40974521248257401       0.43870481791973281     
  0.80814640468493604       0.97583911540335289       0.93007874159852055       0.88317210502621346       0.66352834639627700       0.89579381541243963       0.74815341057424567       0.90290155758396573       0.98995520989013119       0.65118126108772401       0.93139024530958336       0.94934565933337911       0.90321333901918821     
  0.32668634502343180       0.53491085156088936       0.36131017673652549       0.46055329017704794       0.44429720310725473       0.37403263133438458       0.53672454940827663       0.39227528768318110       0.50365234531639869       0.35823556038033760       0.42273205816877213       0.42154600111953522       0.49595328920362752     
  0.82621053768981056       0.97887936630580952       0.93921697097902201       0.90069484768064789       0.70253995944744196       0.91354048607336014       0.77622669271158529       0.91815418784438219       0.99120972339344393       0.66657291150945208       0.94485887561901993       0.95782134930696494       0.91952103481935077     
  0.37817327007227008       0.55404175388425969       0.48014872014689169       0.44195663939070495       0.43284103533589313       0.36927172871893404       0.48469341112766079       0.41913163775872958       0.39242705688609542       0.42881454363796900       0.50396851526415642       0.41205261835873686       0.46983466584457700     
  0.84529654746153848       0.98182038755868217       0.95019828673853080       0.91887267400281103       0.74666893649078137       0.93184233201282618       0.80666271097266307       0.93339008032963877       0.99233729487378308       0.68393853698041973       0.95768445252185397       0.96613487991773128       0.93606625607700111     
  0.41057090742449365       0.53436914128699942       0.39728575920121062       0.45389068026661461       0.36506917199811012       0.44883271871782543       0.44087312088189373       0.40040307121691610       0.46533674363529054       0.38474014795889316       0.50037182602070140       0.36449068565820708       0.42764117175022653     
  0.86736319179814381       0.98528820330277778       0.96246003933216695       0.93773827816128774       0.79691979427315807       0.95030062059820819       0.84437227557929206       0.94928111217066780       0.99379884936999396       0.70477070097808225       0.96853175731099594       0.97455315712532631       0.95314124799079547     
  0.37102635312375559       0.47597257029825335       0.45067485292216597       0.56659682486057572       0.44450170299005132       0.47645008883823381       0.39875027164828525       0.37671406358156628       0.56441647090281921       0.37272067434716910       0.36285676622076829       0.41244356891907702       0.43143971009644433     
  0.89419861790209598       0.98950222567726143       0.97445114545888201       0.95755741813467543       0.85356328599963982       0.96738736561547767       0.88897229805258027       0.96594316141176695       0.99556437581862700       0.73449043665329161       0.97992991924196027       0.98283069804476564       0.97060231692994270     
  0.38408285120616525       0.47996557756254199       0.46484298655384348       0.44740727251675977       0.42953610099353623       0.39840520256640455       0.44798099189801871       0.40382157649226968       0.60360557678985316       0.38516492769883881       0.39767615456371080       0.40393529548520729       0.45259657634541839     
  0.93442467734227452       0.99437677385719148       0.98709304574207013       0.97874680666904679       0.92223403143037819       0.98371844817644349       0.93969617369118430       0.98326744610200612       0.99756201668877109       0.80394245565903877       0.98977182768066996       0.99146787424544203       0.98532222100432398     
  0.33471290461596165       0.51227162916721036       0.43467229177778882       0.43750596760795113       0.34050258202728284       0.35509349757356695       0.37140927409115410       0.41823168452112836       0.51877831963913501       0.39970542684026439       0.37094561010075749       0.44952662618805705       0.37378899634505336     
   1.0000000000000000        1.0000000000000000        1.0000000000000000        1.0000000000000000        1.0000000000000000        1.0000000000000000        1.0000000000000000        1.0000000000000000        1.0000000000000000        1.0000000000000000        1.0000000000000000        1.0000000000000000        1.0000000000000000     
  0.41108952893830270       0.48672492162507525       0.45299857641028662       0.41488249250206077       0.37659486116214275       0.45942649467588198       0.35605062126613973       0.39717416488407570       0.41966293048776310       0.38496222591258539       0.40401528447232488       0.46643209717168954       0.39766154300200413     
   6.2222597356811749        6.2624422694192630        9.3825048632374966        9.4602368243049781        11.534579540184447        7.9111460792794155        6.5059110115139305        7.8807744839715195        0.0000000000000000        6.1734762586565566        7.5742692223517736        6.9726766299776539        9.0260409679749092     
   8.8939308820882967        8.7390841346193309        7.0138713119396021        8.2642332125690459        8.3533828173292513        7.8235829878398189        7.4078128374903081        8.1100881557213373        0.0000000000000000        8.1225638827789162        5.9367871640993970        8.5928359633141795        7.3174287489639678     
   8.3909328159629446        9.8944712120265805        6.7481739884431411        8.5400697088440971        6.9078303497390010        9.2215266412628338        10.644254022554970        7.8964156081300612        8.7613264853554824        7.7518072445900730        9.1460205159234214        9.6224260469225662        7.9704658323437041     
   8.5956830929695123        9.2525206066311423        7.5148200316176057        9.9169612155954763        5.1098268867693255        8.3818213212119819        8.4359058462933021        9.1004047712992904        8.4083960813972389        9.2053513349847389        8.6563916099000071        9.2520822382740615        7.8900608064414515     
   8.5686778439594189        8.9369254535839957        7.7777913896008428        8.2464379678428799        7.6981999052118590        8.6836701430182277        9.5389585154797665        9.1280071993299234        9.8173193875888352        9.1383174086171177        8.8813361084947822        10.008039871122296        10.806568684627392     
   8.0279539013646346        10.134548663933183        8.5044727525707202        7.2164976139480510        7.4786418937198267        10.056713337520389        9.7428561190550820        10.239724176580975        11.018067241096285        9.1180831778627720        7.5845369568866543        8.2945056873071454        8.2224957008130968     
   9.6494840079605968        8.8543842919673157        9.2723071527612593        8.8078114821500400        9.8518828086499148        8.7743816195661637        9.7596418483792569        8.8295695363543771        10.218089540773184        8.2212723069534075        9.1088835745463275        8.9695186250876784        8.6868441128631133     
   10.555541842563668        8.8785243280091919        11.845379429769480        7.9459682782499899        8.9641689806793519        9.5393544128517007        11.332248213342133        8.7517268121545815        9.1129248813104482        1.8498638030793173        9.3972443113764523        8.5401907608440908        7.8386055907532972     
   2.1720769207956918E-007
           1           1           1           1           1           1           1           1           1           1           1           1           1
   3.4051464463772728E-007   3.0585986765539524E-007  -1.7500892176692178E-009   7.7989511957449205        7.4575241219879134E-009   1.7954460535953890E-011
   6.6126898221694816E-009   6.5273160909002714E-009   1.2236436207084785E-009  0.24244942023310637        1.2231670000640983E-009   2.7604360692813075E-012
   5.0000000000000001E-003   8.9964268945156274     
