   0.0000000000000000        0.0000000000000000        0.0000000000000000        0.0000000000000000        0.0000000000000000        0.0000000000000000        0.0000000000000000        0.0000000000000000        0.0000000000000000        0.0000000000000000        0.0000000000000000        0.0000000000000000        0.0000000000000000     
  0.13359886008608604       0.14854895356831374        2.0676744985929581E-002   1.4941448200736797E-002   1.7529226126813895E-002   1.2486805647897408E-002  0.10723656445515006        1.6186774426282483E-002  0.49946300871430804       0.16337718348545655        6.4725644800449761E-002   4.8951737304136315E-002   1.7396706493286333E-002
  0.26748184661677266       0.27733742935089173       0.30137725541033433       0.32693098764819539       0.30935179451313349       0.32454754947830461       0.28321726139976516       0.37042196457002746       0.29493111931359839       0.26293738065220901       0.27914404334460369       0.34133990634983014       0.35115575849247460     
  0.21292470750271514       0.20705928960195807        4.1162692328986825E-002   2.8512375782488594E-002   3.3604908837166721E-002   2.5031508561407855E-002  0.18778107015830411        3.2407869388328160E-002  0.64011757106022604       0.22020586438864045       0.10526607070863528        8.7081983587250278E-002   3.4769729648501627E-002
  0.27733742935089173       0.32275554265305700       0.29495254485487171       0.30717584760246008       0.31823504616623910       0.34505253329650803       0.29130696504652559       0.34353122548079779       0.35362922067138880       0.26293738065220901       0.30854661965255270       0.31132238144342311       0.40012820087154760     
  0.27178200389498003       0.24603840905225455        6.1289252117388199E-002   4.1166593053621366E-002   4.8320304182874328E-002   3.7223639600814921E-002  0.25100546725091899        4.9002869474527262E-002  0.67170687878677926       0.25455356700963877       0.13636436122444412       0.11514938217758428        5.0412744323167474E-002
  0.31636803243684508       0.37248047553048397       0.31875065208863596       0.30848834670631581       0.31802548015377441       0.29861860025311238       0.29473048351055725       0.38404835407225296       0.28942664419857972       0.32837857027923001       0.32508516181118657       0.31000391367014302       0.29389749840553470     
  0.31378090553460730       0.27843039420745674        8.1859425558448731E-002   5.3620622561887633E-002   6.2736561536452184E-002   4.9000405194682642E-002  0.30234429446982553        6.5582107279766405E-002  0.69767428302600187       0.28290613817454024       0.16251030548001932       0.14201339674643618        6.5907995546980694E-002
  0.30935672464645508       0.41389246880209896       0.29979294234016929       0.34326782620663576       0.40783624359352316       0.31460053146393102       0.31514543755831109       0.38874207223699131       0.28660518371532773       0.31602558904899464       0.30386604837683789       0.29157749799221389       0.32484405241638070     
  0.34187910085984075       0.30833641699729913       0.10308743243784760        6.8559196352547341E-002   7.6899445350547338E-002   6.0693069961477837E-002  0.34094104160087391        8.1547142620857563E-002  0.72174363933997709       0.29622173196004375       0.18700963319876848       0.16857424242533059        8.2099646442991114E-002
  0.29099503929947873       0.40248281696959787       0.30772642969268010       0.33741522318662953       0.36753504669747894       0.31400824077536726       0.26930061561711677       0.30410574085052089       0.30630321120162302       0.29373298207819304       0.30041498104899605       0.31491227730651039       0.31137259648794363     
  0.36229385713564888       0.33628386247182651       0.12291356588489542        8.3861045691988559E-002   9.1047518626209648E-002   7.3126206572671104E-002  0.37564125331085974        9.8204417908070232E-002  0.74528688603916549       0.30915722971948023       0.21350166596614104       0.19986621679178382        9.8322946055906871E-002
  0.29976538551300985       0.42378401111277719       0.34326782620663576       0.33082967394394375       0.35504584618457352       0.35294103457817916       0.36923065751321166       0.34796440416007540       0.29641587352919746       0.27733742935089173       0.32432151576681173       0.31980156968319795       0.34214062547921942     
  0.38170568145216133       0.35586668212842260       0.13990333061742305       0.10104142751844561       0.10591904181325262        8.5566930201959157E-002  0.40216477354581864       0.11544905045862423       0.76384582967721792       0.32068897210994030       0.23781012096451307       0.22781407227161915       0.11627431034688566     
  0.30346802673881906       0.32068475684746800       0.30620097325815832       0.27682502192228287       0.35050856872724107       0.29497375618744159       0.30499913307955390       0.31402120603149247       0.29016446310764710       0.27733742935089173       0.32905135822196752       0.37575056967349840       0.38421353205202008     
  0.40095665861496810       0.37118237390976833       0.16408468686627456       0.11924645580302622       0.12011578719863740        9.7798506142771385E-002  0.42818690768827999       0.12963048742334951       0.78089814662997359       0.33168854844453544       0.26103487415481313       0.25272955045540391       0.13380941471071792     
  0.32715549167412566       0.38385445671526341       0.37042922011306012       0.32439577528277863       0.38076862292159752       0.28136327916485032       0.30617477493887357       0.30642008828881306       0.32155609047328876       0.30838173524077156       0.32546516789744934       0.29013761408790112       0.39388985198074583     
  0.42046307396357291       0.38523046190522453       0.18799035983397022       0.13169214326873285       0.13280708343972927       0.10997902238267587       0.44978370647293231       0.14200099138129069       0.79254057824685886       0.34319360235447560       0.28299362965597347       0.27522022556079873       0.15098288184353914     
  0.34766267588521982       0.33901288381829292       0.33554833694253239       0.38210160649797115       0.34175683960708858       0.33334635874215035       0.31724864051213553       0.34915602480603014       0.31045632683786167       0.29847496941259005       0.31786276009843323       0.36257087655021175       0.34331866263137745     
  0.43921988846369692       0.39857559352606414       0.20882616687715894       0.14418026519277383       0.14280867837221237       0.12196382086043299       0.47126039191266061       0.15355171099593640       0.80439019951113666       0.35554558571707712       0.30435043178425908       0.29754462735720549       0.16849049104889863     
  0.37830884113568958       0.35126056286494733       0.28755266436818055       0.29674414429659912       0.33797214726997732       0.31833288562160844       0.27207007910160036       0.30724118272313478       0.32381024611115805       0.31045863564038190       0.36091231703330018       0.34164549081473733       0.32146505946692483     
  0.45726641200335916       0.41190682129771522       0.22938104509347398       0.15460995398279875       0.15225215223831817       0.13392006192629194       0.49236016945174260       0.16572089343233989       0.81568921418150231       0.36679654445009691       0.32614955010155072       0.31890263731135460       0.18598227737957082     
  0.33472952863961153       0.33855481053261893       0.31887584136659036       0.30644617451396877       0.32851618485375239       0.32109817228724924       0.34056640642841446       0.32925469956018705       0.33370251626765463       0.34835461643284821       0.33062958209481086       0.33392141661896435       0.29572284040424546     
  0.47372806962656405       0.42529348810751505       0.25090907057395523       0.16511227915102822       0.16194845705055880       0.14608173283930567       0.51028312928551123       0.17807517127026712       0.82614558478764211       0.37770975258756223       0.34630923336157249       0.33883018268483345       0.20294819348107582     
  0.32817327329439450       0.35195837409648439       0.31535205613504896       0.29198348633690557       0.31739431832523796       0.28247467412817956       0.34009634678659517       0.31527711395396335       0.32591001760181393       0.31839735713088585       0.32613992076038806       0.33276137204963691       0.43208903326029430     
  0.48952152010635291       0.43974675469136359       0.27327247285125855       0.17524779797744111       0.17127457476802446       0.15848039251754878       0.52640561492591420       0.18985593352468741       0.83584164341044687       0.38779163772008851       0.36582714090054852       0.35799966041024883       0.21998412820040081     
  0.32186378692092221       0.40100085790006573       0.35253649832192258       0.36159862689707578       0.29027584363440889       0.30518507833796277       0.31615730771404554       0.34440198701084873       0.32886113176037179       0.29484402438715418       0.35108373768037360       0.35808286849757753       0.33480333448635324     
  0.50202726186942870       0.45463556156545987       0.29541104753907760       0.18589096149713580       0.18007545321756807       0.17238227337834422       0.54084034913591339       0.20138387445823899       0.84402834967542295       0.39788072066230945       0.38470795895551319       0.37691180207343794       0.23664089085054296     
  0.32062147322471635       0.35528561204273351       0.32422308308951731       0.31107213992657512       0.30304749321669194       0.30819289191782967       0.26293738065220901       0.27543115568163890       0.30498599083889982       0.38226986205175906       0.29248294530344898       0.36823963309037527       0.34495187658501625     
  0.51383555813756743       0.46943618181438940       0.31714247004389007       0.19785469693362112       0.18885289251148141       0.18849526521884180       0.55575042915603645       0.21300088138831347       0.85195345120662458       0.40685513915631150       0.40366070905484386       0.39649393334493321       0.25338926874756784     
  0.29475718864628148       0.38585959181363005       0.32439469606792654       0.29957550323719373       0.33164621744333611       0.33655006242934193       0.35409264623530506       0.26926833198074701       0.34898025578716935       0.33421071632658250       0.34432658430627200       0.31713589803281617       0.34452212948290778     
  0.52610489727549603       0.47953727651877320       0.33795163584096127       0.21134462499529724       0.19705807449567053       0.20376509596707976       0.56966371138973526       0.22679006887267653       0.85762964389957186       0.41496219805740658       0.41991666195656591       0.41322889651847650       0.27247128081840527     
  0.34689413398868119       0.38165480509442862       0.34433400994195229       0.30936530171163112       0.33054030600407769       0.38857662354371864       0.30224541342878403       0.30116352051315665       0.30479158710063542       0.30191892448172936       0.35944277132564495       0.38277919429837237       0.36915986416704005     
  0.53850295123402470       0.48848080371078656       0.35673446409255932       0.22527780063528285       0.20735297867946059       0.21806829796590116       0.58359952125020786       0.24049542755694542       0.86162705417977725       0.42329403851950548       0.43747252970489203       0.42858287357162272       0.29331982548233576     
  0.28581973822878892       0.36270622808825437       0.31630572195599432       0.32741941046738193       0.33684947876649823       0.41291560482771422       0.35602550855575399       0.33669758271655753       0.28544049561027235       0.32492159497097134       0.34999737672786563       0.28944731309982702       0.35573715513825083     
  0.55039390216375983       0.49618563386990916       0.37482092531152306       0.23891606739233009       0.21937729208335119       0.23323256791830915       0.59922778238936469       0.25569698952150061       0.86572026497044408       0.43203473250926011       0.45287003091626538       0.44342901863656958       0.31415567033306507     
  0.30571848557012121       0.34828320570097843       0.32497558166417234       0.31416896516689613       0.34861422726948510       0.40162216389627120       0.32882073233464693       0.38470926056934307       0.28977637849823945       0.31087795471242169       0.38578361681152123       0.33916236975321162       0.39784671843221386     
  0.56225564631087865       0.50358058773109327       0.39226859813542608       0.25134846377030190       0.23083062598668957       0.24935034099249503       0.61443635994611745       0.27160993517342219       0.86957690126494036       0.44070861774050585       0.46757505179476572       0.45848359700700464       0.33345027173838471     
  0.34614869248099778       0.30336367092958366       0.35304536772684142       0.33284818428173885       0.37786038146285977       0.33315399498021914       0.36534115796268496       0.35329252870816547       0.29493412231752281       0.34858486858802989       0.30633055534505194       0.29477640550150869       0.33190178884242511     
  0.57272874507847893       0.51076342632413019       0.41050552489965730       0.26307245951865160       0.24199096686836499       0.26472263773418231       0.62886463855845920       0.28795611800651288       0.87402455940360912       0.44926931043793067       0.48236202081699442       0.47410950897237053       0.34773180877527005     
  0.33341292615827473       0.31869517031198191       0.39985842918313569       0.30705286988437003       0.38139027989917335       0.34671645122526445       0.31684004371205499       0.35745092847998444       0.33763039145201801       0.35882324700446611       0.37197811983894113       0.35235429115191319       0.33648028708902816     
  0.58349320107736879       0.51791053000582477       0.42957388854910605       0.27669969528800148       0.25382875885049300       0.27939152033481196       0.64306021983343231       0.30422224698410771       0.87830195780608178       0.45742609896765041       0.49681214332453250       0.48936806261321569       0.36168435398710447     
  0.29676731359407599       0.35262342704050559       0.36372215901226818       0.31112526539820090       0.32791956944690348       0.34744930593604118       0.36366464413075966       0.32753054931841219       0.31188427430921872       0.36076799785801711       0.33422498668165834       0.30514043592805840       0.30336257017633139     
  0.59345269312641846       0.52453252358885361       0.44830397110724274       0.29080004156368039       0.26616937233994525       0.29480756996841573       0.65706352269992141       0.31928087439290637       0.88260894820892533       0.46463952371912681       0.51120200019941708       0.50388782118477082       0.37289172447925251     
  0.32630645738341474       0.35010180065640023       0.35194466285801845       0.31539659108432649       0.35384949455369236       0.36942679981419513       0.41325046411266614       0.32890091885453421       0.31261720824154232       0.29735331498854578       0.37434815557855711       0.35892119637742104       0.27212924222843810     
  0.60355660171938152       0.53071040199920916       0.46611334920715192       0.30683499635311118       0.27876196994695257       0.31158708269436980       0.67039781646045937       0.33430628324703865       0.88683467916400660       0.47184462975455882       0.52526176816749259       0.51697227519604194       0.38386625991760392     
  0.33358601301940266       0.27273189842479939       0.36657826336802485       0.38105194128420844       0.34015121719564262       0.37444756630213749       0.33237440872842783       0.40852846369873619       0.26655801457479467       0.29480613907824044       0.32051423366625686       0.35184496328614029       0.30854661965255270     
  0.61313016126864073       0.53641665249498405       0.48199011719175311       0.32242278078999043       0.29219087561954221       0.32835648952815794       0.68201966628016442       0.34975317338545231       0.89120409449377469       0.47912906809817690       0.53953850224449185       0.53040581828229272       0.39552010485411365     
  0.35453323969879730       0.30084988706709048       0.30681275760334681       0.36174339881113471       0.32633602248957827       0.34011915547826982       0.32131861775939269       0.36895894269158264       0.29854210898825639       0.30698376303281277       0.35687364120963549       0.33489911314962384       0.28874016456452090     
  0.62166972861587200       0.54191549132780059       0.49765151070546831       0.34034979538891169       0.30588786416150532       0.34415157598929075       0.69324611865788544       0.36729337346531993       0.89557785371522336       0.48666175675855405       0.55461077219190380       0.54497452518170308       0.40707808437079412     
  0.31615242818072831       0.31993160734665166       0.32944980749382369       0.35185350834045731       0.33018481222959867       0.38326691058333973       0.37012708359257346       0.34576760434226989       0.34211568685946925       0.38135966866752230       0.43136397715702429       0.32362070949145061       0.30711854614464323     
  0.62907400610584407       0.54734120544365317       0.51353014061551905       0.35778393570798628       0.31989930088491136       0.35852736161667964       0.70320319072343640       0.38602674022806793       0.89931346788874633       0.49400401756429474       0.56828279480176502       0.55907865141540203       0.41865798770000806     
  0.33090734901102159       0.32699424138137018       0.29841689259977838       0.37849878688735789       0.32862854806607122       0.32607886881953246       0.32560849801645159       0.33512613097074340       0.34968788452914207       0.32659768898478725       0.34557122726289036       0.35793964561197644       0.32366828366635625     
  0.63639765142532168       0.55257740664788813       0.52853584087664285       0.37474248597060184       0.33382853922719063       0.37284527017037306       0.71323157374458113       0.40455938671796499       0.90284930647379624       0.50140451200070379       0.58136244374985557       0.57092482552583623       0.42981311494592689     
  0.28174947483719653       0.29051682773693566       0.30288861591620386       0.37785401353600573       0.33513213056159713       0.35295801323088971       0.32336927535016990       0.41812082372262577       0.31657830247007229       0.36718308651624776       0.36095865888265205       0.34267506439506579       0.31350368712548438     
  0.64556796266645611       0.55820715960464651       0.54373179961027740       0.39221757138481494       0.34720229961031712       0.38700665557058750       0.72404767878902032       0.42223817783820600       0.90622505615972337       0.50941746646157549       0.59327988753083960       0.58256974230880176       0.43991304834928618     
  0.30812547005566365       0.30988261596176753       0.32675187515282150       0.31541577613600064       0.34701737319755854       0.33871084417668401       0.33013107494318544       0.33615997211454512       0.33972061546146498       0.36086796480523009       0.27052369703277956       0.33543672310253819       0.30466155007239887     
  0.65533057673483353       0.56440865992731915       0.56101544114679291       0.40917711219245950       0.36089740897295319       0.40325272389878086       0.73545162100330697       0.43956743816165866       0.90955529932389501       0.51772967790274282       0.60532209640455081       0.59450770646170281       0.45136869610730590     
  0.33878750489542070       0.33300602847509109       0.34986993500573432       0.37845022973214004       0.33763816648492856       0.33277896536194645       0.35910657459586776       0.31216770713414083       0.32387109906604655       0.38828346769609712       0.28668724801804962       0.31076611787008246       0.28182294153187376     
  0.66514917680169527       0.57054847912532336       0.57788112341539699       0.42598450353765238       0.37495809166503241       0.42006317551539085       0.74777971314938230       0.45769388542537492       0.91270043461402828       0.52560774916732289       0.61667135844254628       0.60658118142964979       0.46329457870648905     
  0.31863531426024988       0.31110586305997823       0.33997781125082910       0.32965348971667535       0.31494965376311579       0.35646514679140950       0.37607509839376080       0.31735515333508307       0.37746769276510628       0.33589401175528161       0.29260825671981772       0.35109841811568537       0.28778782578423678     
  0.67501210782653898       0.57658844595521364       0.59527147646930223       0.44186828874708750       0.39032828374841161       0.43651511559019590       0.76042667312869328       0.47651255894806244       0.91576761045986577       0.53333146086430694       0.62804666672261844       0.61776158754933275       0.47523209708543956     
  0.37221311878342028       0.31083458364906530       0.32598304188251986       0.39279331307829024       0.41293247761012053       0.36429787558567184       0.38815700756852173       0.32891921652691608       0.36981934045186493       0.33584164896095642       0.33769353828932680       0.32103448381405425       0.27733742935089173     
  0.68430802087467890       0.58294434151705976       0.61179292573741373       0.45709449996274398       0.40521586312145463       0.45322700318419507       0.77238232581103494       0.49494036394767787       0.91885461869306095       0.54105688232089033       0.63972220633200116       0.63005140056602782       0.48694749841827462     
  0.32169827378271859       0.31928721570335578       0.36906257848953394       0.32056399926983448       0.32287588984865517       0.33006722161408208       0.44993435482510280       0.34158223040411423       0.30651941940747468       0.36846384027142637       0.33016716631058729       0.31050224188542269       0.31473769095477405     
  0.69288767062922896       0.58904998482211268       0.62674272008868159       0.47385596153843962       0.41961287522518659       0.46819580062834149       0.78327492039576807       0.51256603059869066       0.92190026639831990       0.54887423585176143       0.65206513770819186       0.64233053626630943       0.49835918730421935     
  0.30759052275644855       0.30838173524077156       0.34521014279794382       0.35817973200999176       0.34507251435254155       0.34170908501896635       0.37920974498561827       0.38132343981752537       0.29081278352838169       0.36726278383252292       0.37255473023261443       0.33979185255689148       0.28946894240663712     
  0.70168235564833104       0.59600407337706773       0.64229721013426300       0.49411642871090461       0.43380899653879856       0.48421393441407279       0.79353675207724250       0.52939746085073736       0.92497742846807296       0.55684122599329811       0.66545031382549436       0.65526987127797809       0.51064863465156607     
  0.31452890757488911       0.32648383699900307       0.37826720642478240       0.37787538096003659       0.34816604897655906       0.33851407727865984       0.32615564923502194       0.30264903172075286       0.32281594899883681       0.29490246045942969       0.28949382375806032       0.34856790256274056       0.35794380018945304     
  0.70997232263404553       0.60281865042795635       0.65553764236262735       0.51462579414437770       0.44835462494421735       0.50024858085349788       0.80411714996090000       0.54567174331800072       0.92812883025149095       0.56467613009143813       0.67935186827353589       0.66871910417742608       0.52330141367616101     
  0.36512124026889997       0.31629147940218205       0.33407395920481525       0.32228425619312062       0.32444603660664517       0.32397940297256961       0.39401755735275940       0.33807787366986758       0.34938770287185755       0.36853179170396322       0.38222588446913863       0.37333122326241497       0.35357469308402695     
  0.71801599520052273       0.60973067518454671       0.66820459105309915       0.53295422723119135       0.46472759974637040       0.51622887233390768       0.81506054540808504       0.56136850657937676       0.93115782136130765       0.57217999931251085       0.69384043211145929       0.68148544233263220       0.53715942105018211     
  0.34461875437035566       0.34185149520638075       0.32147361522113277       0.35833216526960682       0.32899292484077547       0.28769508349684680       0.33243685337368939       0.36785610587115647       0.34041776633523008       0.32557782949036390       0.41804186905017321       0.37959620502743407       0.32611041395909451     
  0.72539449719051030       0.61621912376445975       0.68340971601546829       0.55114794079349894       0.47975677813090090       0.53309649308200657       0.82611802588742000       0.57595269291648077       0.93398925703277569       0.57938816493193901       0.70773372000291979       0.69383217653055884       0.55105682801741052     
  0.35551970956026019       0.31427369411356537       0.37030232111895306       0.33197777402914674       0.30713114578758210       0.33440858058147932       0.40489251130538184       0.35834260841513199       0.28593158894679138       0.32378637918535641       0.31809815713312067       0.30542787155169382       0.34178666364838201     
  0.73312738709486169       0.62569060383670316       0.70070380072603144       0.56926921862362956       0.49720301530459549       0.54874953115797331       0.83727519411013041       0.59088637901936591       0.93680630025528333       0.58652610775046432       0.72120965542599857       0.70588080168101797       0.56545824466660610     
  0.28577095299973060       0.31103350866260288       0.38804823607054217       0.35852080449834323       0.36724947619988108       0.35717675201615356       0.40727074839553629       0.38727797628419464       0.30873683588379958       0.31728614431423047       0.37520649741678536       0.32872720596640892       0.33680496560413709     
  0.74118670206080606       0.63592936569390091       0.71787279369811463       0.58770289024866407       0.51491531847312311       0.56285624827289782       0.84864108148654671       0.60321961351913223       0.93933796837056449       0.59345477396245483       0.73361282386826121       0.71950324618070738       0.57912536141122506     
  0.31086991201627456       0.30486079118008924       0.33744514226602518       0.37416513393964851       0.34265861557137278       0.35562191986760500       0.33647502566138515       0.32074621406667497       0.36390351536326004       0.38716191110444387       0.38171172505945467       0.32491972617012166       0.35877363140344226     
  0.74867701589247471       0.64598489925481772       0.73386947013088621       0.60810070804469563       0.53372831550025812       0.57679591735931934       0.85907989593823986       0.61734839774392236       0.94193142928585216       0.60036733874141390       0.74582600555502321       0.73286175773848283       0.59283663637732309     
  0.27716202835211112       0.36277967125502814       0.32805394819056483       0.37064618886573358       0.37298321296587295       0.31108956006756994       0.41240759025632490       0.37556319127483639       0.35670391892316117       0.37534726591723505       0.39912976162915248       0.30925334176514524       0.34778719963259203     
  0.75624373406317635       0.65627191767490412       0.74929811485666520       0.62895755833811640       0.55320259230945534       0.58952343357693715       0.87032003943695446       0.63017128462204119       0.94448559005763555       0.60794063044836066       0.75987585642083011       0.74607225048107506       0.60621377371058138     
  0.32471890898884165       0.33959054727019222       0.33304418135614716       0.34734353382204608       0.37278634758102125       0.34377394401879341       0.37241701817951200       0.29345877672487908       0.29869828177556251       0.33402328293403349       0.38427234317239611       0.34947104803513529       0.32609069252253442     
  0.76349407918554779       0.66660379368852374       0.76438053795107896       0.64500001564782494       0.57154530833049200       0.60465921301106285       0.87792404461008344       0.64291636734361579       0.94701617938428395       0.61573083056679156       0.77444720433521019       0.75898437640870053       0.61960524980587706     
  0.33466056606916222       0.34899460988857867       0.36484143339244884       0.37138180872807275       0.36468614334364197       0.28774115219545499       0.33384045348910629       0.31762044184730515       0.37914584540579460       0.36491466696434821       0.37545010604620060       0.39565558287113123       0.32007108452495225     
  0.77087535266814977       0.67593372288974052       0.77904274703890064       0.66036442002624107       0.58841957326636563       0.62010713956252261       0.88479419692915362       0.65689862119845688       0.94956389766686011       0.62341039161681844       0.78509336196793811       0.77109569136339717       0.63282928913801717     
  0.31845552798245341       0.36789573506903794       0.34328218270149730       0.30634724918654005       0.32127566220562997       0.34485665317147418       0.34434667033800498       0.30971255656556507       0.36954217529558447       0.37779232996321005       0.33251491937484284       0.36534773157008144       0.30515124775348440     
  0.77886001669529237       0.68524801154385429       0.79385498575882418       0.67445911834543459       0.60469192713965847       0.63506442369595029       0.89122256606531702       0.67233905594884225       0.95211108209737538       0.63056734393560088       0.79605819345305495       0.78254394759796064       0.64769581831589673     
  0.31587056070412589       0.36420455213144526       0.29596331820214966       0.34923395689168008       0.34419406806443165       0.31636096512408168       0.29887216777182685       0.35579948403926204       0.32998111726157126       0.42838990769567342       0.36821313899489816       0.31786784462254025       0.34275747648297233     
  0.78694601765069871       0.69519027048637494       0.80668710275501621       0.68891989528367370       0.62113308103651599       0.64964226929563118       0.89773896501633521       0.68570379589074881       0.95468424333203128       0.63723908223066439       0.80587325324068981       0.79139625024691007       0.66343006156280893     
  0.37269777343955324       0.35707369188790877       0.36138169550078525       0.32967285026409288       0.37747594136443219       0.33160374263410558       0.36303013873628182       0.31861850708591516       0.38938922194162950       0.32521011841857000       0.39950565240600516       0.34326782620663576       0.33704550130195865     
  0.79470440003618026       0.70491008798006882       0.81831964517962252       0.70393037601727004       0.63927648734373466       0.66465409455729274       0.90426771152001562       0.69839051386158635       0.95736019111848292       0.64373708385243755       0.81564811135235227       0.80026889656686684       0.68016953729412022     
  0.38086264654882174       0.34304987322867153       0.36561324057722239       0.31177050204858509       0.35928410384132614       0.28930712780588158       0.33329077516927696       0.38415834804521648       0.40744951481616959       0.31560555583086419       0.36580402382582028       0.32247273186755443       0.33806468472955431     
  0.80293077899152121       0.71573877390035634       0.83159262579554172       0.71846259558250303       0.65709401472020612       0.68293148584869001       0.91084243941015408       0.71148760444511572       0.95993149172886871       0.65026913790043150       0.82491796572943188       0.80997777583285735       0.69610266473209392     
  0.35329265690099221       0.35769459799356279       0.37616355625827563       0.31291215927088806       0.37225998198639387       0.42774589230316545       0.34754908143662411       0.27709557786335104       0.42006887335788345       0.28180398706346521       0.30929705577937439       0.36049583277595643       0.34915068437844055     
  0.81181913959161889       0.72537461275381288       0.84541161169492829       0.73349675724085428       0.67399805266375457       0.69938428944889719       0.91694870877525847       0.72507292687242908       0.96224349154342903       0.65830018739396823       0.83401700113907107       0.81999542068521181       0.71281449019048582     
  0.38514174180846883       0.30562306145304025       0.38824551090896575       0.31020799065215504       0.34043829453200902       0.30844431687603135       0.38938494735162910       0.33909098680745470       0.42905657382736845       0.35282759031209276       0.29370914418371535       0.29092955176603508       0.36860497494738520     
  0.82051084446996692       0.73440229931149836       0.85672490715623073       0.74815381717549168       0.68873513183113100       0.71671882242205975       0.92298298092648490       0.73944112881029689       0.96457720855954376       0.66743189712070561       0.84415932851705322       0.83018915891148193       0.72937697989863381     
  0.34491327124213056       0.36496097776177711       0.33029296101775146       0.34442939104228548       0.33068227820838364       0.39374525644430114       0.32571544391998430       0.29983747077821049       0.34943443206274405       0.35259933007504429       0.36847656586312316       0.33401961857981388       0.34741638907755218     
  0.82728400508398436       0.74313571039235682       0.86740826078463962       0.76462155831403766       0.70638981645779408       0.73412291714416600       0.92897036150182699       0.75460933486807535       0.96693443130159207       0.67656412244801289       0.85495913296802684       0.84032571595740613       0.74574566941744991     
  0.33956801724132663       0.31901785404403243       0.33987361254624188       0.30879502179782331       0.29607235034070989       0.36056209791009847       0.31973084999905699       0.34450720688035119       0.43170151028262621       0.41829572868290976       0.35207410035185560       0.31740725857507845       0.35072337839173351     
  0.83345751653976718       0.75189743844977119       0.87778593345133060       0.78197288131183351       0.72677965006154854       0.75209132451115035       0.93480007656820929       0.77011497931729100       0.96927895244010187       0.68570561393611695       0.86511516771367170       0.85056654069697912       0.76220760516827546     
  0.30275977077544314       0.38866208471246977       0.31670143063301243       0.34871254078963304       0.35636727854332123       0.35113762392181375       0.41584315984526460       0.36710357654396458       0.42825511636162400       0.41140602291443162       0.31455568932829114       0.31787010089522305       0.33634196509927677     
  0.84117557563735534       0.76271249202023061       0.88784938818389503       0.80025280736858262       0.74464046892262969       0.76989391172740851       0.93932337794485421       0.78476094458438705       0.97170794446412156       0.69447567511625996       0.87539833123696653       0.86063982950535212       0.77707586405315265     
  0.35709373262439814       0.33249938614714658       0.29962293820020991       0.34571954874135075       0.36270643344837944       0.33840296063437897       0.29002149017493289       0.31067084850759108       0.40305838030774177       0.32448894503362641       0.30240857321970832       0.31361954922568164       0.31813504747039856     
  0.84885968293091574       0.77386628059678464       0.89755388692598825       0.81812610883488701       0.76064535890573559       0.78810713943974708       0.94386646431720500       0.79926228819105494       0.97371915170771861       0.70249286472391670       0.88543564231927174       0.87056309819529487       0.79204746823122130     
  0.38378734302860917       0.36524277255612042       0.35071372411276391       0.38736228561918395       0.29005420327692144       0.31703978940891009       0.35557564738227443       0.39756085471441538       0.39282885771640902       0.35641284851736765       0.31578232814379636       0.29866843638387103       0.30318723536475650     
  0.85659780489118797       0.78591554518638462       0.90725264682192619       0.83505340140665818       0.77696004340960523       0.80670172292518993       0.94842608631158698       0.81529899419993090       0.97569822229462055       0.71035657295140275       0.89563534831305935       0.88089723331833469       0.80815587369271835     
  0.41069665342215633       0.32537201201285360       0.31375791326197594       0.35115197753984756       0.28237963861549187       0.33138931874413546       0.30550839811422814       0.33944888508743276       0.34354060755717808       0.31954114918148330       0.35596476798926324       0.33816674495423815       0.32856562820173996     
  0.86432108779067074       0.79779382655631781       0.91778783540038067       0.85175753557536549       0.79414221643204019       0.82591942390859818       0.95334868865612521       0.83249108516399095       0.97756275231298606       0.71883816830241254       0.90548857813120021       0.89151010659129826       0.82444532595061482     
  0.28802412152843099       0.34881013462482391       0.40684274609799459       0.38935589202089760       0.28175098512185576       0.32486069783479038       0.33810439312146989       0.34270220494400372       0.37713366914811641       0.33080333036629406       0.29569864816095948       0.33675306984219622       0.36416045878511771     
  0.87266995547994042       0.80978718550054996       0.92796443782193605       0.86987882378601622       0.81592131938482726       0.84716434881866309       0.95879645788982859       0.84970136747746849       0.97922518866188335       0.72750727184500041       0.91527489668693274       0.90347662546131913       0.84462483273415612     
  0.31399985101232691       0.28668756175718391       0.33662482808731947       0.36060280331164035       0.29429506492683544       0.33624242883585181       0.33182407513278939       0.30111274983674419       0.36583976117071593       0.36786859196970773       0.33675600056225713       0.40814710542195826       0.35376588102254158     
  0.88359787880902885       0.82280948354109573       0.93745157423750414       0.88797719130686503       0.84033902289828089       0.86825430807671644       0.96378265234024685       0.86658833305920835       0.98093237224984708       0.73919389336581054       0.92538631318842923       0.91670817665402560       0.86442967720329988     
  0.51948894935882406       0.34621729901657783       0.36312879101579987       0.34840928161071383       0.33164174968601484       0.48502954901054796       0.35056590512471392       0.33623957644741775       0.34090893720853338       0.37794099719180702       0.38175809778951975       0.38036332550248086       0.43302002124624384     
  0.89485746133176336       0.83578943458173516       0.94756825443526116       0.90593233671390982       0.86315865499097000       0.88698432932454652       0.96848683488877385       0.88340172306467324       0.98275536375125805       0.75124250746709875       0.93593963873346486       0.92934763742492987       0.88509346358672669     
  0.50057294382046036       0.30819547649118062       0.32147483558227913       0.40422165245501979       0.33561356287805350       0.37138225915584655       0.33185285389066738       0.30133295747652122       0.37662103031099348       0.39592227985736178       0.31690111076699301       0.40149848699405721       0.40913920887583416     
  0.90907277328078073       0.85287653766107352       0.95693331691252959       0.92364388320831126       0.88491360535623764       0.90547154568635047       0.97285918735412491       0.90141081825982083       0.98472147640177521       0.76949415165724844       0.94575571777937895       0.94120235050176915       0.90657093943199796     
  0.42796419489613358       0.39118518680505443       0.30183896368884050       0.32651213311480937       0.32748002220571321       0.33100275506618770       0.31836755939085609       0.36184351639738327       0.35364158642680665       0.46830220087959018       0.31978641788065337       0.33249894282886328       0.41170687747970763     
  0.92294749572454460       0.87155914466649376       0.96591592796862213       0.93994864616815021       0.90800495310361462       0.92299169661539082       0.97725032472944562       0.91988266431948706       0.98691337706577797       0.78918710028661399       0.95548570106363395       0.95284899013793589       0.92777703299833025     
  0.45516602275971624       0.32650569844984195       0.38771874640001502       0.40835235036611750       0.44526983603441672       0.32887534248437039       0.28699579350620708       0.33632243217867397       0.35499371026088744       0.45753686576969710       0.31508184561091468       0.33281730091102008       0.46908784855446467     
  0.93772576843686462       0.89403235809594639       0.97418173278295650       0.95589520085141122       0.93264140927586636       0.94027794764938888       0.98233468029705806       0.93926543903847148       0.98917230482602270       0.81248108663930285       0.96628600390065134       0.96439329251223627       0.94801585027741375     
  0.43337986905505943       0.35392325569262478       0.40873019029761698       0.30846695620704834       0.36632417535686856       0.31982614397371456       0.35826141024798486       0.32994174036059831       0.35542415806815003       0.42254762708982668       0.39484378618939314       0.35154885702111532       0.33109513522787609     
  0.95314450677812945       0.91933762422336118       0.98288424782700667       0.97109982065090727       0.95657514769739205       0.95868444685320375       0.98744011003267107       0.95903123686747316       0.99152528960391872       0.84165771650044341       0.97737289288071749       0.97608109037734425       0.96698772956736656     
  0.43699380863350784       0.33530364702255439       0.38417262525257373       0.37011686164172680       0.33050443721049988       0.33721148181748967       0.36566245541458692       0.38559969776257713       0.43769494080783578       0.33687201399726885       0.36665287515438538       0.38090477264013406       0.38475135359110207     
  0.97485318570618973       0.95627774269698618       0.99133605554553939       0.98440749072666978       0.97892811367777943       0.97937438408315924       0.99353898443253064       0.97906650901002135       0.99560949351814865       0.89411972089975522       0.98896535649679485       0.98814274121110024       0.98388658730625511     
  0.49378535075626706       0.36199093174495106       0.37197053425430354       0.28390586702074561       0.35708354251054192       0.38794094268002610       0.36424703046395190       0.36615044953362913       0.48576414370981325       0.33327060470211778       0.34227415194396971       0.38534427879034944       0.35328570924983499     
   1.0000000000000000        1.0000000000000000        1.0000000000000000        1.0000000000000000        1.0000000000000000        1.0000000000000000        1.0000000000000000        1.0000000000000000        1.0000000000000000        1.0000000000000000        1.0000000000000000        1.0000000000000000        1.0000000000000000     
  0.32544450742259795       0.30056276609883908       0.32592509842539452       0.38444279604660436       0.28045579643280044       0.34432764355636825       0.32303888755736454       0.38183990370092030       0.27995505264187365       0.26293738065220901       0.31718779274966397       0.45500340296199765       0.32841772302404731     
   8.9600203997254635        4.3625898370801739        5.6052541208227273        9.5804109378695408        15.285872851698581        11.319415238889508        6.7949345760708759        10.176422968375290        0.0000000000000000        6.9559761162474976        7.8342162876982142        9.5367185703439716        6.4580907144488275     
   8.4474815690471665        7.8367301671987235        5.0434351624405149        12.554021633962092        10.440044075005089        9.0644857460054595        7.1486750446461000        9.9739340577435716        0.0000000000000000        7.6750299777376174        13.811661824589226        8.6685627357160087        6.9067638785091177     
   5.9396746321212861        4.4233745632320787        5.5186810597101879        7.2467881638204661        8.9607761178127436        7.6002128097654369        4.2835172993458244        7.2986061690896804        0.0000000000000000        9.9865592570638189        8.5487836547571767        6.9630234767348096        9.7595974534488388     
   10.678882745628245        6.5904755790487624        6.0326785793130382        6.4788761849262775        9.3867279102880854        12.277041161295708        6.5933827394382600        6.8913437466073422        8.5040498129168132        8.2690485930610009        5.3830350751363261        7.7185274475796968        13.473567424657872     
   9.0895054890820095        11.945743897690768        9.4864403292571069        6.5255912412809476        5.8292572394545656        10.048502320073728        4.4691362492324771        8.1719294757167074        9.2223686720889759        12.431225012525374        10.318439264767409        8.0106781234440128        10.767345932306888     
   9.8839047155309832        7.4434236242160345        7.3918755469888726        10.238210015119487        13.121717483785936        10.544455532819043        5.1008839981559646        13.922050071383341        9.6227490699094762        9.8591682058078742        7.6310074849727698        5.8543898173904765        8.2956158082156488     
   12.094944249972626        10.307612334748992        11.897537233743913        10.550352303931868        6.1067434881477443        10.221872219854568        8.4709024269360444        7.0096341416708476        10.954205743877861        7.8703219717586643        10.925621369160126        11.969265178416096        6.6614883469150685     
   9.4808797665750930        9.3123844576707917        14.867937015104820        8.3485328024537289        7.3991067027294362        7.6148259365973203        13.828806415850305        7.0400678099079670        10.680606938382274        5.0375225348677235        12.036605269217571        11.056484215548901        8.7788997857949358     
   8.6433267983518029E-009
           1           1           1           1           1           1           1           1           1           1           1           1           1
   2.7316623458516766E-008   2.4905848781040851E-008  -1.2942934471520641E-010   7.6960110506015456        4.2365043487131924E-010   1.3915929063656490E-012
   4.3733201878964398E-010   4.4689947905426118E-010   4.7884721766293300E-011  0.25643646814516496        4.7860465940652778E-011   1.5533474926021742E-013
   6.4069012014726532E-003   9.3394634419769780     
