   0.0000000000000000        0.0000000000000000        0.0000000000000000        0.0000000000000000        0.0000000000000000        0.0000000000000000        0.0000000000000000        0.0000000000000000        0.0000000000000000        0.0000000000000000        0.0000000000000000        0.0000000000000000        0.0000000000000000     
  0.22319177111823824       0.22541394121059866        5.3689092143417091E-003   6.6221850276525175E-003   1.4921413585277985E-002   1.5383433712155595E-002   1.4804804448793155E-002   1.2711284743261161E-002  0.63381874864214849       0.18845277098173396        9.2453491728605328E-002   5.2677229054081363E-002   1.7440971308411119E-002
  0.34845162521001705       0.34572455295125593       0.53189237378024345       0.52617532984975379       0.43025681980643116       0.39334787127103044       0.48052207583009787       0.39908635288128835       0.32842506044774100       0.39973769387945968       0.49152178827678783       0.38280502289671892       0.40189046551363022     
  0.31837472149072221       0.31882092079199392        1.0377837483706107E-002   1.3438616108590175E-002   3.0603743142720661E-002   3.3015509038201038E-002   3.0059540122801705E-002   2.6788377301427406E-002  0.71246579440477953       0.25116722968554450       0.14456726901776135        9.5699386294228903E-002   3.4827080577338854E-002
  0.39266427113308650       0.40758174723588220       0.49565147263961562       0.47816858813319468       0.40812179730212861       0.35915165413728489       0.46124844397166193       0.35118746044151428       0.37219929711316468       0.46396963985093087       0.40456983148395320       0.50954710106099210       0.47290758586367732     
  0.37807489000589167       0.36519878159715258        1.5219060582983106E-002   1.9646724294306400E-002   4.7034031790592526E-002   4.9875821204484701E-002   4.6824625895200825E-002   4.1999937810926972E-002  0.75740334428161693       0.28048832902610427       0.17916876609712706       0.13348731201491201        5.1765064005350546E-002
  0.41658990568723125       0.40217985127662759       0.46199050921198942       0.47999920605787449       0.42541514108738077       0.51811517989496658       0.41594314261911935       0.43140172937347726       0.43426764458727823       0.47890748545111045       0.47275819151151871       0.37769136587493313       0.39021233812819650     
  0.42433009998322702       0.40355746727390485        1.9697345038904475E-002   2.5385293071502977E-002   6.2568105878745450E-002   6.6011328642868128E-002   6.3513255408616826E-002   5.7369199731112167E-002  0.78613503477520130       0.29858956122744046       0.20703422286669770       0.16686058420491287        6.7550967931979206E-002
  0.37142868844478816       0.39324998304762276       0.48088755308927739       0.48685872687343784       0.46609444821238127       0.44199182432731909       0.47804680059135723       0.36043082253884301       0.42288940241101131       0.42158407577114904       0.38315881326050799       0.46447898913139168       0.33089501687874051     
  0.46493638622063765       0.43734266627070889        2.4106227709999841E-002   3.0540859331599356E-002   7.8234340368436114E-002   7.9737489573285372E-002   8.0265783197352294E-002   7.1962896458306447E-002  0.80575851566113765       0.31560976648533146       0.22988102937296412       0.19652243597018945        8.3860792818796492E-002
  0.39493154863233121       0.39580187589568494       0.45867941656780992       0.39939302096323614       0.39993417572366702       0.43024637579304248       0.49922423393574067       0.42850985638389960       0.38208628874276152       0.41712197702925569       0.47656214865927266       0.45655770396300094       0.46248967750760572     
  0.49996394623819029       0.46659646242134872        2.8691767770826531E-002   3.5311222533355738E-002   9.4604318337725701E-002   9.3356666795482046E-002   9.7121133117664959E-002   8.4819700202454773E-002  0.82362123592156422       0.33078135668046416       0.25104173148779330       0.22223884533658003        9.9890998382833510E-002
  0.39832633169137766       0.34261701225751157       0.44390383851069920       0.39576957813238089       0.42835662348372794       0.46389454453141010       0.50651657990482091       0.37469438718087233       0.41648594682426870       0.44022920908053537       0.41841651076541686       0.41874206436023942       0.38756403304091736     
  0.52996302675867868       0.49366873187618487        3.3460260306675017E-002   3.9835347423290021E-002  0.11110378804840003       0.10539082326901766       0.11412386190683736        9.6468473014706416E-002  0.83858961275767985       0.34419442271857376       0.27353349339070504       0.24451961589559218       0.11611610038334316     
  0.44958546187324494       0.42957220560894732       0.46046356190077475       0.40212276115845125       0.43240332378811208       0.41250172023070580       0.44973410635082706       0.36374932172454666       0.40714350245762115       0.44299608288206960       0.38647505771074320       0.40940462538882610       0.41621224833372117     
  0.55577440399841260       0.51740881776394110        3.8163930455788204E-002   4.4367296870793230E-002  0.12792683989655915       0.11708501846334839       0.13168507678150515       0.10854210222706721       0.85070855253724531       0.35632801221313082       0.29602680237161255       0.26602222706971224       0.13156761547043092     
  0.40779164875768198       0.38162206885973293       0.40578047272631212       0.46587048629768735       0.40891336865705058       0.34847719219443313       0.38885640940574001       0.41000004265335011       0.43385935564064271       0.37058343210499195       0.37262384465638798       0.43911114461510281       0.45811553379031739     
  0.57799880881097654       0.53796481301476118        4.4002031200242958E-002   4.9570775027325473E-002  0.14234874435618616       0.13067437542913662       0.14851361575382591       0.12314376245600549       0.86132292752271900       0.36770322262657562       0.31717734578869927       0.28720808321041819       0.14634338383343548     
  0.36258651105606832       0.38389921260410281       0.41854919358950765       0.45968896122523673       0.40614271428499749       0.44116549097119911       0.45381218250975669       0.42221724041087239       0.44331050356109319       0.42170572108016319       0.38496002689553666       0.41131113119366514       0.44202640545800026     
  0.59980652423234937       0.55747186979028307        4.9929874533979998E-002   5.4375617143586401E-002  0.15553049340737096       0.14639057423695231       0.16513407984770559       0.13987093612155929       0.87037862881762640       0.37858844070142317       0.33613714957241991       0.30896313218083510       0.16144303771542276     
  0.36690205005889781       0.37571092281024149       0.44903285875090071       0.37400373416515287       0.34083959953357001       0.42772931128347136       0.42452894179820672       0.44949293369876658       0.42673412268632227       0.42787804839684901       0.51695785310494780       0.46121066578387648       0.42850413457745729     
  0.62002902582918840       0.57624741839016691        5.5629885173152788E-002   5.9075969614147975E-002  0.17047530083187534       0.16201807190642342       0.18074706359642828       0.15733845711811531       0.87770858458745071       0.38903131957899645       0.35225148049411714       0.32920353718849826       0.17661343291845791     
  0.39795232758698207       0.38430580871856029       0.41671274356964344       0.39621173627869333       0.36242677563775189       0.37191412746324348       0.43530107157643216       0.34678929259676683       0.35100173821082886       0.40701722662660506       0.33750164633838126       0.41929398005931540       0.43348192075821335     
  0.63828916700007232       0.59163686295145024        6.1322111327112960E-002   6.3475593371047911E-002  0.18598766275672035       0.17720673259367747       0.19577433742350689       0.17433432909318908       0.88426171566836576       0.39841444269299309       0.36821114325121090       0.34945963709088362       0.19133206318512594     
  0.37593723904207793       0.36616922569439675       0.42454611875761694       0.42967585331174601       0.51902884180552589       0.47698294335507430       0.36901903987409662       0.39584298991859113       0.36647885828832688       0.38903163468418667       0.38387388018741081       0.44083009397030037       0.37737263125547793     
  0.65654323449738161       0.60589038412289298        6.7743703267097527E-002   6.8585395953160821E-002  0.20148422149983142       0.19283323739704586       0.20885078665238108       0.19036633720245649       0.89109623785202807       0.40656297904215566       0.38422519906290092       0.36954268369982635       0.20597720929636409     
  0.40595083619468036       0.34254965063674264       0.46207106552751803       0.37386309663200334       0.48310657857128353       0.43608296738264246       0.45670248079012937       0.42720836298668774       0.31611946262044310       0.39814561501977980       0.39651136217146377       0.40376975205823912       0.46419601366869401     
  0.67409552387176563       0.62081618121130977        7.5146836133074435E-002   7.4225270368097201E-002  0.21711289343633713       0.20940304531848095       0.22302556602463794       0.20594570518336999       0.89788452511059824       0.41437467770416614       0.40294840458453768       0.38788464375938431       0.22056951248782519     
  0.36425705477162829       0.41105472796797599       0.43174177295285482       0.39402521989720263       0.40723505839744761       0.40284954223138808       0.39752820075494932       0.57254517365037860       0.41756221618749867       0.39125067732711161       0.42696464531807243       0.42808530367675329       0.43470292214989903     
  0.69082640271108275       0.63558306424114919        8.2765508329521009E-002   8.0352514573554135E-002  0.23310908608167066       0.22565054269720655       0.23891029044964909       0.22278736560620371       0.90436120561439914       0.42248828624587115       0.42204290816848516       0.40493596005618732       0.23512398211000402     
  0.41759867699099462       0.34719625683300470       0.45107935613089772       0.43254898348202525       0.40319572320617136       0.40155284246886347       0.42279478334187681       0.38764200020176492       0.40740596188827982       0.37742790476824112       0.41585905508757215       0.41895980914283032       0.38166510923682445     
  0.70588479641407487       0.64974381550995541        9.0925835792786194E-002   8.7404639079161586E-002  0.24952699794077254       0.24142641764590672       0.25597361036658622       0.24038755191477312       0.91011028857456866       0.43087185434268543       0.43939385969950773       0.42034790907547476       0.24971317272657700     
  0.43329855855224930       0.50428257345860072       0.39243363894528177       0.45361959444755240       0.45400269945083710       0.43596174415716382       0.39951753951654423       0.49120560668422297       0.39940563570081938       0.42735092030237137       0.44351291714221691       0.41994619444264103       0.41159020241363575     
  0.71969698438893259       0.66356429530187844        9.9230053611605432E-002   9.4457710097868602E-002  0.26680651637999903       0.25577093675116197       0.27241494004930189       0.25745253732935375       0.91524607501923572       0.43905203786753294       0.45658050997824001       0.43474802113260641       0.26281592941055565     
  0.36143951334994229       0.38341078644270415       0.38035657757384611       0.42112634146348871       0.46652443442429697       0.49007480941690446       0.43901369416997199       0.40907958475774170       0.39455478417718715       0.40534576157652291       0.36858616429695662       0.36303989899059047       0.37139093184761263     
  0.73345730305244328       0.67701662350984859       0.10805897838095392       0.10194702302982127       0.28429962936821046       0.26962366308785984       0.28839531847170252       0.27358961938971188       0.92008343255041614       0.44617928400102380       0.47433443843467010       0.45004841423549541       0.27763401807463856     
  0.41549608289849577       0.40432272677284248       0.42588263718043617       0.41064227424799810       0.38669566090669527       0.42461189488916412       0.38151417058124026       0.45509709564356304       0.41142688619993584       0.44961683188316881       0.46147618808514068       0.38654613692783651       0.39792801581633808     
  0.74720096711557904       0.68944608358725179       0.11637579246016344       0.10916875039525634       0.30132844567362327       0.28298568760171050       0.30318981554305419       0.28921827007283596       0.92458606910729402       0.45263690857014849       0.49216783824078852       0.46600971298122035       0.29223226478616177     
  0.46538949133789581       0.53305714644330215       0.41731917944860686       0.42096724794491081       0.43029343617902199       0.38247409439899233       0.43001509407756661       0.41889121447840033       0.40447160048175490       0.38602192192438090       0.41547887767801595       0.39138118466069105       0.43535186654329211     
  0.75969987479217160       0.70020021346045547       0.12538226758167759       0.11686369344239278       0.31728637611014937       0.29537616088289287       0.31735536435120248       0.30367620285991764       0.92892931216995400       0.45868551703504706       0.50734848137791677       0.48138817812859575       0.30726954236136805     
  0.35679399572601334       0.35375174736171622       0.35800501117460753       0.56522411650746651       0.38542285710833302       0.43456013796439291       0.38649593667938287       0.42295432227022373       0.42074237036341583       0.42614552062020244       0.40000104737026476       0.36917708971175311       0.44679944030402097     
  0.77124777431749170       0.71068495901094664       0.13484785368122712       0.12428845981821063       0.33271640927772711       0.30868541231140711       0.33352451148762391       0.31888123792570211       0.93294215720457019       0.46501030509279440       0.52010314952703840       0.49636929235650329       0.32367949313470734     
  0.37022472625087405       0.46007248269992412       0.34512138939844644       0.37442885715852875       0.39472683320112456       0.33945653625905498       0.45561651631491640       0.37936178955385297       0.37767930631321023       0.36783223543972576       0.41141795748313464       0.42437576405293570       0.46047053738220861     
  0.78208697157651741       0.72129008667859140       0.14498484943809448       0.13232829926124007       0.34849256697941194       0.32249243145427858       0.34951565989820033       0.33450496351392689       0.93666003401022302       0.47168762121963365       0.53226881891384648       0.51119664734731829       0.33936462640156162     
  0.36682077545016178       0.40616889030141645       0.40347056850381918       0.45245434335276041       0.44950087728216492       0.37560131042518968       0.43117792712801789       0.44823389325358648       0.38446780869052233       0.42505188599334015       0.40253365629370302       0.44461236746982091       0.47785546379445015     
  0.79291087997650567       0.73117916744851619       0.15690092790754526       0.14135336797700884       0.36491457323741749       0.33856444872855607       0.36499152841450538       0.35008664712279464       0.94011560094655622       0.47890959577672648       0.54471040821674455       0.52589904004884447       0.35475001753869562     
  0.40123226671338114       0.40344206668017107       0.41030117201597172       0.45487697220686452       0.41920615605313694       0.45281284669032135       0.43505484017998974       0.43507492419456795       0.39752301763496328       0.41188866391628459       0.40244045031087156       0.40335546204947542       0.38955805036409247     
  0.80339073365523750       0.74091926714522272       0.16906323486524064       0.15101361780513384       0.38136405054470912       0.35385056772127160       0.37930605515664295       0.36511047828956650       0.94337212985678787       0.48570435017385649       0.55835462126457325       0.53983490618862451       0.37045970268719564     
  0.45601664159907496       0.41057947421440272       0.45683281736109327       0.53712359775752316       0.43911304999519707       0.46666367781515961       0.37505295813190914       0.48695058977132033       0.42873302150290699       0.43045057109039053       0.44568989054559938       0.41060907849187978       0.40461170935104884     
  0.81386753690210834       0.75028677371631569       0.18073651188176720       0.16076577954132545       0.39715039995003282       0.36820274545128023       0.39404913293417049       0.37797633954413296       0.94635904728911446       0.49199099379390288       0.57274956916813546       0.55275536716092200       0.38653356628787749     
  0.45397638016757397       0.41293633702921412       0.41006790645900232       0.51262816434736580       0.41343175338689264       0.40061479951892520       0.36464726180472984       0.37988576754079428       0.41271797109083930       0.33374990222816242       0.43402222553972986       0.39367361230705644       0.45274217591654153     
  0.82267734872046228       0.75911103102895672       0.19281758747232858       0.17087387406214619       0.41239154154634194       0.38300132093862832       0.40919271964502907       0.38920777843966359       0.94920576969700343       0.49828836384099184       0.58699947690062593       0.56506616981301805       0.40292506339467860     
  0.40054139698056440       0.44382425475680937       0.40195525739474286       0.43699252714418996       0.38918236171151110       0.40777363269933542       0.39912454126360541       0.35463071912693150       0.53433238622867818       0.41663784772749368       0.38640589407488751       0.37371074599973564       0.44355849680562209     
  0.83080212416925781       0.76821910961177864       0.20558558839063912       0.18123191630470911       0.42742133133018162       0.39840212470437220       0.42397954955931300       0.39995373491294495       0.95187635949762750       0.50506349240523851       0.59897442450975547       0.57669230803177596       0.41787988754065775     
  0.40201002485544152       0.46610236078367734       0.41484257924409185       0.45456033583408034       0.50078630573199734       0.43717406835182732       0.52885744990059591       0.37514328320804569       0.43730404821063501       0.43497997649583642       0.43623859021278361       0.40867060356399826       0.39394405159940943     
  0.83843033166491809       0.77750107509626265       0.22002218861727410       0.19186575894921487       0.44227836501177714       0.41349181762055331       0.43929458898639062       0.41187205253456027       0.95446687657163454       0.51258217720976917       0.60943357161350875       0.58944662517580737       0.43071221151692396     
  0.38982301131557595       0.41958855818037544       0.49589747028957148       0.44770678412895770       0.39882432059324774       0.50175279667529760       0.37169964633399677       0.36961015774873840       0.43129636448527692       0.49270484898675726       0.41867906907331542       0.39297255014823107       0.38471108262506098     
  0.84570948063125673       0.78633694049550518       0.23490624572205657       0.20274451719383740       0.45635846153813026       0.42888824147052801       0.45276399647194515       0.42555993907898815       0.95685633659194558       0.51979432423015948       0.62029854730945622       0.60157569530491006       0.44342338407553722     
  0.46127161433202624       0.44579702053687686       0.37256782305640113       0.36464197405136461       0.42896642667741736       0.33844074388568968       0.42271424458688123       0.37111378151348007       0.45794143525789438       0.37204798325423316       0.39907739313890062       0.38386515833596568       0.38127509676344623     
  0.85385863038365806       0.79449333672241274       0.25070963040683047       0.21372514056618161       0.47046850325362066       0.44513638672697442       0.46641627491456084       0.44077406143482717       0.95911524282319749       0.52618278739287727       0.63220275099104462       0.61500676765601248       0.45732984577534269     
  0.38557880092440155       0.38723727550624248       0.51739699839298325       0.41933362552443465       0.32231631746875455       0.44375984375040778       0.38676662936369810       0.42403608671891507       0.43146714100484163       0.41696663252957039       0.43170502978299036       0.39575626928329388       0.41224983006123500     
  0.86183135674791223       0.80188771002758719       0.26542424592482267       0.22443885920152881       0.48405488969169103       0.46151864161219502       0.47931075354596248       0.45748230532045520       0.96135829416764695       0.53241311048137396       0.64393679224567124       0.62690602035634313       0.47290116903179402     
  0.42847714414252058       0.40984491396194350       0.42569795761860435       0.36100093409750617       0.34204374004125920       0.44798049669228346       0.32829549209805209       0.56233167580973753       0.35646175081179132       0.44163989065113851       0.40794858328925637       0.36604732129634843       0.45495037032497793     
  0.86922720759168570       0.80817092763051435       0.28033773781594884       0.23374000230936479       0.49647012448851990       0.47637880832000301       0.49284364817162218       0.47379452688394130       0.96347201358845991       0.53809909902593478       0.65507996152691206       0.63723716785334472       0.48763269343647037     
  0.40324768448137083       0.44074531858489657       0.43263647536505634       0.40300163539238393       0.42178124090699587       0.41494745932016014       0.42088754464078859       0.49790881330196701       0.49600180862747006       0.42954146979996344       0.39536419355427443       0.36644820536176859       0.41778606192512013     
  0.87585022871928797       0.81451446092924329       0.29773196365662291       0.24236566585098662       0.51055119200271792       0.49086835800693018       0.50832555533522861       0.48954611096303580       0.96549893455314761       0.54386617133978854       0.66646966692572884       0.64768486789213908       0.50182453438416608     
  0.42990713888851340       0.34510163823245604       0.45363840073371481       0.43404879473263697       0.36557460009539755       0.37217496400234434       0.41685030419439201       0.46767027158128965       0.37068958333503410       0.38203158368858220       0.41193167649651741       0.35833893422460439       0.41651932130361302     
  0.88247397315499498       0.82085465132100122       0.31657149873427043       0.25082577742100320       0.52608041811636030       0.50585967347535932       0.52575920152287192       0.50551333101585616       0.96742148165357156       0.54968317307309822       0.67798436053969313       0.65942689807945876       0.51697564227058179     
  0.38551408673798299       0.48305615384178624       0.38567673835520555       0.44582389797940525       0.40896688810479576       0.45010871596862168       0.38621176805957130       0.49598909173121047       0.42396672201571650       0.43719604764541420       0.41131904342178033       0.35753998742115362       0.40435973878742221     
  0.88898169712732100       0.82673226059814631       0.33734424849560141       0.26014498788191809       0.54187485186661655       0.52116336597815127       0.54360191726099594       0.52217619035338891       0.96929074077540600       0.55602975757598605       0.69022047399394715       0.67095292371971582       0.53277864979292466     
  0.46491939758426531       0.42881579433313810       0.45507285041763412       0.38182714897603826       0.42657858307374402       0.41308951098532387       0.47074387846098664       0.38212608911587154       0.43732597149671210       0.44781394219961052       0.37816634594576931       0.41753836253232807       0.42907802335057527     
  0.89536336117674464       0.83201351796563938       0.35793447891818664       0.27261939540479041       0.55702352148660927       0.53678577549142725       0.56014147891190758       0.54002613786587672       0.97096923196595175       0.56282988111048649       0.70254514682442115       0.68216870174316668       0.54990723211986425     
  0.38174950759258192       0.44214784214164121       0.46557418731665573       0.50622032040125131       0.41347147486591224       0.36153563620661872       0.42033826033193233       0.41159174029866258       0.39016191409111384       0.44163355393441672       0.51376633115250225       0.38985344627099727       0.39739704803049120     
  0.90149049217373323       0.83725443400080679       0.37740312416057609       0.28604261204271153       0.57281389623652690       0.55372088317153578       0.57523080476841204       0.55807548909172033       0.97248756267650871       0.56979984958575269       0.71378279471228934       0.69399143120630424       0.56653639853305093     
  0.42229033698527874       0.32215983283063021       0.38822414294376117       0.35696405220923683       0.39724307552028265       0.42694065497342187       0.38187653538712790       0.44772101560058930       0.41440037915153116       0.48686234898918129       0.44404119415099280       0.49032943079834762       0.47352145640421250     
  0.90725696791186539       0.84262339571092970       0.39765087416702743       0.29959791192662094       0.58912492137556360       0.57091785402467465       0.58930783252793495       0.57451083865438746       0.97397205736223347       0.57600006248986657       0.72424660368103055       0.70739335844487361       0.58187857953864974     
  0.40860301937627014       0.38946194602767814       0.35369927971637560       0.37964291555224355       0.46092119308576618       0.38860967415150138       0.40250487946157643       0.44822314437294525       0.39986058151899212       0.38268713801445953       0.42453763735798988       0.44865595994292717       0.39338068286409694     
  0.91246262581528148       0.84836174008914544       0.41857477556761913       0.31384049953247645       0.60401627029934524       0.58649926133870622       0.60411195698360387       0.59037365931801333       0.97535274919288029       0.58215005199891656       0.73466366883586764       0.72094782108302624       0.59569592203283384     
  0.39473179574998990       0.43277649910543847       0.36701730001868565       0.41372781368247613       0.39651325381872898       0.43361057939627778       0.37271463063976229       0.38763116683586857       0.42125042005400654       0.42871581637161316       0.40065561838952535       0.39839155351182320       0.50205561260447362     
  0.91729799957467195       0.85477811562968098       0.44035219005770049       0.32885783298752197       0.61738881598341644       0.60138227204259831       0.61859794016349057       0.60684683233799386       0.97668059780025884       0.58856264899333066       0.74531465792001927       0.73262688935478837       0.60908836875354144     
  0.43626147544897714       0.37168713382322000       0.38908994618917919       0.36883458070591624       0.39935141473390717       0.37470469889659458       0.43402670176333752       0.41060623289389703       0.44862470649434538       0.33143862817049857       0.49056742498417694       0.43940040790710694       0.36088357680037236     
  0.92197537156963216       0.86081708418539626       0.46409171954997136       0.34420459689851329       0.63046294813188108       0.61751721759835709       0.63212073660225909       0.62425158592073793       0.97794856257836582       0.59496862216494328       0.75598166449779824       0.74512787860055096       0.62362191181742943     
  0.44870832638863040       0.38752914874380956       0.35718990590025101       0.42820210521098417       0.39056562508669795       0.44237125912126690       0.42908663177895418       0.51728818827621581       0.39362916553844596       0.53644146939673576       0.49119722810844130       0.43022360353013200       0.45902426894594867     
  0.92635728685668239       0.86662437743351983       0.48995918740280947       0.36030258146797167       0.64576006627254179       0.63451706054842827       0.64620934903029248       0.64105158090771219       0.97919600390703398       0.60141534087482940       0.76666720341622807       0.75800206275535398       0.63932354775781730     
  0.42382151597848478       0.42175343104809904       0.44631147896823836       0.38562474592937357       0.32723153314002629       0.45284750353236397       0.41574934411798992       0.42866285632873896       0.43505344895784342       0.36409104839809731       0.39748939329774768       0.39945950566429600       0.36643168593371989     
  0.93067052131784489       0.87222999977656768       0.51742497522623931       0.37713410824646115       0.66165760626451209       0.65061593207469004       0.66201385380616151       0.65840942348321674       0.98045988840252285       0.60807146720577676       0.77706066872681845       0.77103881364803273       0.65491656835159529     
  0.39312137229310440       0.36732772300242189       0.41312194290196130       0.42942940869574336       0.41026347171674804       0.39352624434310696       0.40529105410136002       0.43441978464736725       0.40221688295560160       0.40104996393741693       0.37867002628919821       0.44967718742246870       0.36327128001077652     
  0.93520793832607607       0.87788836486378319       0.54503651619676419       0.39418544857880344       0.67856563506879453       0.66596484068226725       0.67858299500132324       0.67346423291102497       0.98171418985624403       0.61477838912661209       0.78702335033352011       0.78547901927004105       0.66810682140484279     
  0.43178805816786181       0.42201306636001451       0.40612298172283251       0.40216276218215724       0.50522449178488094       0.49093434352733317       0.39038444429645430       0.36328446972478462       0.40509463390657841       0.35295829534321144       0.38314266062008479       0.45609584918298851       0.37752050249365154     
  0.93978006597403452       0.88392024304071726       0.57128314503548050       0.41108757446752803       0.69730299375368920       0.68151212810662487       0.69484169947228425       0.68755040369637588       0.98292927994062518       0.62183162721147567       0.79707387976888500       0.79916300051224087       0.68385175817210275     
  0.54562128950012390       0.45490185883598000       0.34826263003465502       0.42001658261982644       0.44751666351651953       0.40105596811383143       0.40317314640220620       0.41368591086160900       0.48724474303334053       0.37492572514047573       0.52543283449204692       0.44952956125347954       0.35099372484194202     
  0.94398863367616670       0.88996044374842465       0.59694282257963127       0.42886947380756429       0.71512441639162327       0.69883601355690106       0.70968601742648663       0.70497142530786827       0.98408610676644293       0.62931488221349319       0.80727068771289112       0.81165924529800082       0.70056693614503229     
  0.38508520994940937       0.38519876588064422       0.40040957668459964       0.37058503498908812       0.40642194658531400       0.37924476357109854       0.41652842184406075       0.41103972598809291       0.40220860063542252       0.36329010017019109       0.39046206704660563       0.48558976865016523       0.35706232502659624     
  0.94790771110303151       0.89586177742366047       0.62273118234753855       0.44855668482218702       0.73276070292652629       0.71578106283377763       0.72398456285722168       0.72217483355554291       0.98520804992625444       0.63624551226518322       0.81745808991228464       0.82432542202935721       0.71625927755173691     
  0.46796408453296851       0.44897365658914984       0.35166578287629674       0.44172002417451350       0.42173890356623916       0.39327720423855733       0.37202471282064292       0.47988863832725953       0.41087232726977962       0.42948266291111842       0.38628233464789163       0.40879428688341374       0.43633221140791567     
  0.95162451261126979       0.90154173084857570       0.64894089627061402       0.46972784871082113       0.75036382043110150       0.73368811760265229       0.73955250655391402       0.73948694965694950       0.98627775464533485       0.64425652942470724       0.82747814162280864       0.83597663776467868       0.73122885028561013     
  0.43508809570407597       0.43768025034442704       0.32421938981403381       0.39423397268199278       0.40563086323924563       0.36881237660396554       0.47531348734920958       0.39592507302663860       0.46975737410490842       0.53446868159804439       0.38397337550233085       0.39323859213157636       0.38599296562738478     
  0.95522470784086067       0.90719753783222856       0.67532973916158701       0.49193691288603114       0.76792114219282914       0.75291695775905965       0.75681362976134281       0.75746994428166814       0.98734931360281630       0.65256160290694942       0.83773344665903426       0.84706150929622370       0.74699274860965337     
  0.39902679270443553       0.48897929470022850       0.36409773894302944       0.43778628835887051       0.40402758259184035       0.33483634046527266       0.39989039312717245       0.46393124195645385       0.41837838492280011       0.45495821476640491       0.41136158228056469       0.41740605187677171       0.39119096425963468     
  0.95885414571092453       0.91305232292651983       0.70242809001557116       0.51540339111653777       0.78480020957621321       0.77167720493364855       0.77426066244437708       0.77575961853233666       0.98837378366998563       0.65951146042747555       0.84868148963731005       0.85622651691056262       0.76322698136146905     
  0.38939171572646941       0.40596564834735860       0.44413010528597385       0.49046127503625969       0.43579609165728983       0.40566437128785743       0.44081402985564039       0.42102565091734773       0.43525320854436977       0.42641498477929896       0.41602037316921398       0.41525332622856975       0.45083488336070660     
  0.96216909189238098       0.91870340261492123       0.73013308441383407       0.53714210725944600       0.80056333133454138       0.79034799077519202       0.79144580669751186       0.79341448740356757       0.98933576257646638       0.66601631331507249       0.85977719746165471       0.86571553051810279       0.78001944500808773     
  0.41909406294305812       0.45962546754791089       0.40403421508859461       0.34841861409118702       0.52811388139884463       0.44637187628718711       0.41449048869585248       0.38982221640537340       0.45468378088518319       0.42756220417650803       0.39653531956138727       0.48991268167832092       0.41430967933281859     
  0.96549849624832906       0.92401717499067482       0.75826729482001876       0.55950286006280614       0.81683497286836448       0.80971470912566545       0.80898931672111185       0.81079858460545851       0.99024062745240671       0.67253274873844371       0.86966619524195699       0.87633174238990885       0.79703767793553759     
  0.48607985072977811       0.48470728970300508       0.36115645835668309       0.36679350187889109       0.39279291882736622       0.51297109945165109       0.50395149048509913       0.44722196870606429       0.46186147293562518       0.39889353225654473       0.37535566137596399       0.44672919217332796       0.47707084905834757     
  0.96870896653671090       0.92920468339009299       0.78525122460339281       0.58188451650976991       0.83321756752576270       0.82891534939107403       0.82652832768414752       0.82662545479713978       0.99110855491563332       0.67953738855747858       0.87980048046025627       0.88774368335094889       0.81387626521742185     
  0.39329704922858361       0.37724329034199122       0.42343892966932922       0.34408466737485749       0.38649040878944951       0.46480014601386960       0.40376975205823912       0.43211065619230660       0.43866172304680240       0.39308004824464376       0.41319225882500427       0.41586139192209365       0.45113972406359421     
  0.97190870392663475       0.93437003856310474       0.81025965226601149       0.60584468518941037       0.84635528307682961       0.84711526760185751       0.84398766049612484       0.84291146425295671       0.99191810110515521       0.68758714077933769       0.89062797862163301       0.89967333446747455       0.82881151858901370     
  0.44861412194179695       0.41574318028376450       0.38422605501263718       0.39400393000399109       0.42488836793554952       0.42333549199066522       0.42255037687968183       0.38612543055189891       0.39368127549020399       0.38053415476783725       0.45319956874590850       0.42115004778084875       0.35552002405906458     
  0.97486087219899531       0.93954413250660984       0.83551176671357141       0.63173622547513142       0.86165932411726220       0.86469527369566601       0.86088230439025948       0.85973810662340144       0.99266854629154966       0.69548376454436434       0.90270351555155226       0.91111312480730577       0.84466785281176027     
  0.45176741841010137       0.47051409332557681       0.41666459143227980       0.39506910934551548       0.38438170652434245       0.36636315930143459       0.33018044917713613       0.48323036833943100       0.48136039494025301       0.46453249358255694       0.41157422854170517       0.43957255106307580       0.46427483744409270     
  0.97767303431850516       0.94498602288605749       0.86093510554271746       0.66268077749292054       0.87675949628629657       0.88251262297559174       0.87643519081378907       0.87655621679732876       0.99341750978817389       0.70328331073348527       0.91327765393534033       0.92221829884000828       0.86048544751996836     
  0.46266878687511531       0.43809939892785210       0.48526895010252147       0.40225143460173263       0.47642380337072315       0.50257539683303776       0.43040930908713609       0.38535952924560196       0.46432275693198349       0.46087044803595478       0.41131739962174491       0.51499936272260705       0.44199652791003624     
  0.98038220201404469       0.95084360350453057       0.88570745891765212       0.69719049048256765       0.89112146468034459       0.90060144716578394       0.89074432703001483       0.89246480138484185       0.99419548911086530       0.71149413409870244       0.92305396321180144       0.93288279171306554       0.87573458604604848     
  0.41793281328726106       0.45985863208649008       0.36153420991780200       0.43228766475289770       0.40401875941024507       0.41638007444681219       0.38768539643399547       0.37124092052453900       0.39695844287182996       0.36651926963198661       0.44388989997126260       0.46102786491935854       0.41227446439114052     
  0.98300405018087289       0.95682570045439497       0.90793373679167022       0.73290090301294075       0.90674900623440247       0.91796981817218781       0.90450609715549102       0.90769897504384522       0.99497807804792282       0.72089185556050883       0.93399188125254673       0.94344367992400069       0.89051645695924020     
  0.40052354858192163       0.51854156326714240       0.45000788933963215       0.37713261103617757       0.36101681685142517       0.51351748525445007       0.36235261727486534       0.37066151531365632       0.47959373367332220       0.42296471614994519       0.39091857867717017       0.40328407713166742       0.37854754230223303     
  0.98569213839668979       0.96290960895167355       0.92514761338604989       0.77059663237073595       0.92203800624293331       0.93404628309124138       0.91825943908913799       0.92341555512523366       0.99574731323894328       0.73303366838646378       0.94470837677428088       0.95295571152619007       0.90577674987461576     
  0.46264183542967086       0.42071780937801556       0.45162965843283920       0.37357029600821240       0.45424695312872293       0.39925549588750997       0.34218794757407189       0.42040733469753427       0.42826003873029816       0.41721972775876970       0.41537781101868398       0.34176399326092821       0.40207623610645477     
  0.98843611134402720       0.96886445599720650       0.94248627879866220       0.81130084030219252       0.93903084112230673       0.94886071169941688       0.93273153041586432       0.93940654663266709       0.99645487492835882       0.74761425273346105       0.95581750554234723       0.96242022034584329       0.92329731442161611     
  0.52972816913295229       0.49111108194992703       0.43816831955957286       0.39416455067254830       0.40686029424486753       0.39912943399132006       0.42705106089319145       0.39681888649423580       0.49822714984802136       0.45391433907692513       0.40313409510396980       0.39257100758540492       0.42441647535298466     
  0.99105824011896726       0.97511762119775036       0.95757061390366327       0.85525554038312435       0.95614941474901671       0.96279950643042567       0.94818041649478568       0.95563731036115274       0.99709074541651677       0.76446696072614551       0.96664429209157843       0.97204135868830732       0.94178533692961486     
  0.48630949198522777       0.44807281023561141       0.38608149452370188       0.38959710214279120       0.41939242059737802       0.33923485435811618       0.46695981335447656       0.40140166968830338       0.44209481255287469       0.43793785790282680       0.51021230772515580       0.41502561778935682       0.47468803157189304     
  0.99384749318249743       0.98148010107798866       0.97220832751812503       0.90163678669431124       0.97231646728355359       0.97589708704503253       0.96447984535896669       0.97151468187034518       0.99785563438139446       0.78607458602463043       0.97781181065084855       0.98180691532940501       0.96105192350044155     
  0.41248467713067499       0.47815961652221795       0.42650816086489346       0.40907456067171871       0.47210629233422086       0.40348622176436610       0.41085570251272152       0.39627122551864535       0.45113361782107581       0.43678170458974686       0.36412971500032609       0.43661470666533425       0.44017465979593662     
  0.99681768343305965       0.98935093703730881       0.98629395231950800       0.94992874020228346       0.98632966922978660       0.98791935334985248       0.98146027589127305       0.98594929529024578       0.99881600789053637       0.83483373563401020       0.98909456313191646       0.99134877563480073       0.98072600924455033     
  0.57876766377650235       0.50425609360932333       0.43289256714948282       0.38211901893287487       0.45502616347019631       0.42413599586686257       0.41523079262723289       0.39750196151718764       0.40127509173934811       0.47812250427609193       0.37167126640394599       0.43653522643303039       0.47469941913426683     
   1.0000000000000000        1.0000000000000000        1.0000000000000000        1.0000000000000000        1.0000000000000000        1.0000000000000000        1.0000000000000000        1.0000000000000000        1.0000000000000000        1.0000000000000000        1.0000000000000000        1.0000000000000000        1.0000000000000000     
  0.39438754472668203       0.43972920982356301       0.42622857809044484       0.35516741236732313       0.44835272536580273       0.40842084373327170       0.45162777399329784       0.37269760668500534       0.33509979877810675       0.36760922335420704       0.46058640764422992       0.41400298342585112       0.43718293738200292     
   3.9210645144519587        5.9933392471739184        10.053308152483025        17.381614525800632        10.816465290306596        6.5867444665908952        10.636021396664120        9.0102227740415373        0.0000000000000000        3.4818791090095784        9.4641082141825272        8.1010939406935663        10.572156452339033     
   8.9528509967720886        5.0740378089020766        6.8351382869588226        9.2251910162250326        14.503756568739151        7.4048295455708262        12.430845007433385        8.7288075384359018        0.0000000000000000        6.0404354258309576        9.9616003674528759        10.193832864723685        12.818248431055503     
   10.131509375641409        8.6228145852504205        7.5572073273000546        7.7974561560790976        3.9809545984088657        8.7430402734326922        9.9460412302080332        8.4714559330463235        7.1408589874872490        10.004952955129127        11.980561347692500        9.4330179447017368        10.441117842112048     
   15.176755710528942        3.3287199050712513        8.3149225594017437        9.3441252362076934        9.7715861339093806        13.387236264882976        13.556118061180625        12.231868513250632        10.537019841094988        10.272582042589589        7.1333479280307808        8.5769083579891578        8.2001515985821314     
   11.766013925729231        7.9856456482238602        6.9360473314105500        5.4028138789027933        11.890006922831279        7.8975922031828674        7.9337522050003155        8.1988828429018472        10.403481267550189        8.8808623326712794        9.7449726197029030        9.9152361354835463        6.0677205866226886     
   10.136877999080845        9.2192462108482616        9.6411348487368240        8.1008822329838210        6.8394358390468994        11.879184930920241        9.2862552301827179        10.252910754517675        10.206684710569188        12.465615128010105        7.5084173437651378        8.8992941091824616        8.7341578502006634     
   10.438042380850497        15.600469938736538        7.1874763834344444        5.5948116373948515        8.5862749575368884        12.972618208692353        8.9330364498193457        2.3879164107780335        9.8086672970152335        7.8460182909348299        10.170231425265756        12.155107191941378        9.5327250595549806     
   7.6104116160796442        9.7904156533078446        15.997769968560743        11.033638749671226        8.1066924193612415        9.3316391405429133        6.0376158893945560        13.677023113672696        10.481630192290373        6.4708319466939459        8.7198458031914381        8.7691779914142334        14.896944357856594     
   2.1031748595837429E-007
           1           1           1           1           1           1           1           1           1           1           1           1           1
   2.3496937291178051E-007   2.1409308160440966E-007  -1.9215560533433012E-009   8.5041053219208838        6.9194439282113147E-009   1.1583141184653023E-011
   7.0905162967802302E-009   7.2800981112959598E-009   9.6709735169328698E-010  0.31630316534749220        9.6676864867157373E-010   1.7004802875377001E-012
   5.0000000000000001E-003   10.164297209650233     
