   0.0000000000000000        0.0000000000000000        0.0000000000000000        0.0000000000000000        0.0000000000000000        0.0000000000000000        0.0000000000000000     
   8.4866459572540600E-003   1.6073665651002440E-002  0.22328874610854585       0.15361945392632431        5.5164424905153525E-002   3.7084463377036803E-002   1.5339439437967464E-002
   5.9310738026412988        3.2407063343116005        3.3585965847973860        1.8516762547086225        2.0090987125660265        7.1502407288039693        3.6874688730379992     
   1.5078523237754169E-002   3.2290194963027048E-002  0.27197022302276097       0.22566987357001408       0.11109004317323284        7.1005471288864253E-002   3.0269750997416550E-002
   3.8536731941163533        3.2185614994016394        4.2758453079973489        4.5011799149365883        4.1216511604013748        6.6698520446174410        3.1265214480008785     
   2.1960784640433658E-002   4.8712491495692567E-002  0.29799734791483590       0.25691276602497953       0.16691449355040769        9.9262421896668451E-002   4.5453495449392707E-002
   3.4371316056869410        4.2953920972963671        7.6844652630992734        3.7885484565295742        5.7090992263273579        4.8801214387565546        2.8844076513433956     
   2.8398335146523158E-002   6.6377065397616689E-002  0.31400356420227377       0.28489577158509943       0.20447323161950665       0.12578960070818851        6.0714941341274468E-002
   3.6947918934067268        3.6127122406965340        4.3997044570648010        5.2190644859278805        5.5652996453592181        3.8934139386605966        3.1205247122354574     
   3.5470720918424271E-002   8.2916973809321934E-002  0.32219755520996601       0.29802010845901733       0.23721162742046509       0.15098642530388037        7.6816155453630838E-002
   4.5753479725865818        5.0345795397582052        2.5338641495772904        2.7607309548667396        4.8732551800824249        3.6192191289359870        2.8856852413173271     
   4.3302548007597266E-002   9.9083001984760777E-002  0.33118763889315395       0.31449507887997608       0.26411571283623853       0.17664930430845924        9.3708462948925805E-002
   3.0464777635260685        3.2250200848817618        2.5744804813023308        3.7385651529876616        4.1252139228088938        3.8460654132880978        4.8522931244774785     
   5.1475070992326163E-002  0.11418649533797870       0.33974098228748673       0.32476651714639465       0.29235454422031204       0.19857495254958818       0.11038217672115672     
   3.1120397206930654        4.1672550466915563        2.7437719417915747        2.4281681571281832        4.2721053559034168        2.7217333572796627        3.4399271499093635     
   6.0097346483384086E-002  0.12889079167134188       0.34812347164978036       0.33487625759913398       0.31202683648686075       0.22029045659037413       0.12653083133679088     
   2.9638978803098590        4.0000854517899054        2.4137616121126477        2.6466185820002721        3.5228197107538319        3.6859342688450125        3.1277456122969594     
   6.8988211259508686E-002  0.14347749948018484       0.35556594197663660       0.34207261832015790       0.33186098238799094       0.24046262557397652       0.14198090699159985     
   4.7160816774002319        3.5987963664809390        2.8390646489361449        2.1753274652245116        4.4133951349986038        2.6035725211586045        3.6937359702491785     
   7.7942600852403648E-002  0.15845383121724343       0.36353063868483793       0.35043026440806802       0.34664453567048592       0.26024438531479827       0.15650644333986047     
   3.3627875710294881        2.8487693258225044        2.7974232454211077        2.6408372271734453        2.2753631406721118        3.3939556563668809        3.9095826778804508     
   8.6699205243686947E-002  0.17362602877207342       0.37155703797194722       0.35930032344286800       0.36230690727925247       0.28001085114782603       0.17174118079895598     
   3.3486747572101128        2.7961132741835133        3.4434708470637969        3.8119601485980628        3.3723449046713312        3.9947439067121535        4.1197287797983000     
   9.4933327168453860E-002  0.18895488375215622       0.37946623708088351       0.36925626444774773       0.38057186812995114       0.29651212291938905       0.18785256324295194     
   2.8263014398914073        2.7121145348404907        2.8527428821812468        2.7935170139951264        3.9101441804821855        5.9588250123727260        2.9702140724724786     
  0.10251969739587409       0.20390718584801018       0.38746963310465415       0.37877252534949735       0.39773384688131941       0.31597589521036051       0.20443939849496867     
   2.4559857385780228        3.3776306621822538        4.2352637782058045        3.1911742444689661        4.3756439330151773        3.4175994912969268        3.1982755714686708     
  0.10961184726954529       0.21883771714840208       0.39565959613226520       0.38743588478224694       0.41554679600233957       0.33584021335775482       0.22087929281149543     
   2.7429114771186773        3.9707464501028986        2.5008520924487478        4.8667377817487072        4.2166808828363980        3.7998840990718632        3.4672628359291400     
  0.11697304354552858       0.23542839730511469       0.40387184940216275       0.39739028219046157       0.43251905719487171       0.35515526387166180       0.23714112224403230     
   3.3067103740151929        3.2942885186694522        3.5820738760650443        2.7839801884525501        3.4397541067749744        3.3840935530797860        2.7346845501975570     
  0.12538061975586426       0.25205954429011879       0.41216040450885782       0.40721822500758964       0.44688739383453685       0.37391726243748652       0.25263272445276685     
   2.9368832063849957        3.9335441491404981        3.9637859881597870        3.3434727639656447        4.8643711193467212        3.4548160648778663        3.8344711827031981     
  0.13461622320994737       0.26929131701589293       0.42052723776563311       0.41362240322703608       0.46101210866312914       0.39244549422382558       0.26761321813341638     
   3.2603066268561798        4.5368537780902907        2.3573321299203109        2.0893528041364311        3.9154549707607424        3.6103855015516366        3.4973799914293213     
  0.14418294179369906       0.28698760773316345       0.42876393021067188       0.41990283497064357       0.47445377908281194       0.41110843905949246       0.28259747593747969     
   3.9492403063027859        3.5079551006992475        3.1931268652710898        3.3111654557796895        3.3876692071197132        4.1825421101195168        3.8170984603074634     
  0.15399819501289572       0.30272399229006053       0.43692569493238403       0.42655631447008430       0.48822399347651535       0.42920575556842760       0.29758029863347163     
   4.5137574112318495        4.3182189469071695        3.1835893106268780        2.9248751108337681        2.8773006989598042        4.7489139183318407        2.8684766702123321     
  0.16337974932544430       0.31772958993529310       0.44512543198343990       0.43419762871159417       0.50195475696693359       0.44578794151573831       0.31289625487430578     
   2.5606401662552205        4.1500319566163908        3.8486815608189962        3.4575248373575085        3.1157212807895531        3.7184490568013175        3.6636712181792896     
  0.17289006365445939       0.33227289678295674       0.45338843813406460       0.44250582996191101       0.51514041714738446       0.46226572563282115       0.32855764587583064     
   2.8687807831621415        3.6977973340547212        2.5285447658603029        3.7629236988931765        3.4117014075224494        3.5696550127460718        2.9758634568769744     
  0.18273854814417609       0.34598877396299388       0.46159287939637422       0.45128033575513182       0.52768600298092216       0.47839903204253148       0.34525920846327329     
   3.1435527571891266        3.1075114659268035        2.5339642838777490        3.3263374893937065        2.8968088231886413        3.8412752431293193        2.5660515710193592     
  0.19222848816448032       0.36179054871888133       0.46982204224443946       0.45967812183431478       0.54042312699225525       0.49441336165550959       0.36280614091451985     
   2.6872497005641982        3.0329188840973278        3.3644830231675678        4.3324920937018119        3.4745920071708194        3.9879852606631134        4.0188315049775838     
  0.20163217066114114       0.37714011127144093       0.47771420942643933       0.46740795208031788       0.55361746863926831       0.51042489414872771       0.37839499071922683     
   3.6092251929378123        3.1030736798274687        3.4752597633772488        3.8795676625489857        3.0392443124305775        3.5702740832954443        3.7396460830372988     
  0.21092159948404204       0.39237225675208309       0.48393278616087332       0.47490525545506618       0.56704796713728411       0.52558707340832289       0.39218550157329451     
   3.2009349972017924        3.3301905080005900        2.5459067332178664        3.0551855147431910        2.6730259548549644        2.3955094637307610        3.0703783451690572     
  0.22095987443246906       0.40711939022070132       0.49001341157558181       0.48253037578492686       0.57941338108295959       0.54008953132671911       0.40671381083934383     
   2.9168989049363407        2.9058020292619147        2.6087317909818686        3.1786624654316498        2.9557061406937724        3.1828936606042553        3.2129579983481458     
  0.23130448636607745       0.42212265091896889       0.49609147349844990       0.49011043489150413       0.59133583231139941       0.55451708114620324       0.42224437735825288     
   3.5463844862930625        3.4398388264960045        2.1914743585800105        3.1257289200893768        3.0329571672180005        3.3992912511732940        2.7948964106129881     
  0.24200819117171860       0.43803949435553524       0.50566509482564648       0.49768512354096750       0.60281251638723743       0.56941595017774349       0.43897181754755421     
   2.7000550906828269        4.6422765195351792        3.0318565512304132        3.3199456496715816        2.7812493896469359        2.7575277689006792        3.4382074695697793     
  0.25268050451362123       0.45467058603871724       0.51462084769849015       0.50543778451586285       0.61480927586678347       0.58382193940486726       0.45534453899251803     
   3.6044545815038100        2.5137935199842194        3.9306034254745774        3.0317120790377983        3.3239358891679505        3.3678243661454021        3.1840654626797531     
  0.26410934388257229       0.47211405359332298       0.52411022101458171       0.51338714132419150       0.62593027497122045       0.59495647263940554       0.47149444287266190     
   3.6641238844921680        3.1947680033888313        3.2814710255557449        2.9484074076322622        3.2140967536818597        2.6011838843183632        3.1925400872517176     
  0.27575380887360029       0.48796772071958716       0.53348790963624759       0.52117383901597281       0.63682512980581296       0.60444169550861271       0.48808893606911224     
   4.0212186384064097        4.4330970693019465        3.4575884342585685        3.9031104240438008        2.7785890665607402        2.2719748933718513        3.0963720571042592     
  0.28755332202792072       0.50381311093553649       0.54350557174316561       0.52840698801605823       0.64843171328112681       0.61340956943336955       0.50424848933263033     
   2.9269974971557700        2.8058280333967054        3.1562076851040026        3.3537556956902161        3.6222879735750664        3.0612435502759179        3.5818937451938999     
  0.29932039226361212       0.52036858222354199       0.55353867146023639       0.53548512472448384       0.66137367862603658       0.62794839246088230       0.52031230396888628     
   3.4650184301650104        3.8250006396535285        4.0454819536233648        3.1388954959213327        4.2143728860560508        3.5373538079329423        3.1875423299747521     
  0.31196150751573859       0.53691453620629204       0.56452659955383577       0.54261078720921141       0.67441870936430570       0.64171384016402677       0.53511811403666709     
   2.8090435946078731        4.2673886236726979        3.9423802705489259        3.6081723151511675        4.6249956953963132        2.6500180142562528        4.9769955804068928     
  0.32503197650964599       0.55332637134917573       0.57578199987631340       0.54972445636105260       0.68561751565781659       0.65425652402034506       0.54842138947144758     
   4.0116837792055442        2.8702268576788810        3.6123908078105331        2.5710267869484609        4.3068344434762338        2.9154541263412108        3.4424115620017157     
  0.33812235360479082       0.56923528578799021       0.58654644907562647       0.55696520265638116       0.69597901382590299       0.66723772414008453       0.56365698471836234     
   4.2835502845847673        4.0900478255662156        4.0301892146758052        4.5438891721779386        3.2232898743435365        3.7067382850987181        2.8276446689593011     
  0.35242431973888899       0.58396119113982925       0.59683902066616057       0.56376964656744311       0.70674847260023632       0.67804083912217916       0.57934887250768230     
   3.6561872640261379        3.3918238621887697        3.3978881330786845        3.2332765661964507        2.4946196912413336        2.9434924604142987        3.3414594091190106     
  0.36225300305196917       0.59815189402042790       0.60600203212751647       0.57072983663563193       0.71787902015120186       0.68924226128753008       0.59194347893207633     
   2.9818361985976649        2.4941188622056933        3.1868905774270804        3.0060873548609659        3.9422102148688896        2.9708135392176787        3.3392455039575433     
  0.37098723142148748       0.61172061264691591       0.61498609638739088       0.57697907655703773       0.72897717531614170       0.70036314730872318       0.60423443434219726     
   2.4538027910849203        3.0355929695044761        2.8951041949306009        3.4191763647888433        3.2744412873597177        2.4126444670139144        2.6871922024294270     
  0.37943358062440830       0.62502911356305879       0.62349300667819219       0.58316337227515735       0.73966818223069886       0.71160089811505467       0.61763146513428047     
   2.6607215235748742        3.0028864209225987        3.9817006070961778        2.7726306886319452        2.7811216361632831        4.0596550650057877        2.6148036943579691     
  0.39204357494200559       0.63758118779832151       0.63224950561216009       0.58965257989613873       0.75073798138400338       0.72332253604587859       0.63098441318715359     
   2.7832277221544457        3.3851011287030346        3.6905455525589943        3.9032104717503446        3.4552611768983312        3.8102514489907349        2.8913040910685597     
  0.40749872577446788       0.65136542535371522       0.64173296583780381       0.59627767365658912       0.76121130697093875       0.73566034651031165       0.64601583663981899     
   3.8129481898774058        2.8921032970683238        4.1406810942797039        2.9103723440932994        2.9446461909097508        3.0164237239639720        4.2188308303109983     
  0.41999624312017059       0.66536199351925396       0.65128911252576449       0.60244762643301120       0.77176958770992310       0.74760866042404672       0.66109258623179890     
   3.4968449193246913        3.7118296282931178        3.0052405543692111        2.3541692396600418        3.5907191753845629        3.1727659373592871        3.9281073248797744     
  0.43146632838166105       0.68069816994141541       0.66193694986127516       0.60846026478629167       0.78183873271064142       0.75880551541706687       0.67546761813399603     
   2.6919815051257610        3.9676625285444378        3.8143803967855012        2.8905568954819150        3.3219961962146058        3.0034576278165801        2.3915614393545228     
  0.44333183214799060       0.69707879304621856       0.67261330172709266       0.61503336316292490       0.79170746273335924       0.77042130174812429       0.69075829597320837     
   3.0437378402680992        2.8552957739822498        3.0286786554833935        3.3325478912156341        4.1317138974938405        3.5054027456816526        3.4941003764733005     
  0.45607369821980986       0.71468078884521546       0.68419137587527601       0.62141332067668664       0.80194179745733596       0.78233394221175023       0.70607584454236694     
   3.0248117343884564        2.8279187028911901        4.4151078045780956        2.8273771036872359        3.3127392365953545        3.8292618228369872        2.8876030448250800     
  0.47086705503572429       0.73140577947317431       0.69646257712097526       0.62837604465221275       0.81233641469307238       0.79528607566050413       0.72186565302980399     
   3.5536395678778345        3.0066664712444542        3.5789290386860086        3.5401217117013806        3.9988421942694328        3.3272191896322791        3.1436933386733017     
  0.48653187488829264       0.74738581911985102       0.70879763726121969       0.63514833317265795       0.82316840217597897       0.80850993482968614       0.73866834480770027     
   3.6557177381146189        2.4741963492173866        4.4067035279071032        3.3382361632212700        3.0445671187565102        3.5834417372917344        3.8660869870038468     
  0.50396148603585544       0.76404265034318408       0.72127489428010827       0.64238277172730784       0.83398129296682222       0.82146064514948136       0.75635677528251966     
   3.7959944475271961        3.1196125959422361        2.8804035817042304        2.7255664778550313        2.5150836462922364        2.9316596578497292        4.4092097987343353     
  0.52159814211171618       0.78079072342269851       0.73387875743625564       0.64964659493762866       0.84458158707993314       0.83395267807279838       0.77414691628692889     
   4.4623043566261895        3.3505166869580800        3.5588221254071284        2.4171021587357373        3.3789408803152972        3.6012209951985006        3.5420580627613951     
  0.53835361601434262       0.79793903867363358       0.74618208338131686       0.65729799176929804       0.85523336230696567       0.84629614804879882       0.79105031054761243     
   2.9582263503928945        3.4274221664913984        3.2773990049306088        3.8217240774268557        3.8496521034813629        3.3691638670044397        3.9964193402111037     
  0.55586797062261173       0.81562778433648930       0.75865281581055322       0.66522281041091680       0.86635541299695928       0.85859123547130423       0.80747970654935775     
   3.2259702198035627        3.3307763792107092        3.6944036292721183        3.5730085445373061        3.3714687939100281        3.3949770473144945        2.4983352636702381     
  0.57294362054853210       0.83379197063839050       0.77254710469456722       0.67337685990803453       0.87798484506105767       0.87074534539959580       0.82374210338323450     
   2.6508246750629612        3.1935210973731749        3.8760366933199286        3.8129493281512681        3.8039109165071392        4.8269349765037370        3.8097304705724553     
  0.59324539356309380       0.85190850959161557       0.78767142977064197       0.68166547905683716       0.88964584881914499       0.88254675236171565       0.84006945128604515     
   3.7124594773037010        4.4294449527149826        3.0359916812976899        4.0258633589496178        2.8686247954703465        3.1240851967159569        3.3129680056384045     
  0.61644883170786824       0.86964003798607770       0.80332096410106069       0.69007710294158808       0.90110728628720660       0.89428950484651681       0.85686963656729098     
   3.2081459384785753        3.1528680506493370        3.7799338398598770        4.0490116701228898        3.5344652931731213        3.7488015880585808        3.5665747030325381     
  0.64371608708790373       0.88404420388644711       0.81978499446884190       0.69847208638650260       0.91240913339235430       0.90615743977218421       0.87517018505587107     
   3.7879838980567659        2.7661913424765485        4.4180716655059031        3.0666679782853619        2.9198898958227502        4.0066721991445542        3.8672963589654947     
  0.67324705233644655       0.89735601949954147       0.83505690541945132       0.70794738849473327       0.92311371076310123       0.91728165198060119       0.88928351070847744     
   3.8317218365923731        2.8428009584796765        3.5468892446944329        2.9871250596980055        3.9513619287015866        2.5991636812204626        2.8729840434020901     
  0.70598201070351996       0.90871390959971698       0.85014146470606122       0.71812840236335618       0.93395757013006564       0.92745754409878445       0.90147046473092318     
   3.6800308611845725        2.3510382850988374        2.6133546908184324        2.9167130966326797        2.1832361662372657        2.3242451019866150        2.9891261714812765     
  0.74140675070198903       0.92145787562952475       0.86577836043575240       0.73033515642044988       0.94480132769013481       0.93758436980650361       0.91452850345923498     
   2.8917057989591362        3.6343781837662386        4.5919747319811135        3.8310800030650300        2.6206735436959891        2.7097023931637501        3.4392167042209270     
  0.78206937209811545       0.93433713157669973       0.88339265487718810       0.74307227620320526       0.95566724475861864       0.94881522750734681       0.92882214273665265     
   3.8225263680230768        3.1525269050592399        3.4875406051455125        4.2633817799698521        3.0992739121260273        2.3669260602849755        3.3856757285392791     
  0.82878552843229958       0.95027339050143844       0.90474862879423146       0.76146166275531457       0.96638527467817781       0.96175348804406990       0.94739097584638376     
   3.4488988398930824        3.3571790619270994        4.1465903162538238        5.6868919793888297        3.4589500209692536        2.7314538512716604        4.0960412651299984     
  0.87895667028678537       0.96599674616823916       0.92699303215133622       0.78753082266015995       0.97725727522270245       0.97471572648425542       0.96412618489402202     
   3.7801252980346036        3.7245288755312456        3.3290961627857869        8.6184045538551093        2.9361176789617116        2.5285464360628276        4.1989617101175103     
  0.93601051645647848       0.98334644710312269       0.96111411638547051       0.84992850985317636       0.98867391143287120       0.98720452713712159       0.98209998996365877     
   4.2993128942388115        3.1363274750036343        3.8707622517921401        7.4853431723348258        2.1482610885563256        2.5024168365093042        3.1867863423211191     
   1.0000000000000000        1.0000000000000000        1.0000000000000000        1.0000000000000000        1.0000000000000000        1.0000000000000000        1.0000000000000000     
   3.4817743569980952        3.4781590159338664        2.5343670229282154        3.5183821489543488        2.0589673545332330        2.1729341951910293        3.9633947265432110     
   14.037050776808716        7.4873018619499421        0.0000000000000000        14.977608539439638        9.2110266391428848        7.2744745591726341        8.1447334396268385     
   6.6841373242469126        7.2357754988547516        0.0000000000000000        7.8655838612505269        7.4062326320075753        7.1302324897418901        6.8310155318107117     
   5.6963593994973598        11.991295702464296        6.4188704175870095        11.131885989217455        7.0266105286231699        10.347563838961239        7.0187121233223140     
   5.0448791854987380        7.2621105666253687        7.4053376106906663        8.1005413618292614        7.3477884847663306        7.2973177328633003        7.8966747010204585     
   5.8151191581950235        8.0520941394370045        6.8467288557634767        7.4575937713559250        6.6873941017955225        7.3387683584692889        10.519040749830584     
   5.6257638767327975        7.7354119951256539        8.2716706652456278        6.2376766060771960        8.0452356701459049        8.9645570484275865        6.4068075567933720     
   6.8629352176931651        7.0028464624143076        10.134419671760545        6.3177139426438798        10.080490950388020        7.4638305871137787        6.4374392457300758     
   10.019387372941619        7.5863583345400576        12.269537504403212        8.4389516478729902        7.6240662459116963        7.2148903777342532        6.9897178790684640     
   27.208699835807007     
           1           1           1           1           1           1           1
   16.277625266355543        13.809811465796628       -1.6266157206086741E-002   7.0639544417936335       0.17299254218335450        7.7938125547743901E-004
   6.6118039442925519E-002   6.6066533863070889E-002   4.7968701670309940E-003   1.9693731199594569E-002   4.7955460054753350E-003   1.3076179942445897E-005
   5.0000000000000001E-003   8.8933901318351616     
