   0.0000000000000000        0.0000000000000000        0.0000000000000000        0.0000000000000000        0.0000000000000000        0.0000000000000000        0.0000000000000000        0.0000000000000000        0.0000000000000000        0.0000000000000000        0.0000000000000000        0.0000000000000000        0.0000000000000000     
  0.18893362605458938       0.15520965746597123        8.5648935455795543E-003   3.2293316367639116E-002   1.3381135423205862E-002   1.1296972436623622E-002   1.4113194779625067E-002   1.7259269071641277E-002  0.61339072038314424       0.10265386518996643        7.2135143312936217E-002   5.0406202115982658E-002   1.4443993775945430E-002
  0.32493579975247922       0.32493579975247922       0.51103151826209625       0.35576725263898035       0.38418275800403379       0.36150130493521820       0.39226742377662049       0.44367240666051111       0.38129931304951542       0.36150130493521820       0.37487596408932844       0.37801933000195348       0.42248618028029938     
  0.30616247499160920       0.26505340766227259        1.7170795008422706E-002   6.6269772158934703E-002   2.5228885258201165E-002   2.2305483951256040E-002   2.7571601422668100E-002   3.5124269832680757E-002  0.67772482006238965       0.14446611953246247       0.11971980864197522        8.6190931303574497E-002   2.9639348536262849E-002
  0.38352687546913256       0.32493579975247922       0.54551484005238771       0.40219438087995585       0.39221459984726864       0.39291401536048703       0.46613299955459198       0.48508444687784852       0.43314557044920571       0.45638225101304525       0.41715708243174321       0.36182392201295860       0.36835103362627081     
  0.37855972244112479       0.34417004332588541        2.5192275151065282E-002   9.9713052284866627E-002   3.8873690348810191E-002   3.3220605732239825E-002   4.1933176439907204E-002   4.8279391963270128E-002  0.72451853977547909       0.17072344617830165       0.14795900565426889       0.11632098863184348        4.2237094535295394E-002
  0.36924907990951999       0.47282806637658287       0.49234997901020500       0.41720600038392830       0.44042390136679704       0.42758922071516559       0.44303596138865375       0.38627063928485511       0.47623843764892659       0.35746953883696891       0.38613806475227347       0.43511137988875070       0.35058652887893788     
  0.42337003328700035       0.39978567049026903        3.2870823575903714E-002  0.12988640539488683        5.2767696763532171E-002   4.4203562250257539E-002   5.7456463066724542E-002   6.1408873050098234E-002  0.75747740242365036       0.18990004207985872       0.16982844909047204       0.14667063330167943        5.5531351438449519E-002
  0.40466585266640220       0.45271356077036234       0.48801492567439031       0.41949342496209086       0.38576863705307207       0.44213370934765717       0.42469497006303963       0.42321971425382970       0.41284742312504202       0.44456691271876020       0.38129931304951542       0.41872863854651915       0.38270737617808281     
  0.46181057785539942       0.43953952829323817        4.0375225945659010E-002  0.15917533376141008        6.7553073214667844E-002   5.6045891291814316E-002   7.4047468449169346E-002   7.4098041908160536E-002  0.78014685885128432       0.20622541044864362       0.18694753500714381       0.17714820092772346        6.7811381745881957E-002
  0.39645129753347036       0.39947169328549703       0.49008439083531541       0.39133336885570186       0.44692142478762992       0.50274370233490007       0.38374120331857581       0.39863256073122361       0.44100950657345456       0.49887099042515914       0.35482632328766328       0.43998623014624205       0.38129931304951542     
  0.49539458102378980       0.46679067407683111        4.7562389991317885E-002  0.19027786062613944        8.2030002114746758E-002   6.8097664477479780E-002   9.0280204910401216E-002   8.6985102176376075E-002  0.80089536374923920       0.21677942688428067       0.20625993117420993       0.20456522022327636        7.9723652451593574E-002
  0.40195355856587806       0.41187947065120334       0.44586565597392902       0.40357938384322406       0.40798276264439515       0.43076892845390574       0.44609309360805482       0.40522845448654338       0.39063231513968633       0.40449886293788317       0.45040246844631954       0.48568235120077036       0.40198687365313279     
  0.52447132765918247       0.49180538619066649        5.4614422185384329E-002  0.22311786145850540        9.5980592250552887E-002   8.0690122234363712E-002  0.10707634540865758        9.9415138335127190E-002  0.81889034511548342       0.22572254891004351       0.22280460164691734       0.22754604163129341        9.2257938520577898E-002
  0.36778285485496381       0.39284253746914977       0.47686730589771936       0.40285916813384970       0.40366289535244726       0.54298611577240896       0.46054480890996302       0.36090767304851118       0.42334130666476333       0.48669658135171417       0.41048716396275037       0.50195472715745593       0.42144438414889412     
  0.55041646262370292       0.51618179922209706        6.2044395774857514E-002  0.25453775060890821       0.11129217061331881        9.2893345691289764E-002  0.12298836733128982       0.11263900481194142       0.83261684337305653       0.23431195948541200       0.23791167755179266       0.24578096963731866       0.10678644952653366     
  0.45022760351067970       0.35059645298491998       0.41951502521696171       0.43675378509472962       0.45558611807538224       0.40736985762129591       0.49631443933287978       0.41156564452136252       0.41516807489025515       0.46069416727649576       0.38404027130441121       0.46296878476854214       0.39328080423522599     
  0.57285768891125832       0.53938464480898918        6.9892994487612450E-002  0.28280859116343188       0.12808117310204611       0.10597695293388558       0.13743433966305507       0.12662671412123169       0.84334360567299049       0.24246188724484269       0.25458188521755037       0.26262196611249833       0.12289732029089780     
  0.35438003571520493       0.41071001695432985       0.43211171458627851       0.41116094278510584       0.41771569973998979       0.48818195386198643       0.47078264066282749       0.42807973702238711       0.43083664688515988       0.45748041716251947       0.36505151663748309       0.45441378635098068       0.41857869677222054     
  0.59325526015542074       0.55825711233598985        7.7879871663752889E-002  0.31192190644686002       0.14277976984039017       0.11939485561152854       0.15295039218817993       0.14027290385456440       0.85131716276372038       0.24990085044997501       0.27234194777383836       0.28022843235794714       0.13966144679449508     
  0.45501875969790556       0.48521631590279057       0.45014491891189068       0.39508936688220336       0.40296547635353308       0.42683777965067538       0.43131531622750979       0.40648810265720897       0.33758229991813421       0.40173465368976879       0.41299606598564192       0.38581167822684376       0.45732945244318540     
  0.61292023744645452       0.57523751239933962        8.6740598094986424E-002  0.34109856998745508       0.15592075577559636       0.13342581266233636       0.16919423400695999       0.15499174016659323       0.85977388818633216       0.25746164790051446       0.29260905361332440       0.29790728892688451       0.15523745369086309     
  0.36165246379014443       0.55843998355814095       0.49901586988506502       0.42526418170948865       0.37166049224037317       0.44609394358639221       0.38863059143566614       0.39632145895908794       0.36876934681619150       0.37253116068219477       0.47346354297920834       0.45982715591895956       0.45077486777871656     
  0.63099510852692120       0.58844747576045175        9.5074359193891428E-002  0.36148786615304329       0.16909522309080180       0.14692953241963236       0.18579193784255926       0.17002766632811869       0.86672360595607556       0.26490299223228320       0.31235720209896861       0.31533453904318470       0.16995835113967345     
  0.35076931334962980       0.39689966498322299       0.47998135916861456       0.36183370827893147       0.35938431234364732       0.42804853108955593       0.38375353511976967       0.43313978823576532       0.39286382141419157       0.47563515105476917       0.43523907762160891       0.44804094661509947       0.42797512967406826     
  0.64608400072631500       0.60092539478032092       0.10464826677968114       0.38003693055708987       0.18257404793993098       0.15986828459551392       0.20182886448382414       0.18700763178431148       0.87316100257833140       0.27258186510088983       0.33186160234568213       0.33140571738344904       0.18608305523765889     
  0.36685128928914645       0.41497642212549452       0.52419464870395038       0.39270216951138565       0.47123815015676473       0.41643399110308793       0.50705292053363227       0.44838129586454201       0.37625391547891546       0.42340455166784441       0.40566055428896391       0.43998722849626487       0.43974287837345394     
  0.66095012599051783       0.61339540851702945       0.11446979066020765       0.39765025545686344       0.19734520352305943       0.17267776667610907       0.21687775303984100       0.20512876223346482       0.87941844588718932       0.27970568538872898       0.34938263005796638       0.34845587432389646       0.20288305293862605     
  0.41687170508555887       0.48714040317540780       0.43809759986112989       0.35630929324411026       0.41989161258592717       0.52354707288536151       0.52599727237790783       0.46348655594571120       0.40418024452451412       0.47697825184182069       0.42482821090794592       0.43737032950545329       0.45790121538070122     
  0.67576049935154980       0.62563925995407976       0.12386661937781718       0.41675975974371404       0.21298902307784906       0.18541953203411526       0.23089469674714999       0.22278463380635494       0.88495002145598434       0.28659816336461708       0.36572213545128696       0.36825006784956427       0.21859515426706233     
  0.57288604367291396       0.34273125861334852       0.43464101222543061       0.43730851837016887       0.43030105605053398       0.43200101441910405       0.45642816388734936       0.46192010398958511       0.36989510166187728       0.43904384131143687       0.36260216826872960       0.41285002890214090       0.34986458462776859     
  0.69022150225851220       0.63733583282663397       0.13306791997756695       0.43508278122353172       0.22904228864185050       0.19832222994180007       0.24535102854104396       0.23937962959688522       0.89053776276851648       0.29329554456465112       0.38159923571510890       0.38768515039310858       0.23238763763420922     
  0.43944890177958990       0.44913463911713086       0.38724113398007520       0.42542313573859025       0.47090645016192839       0.43247895875201664       0.39649718503245707       0.40265078471793825       0.34830921563919937       0.42157570427290220       0.40486347320422683       0.45550767676361648       0.37769369350767557     
  0.70361779157419657       0.64873528008577341       0.14321673219361017       0.45260029527351320       0.24450343189004931       0.21046594205933472       0.26025477275960340       0.25867642475046299       0.89632773337113580       0.29993347934965092       0.39781596228352251       0.40563126238524633       0.24490647780899230     
  0.42912024616208883       0.41391259557533322       0.42231688203228135       0.36269075926302646       0.49477154966169357       0.41124864630783275       0.48653895062028746       0.46705955713270536       0.40963378528348260       0.49001056501785556       0.48492285788009376       0.51592215603613378       0.43041395819079187     
  0.71668269893670666       0.66059116658511863       0.15374800946006714       0.46952158870341482       0.26039845912060655       0.22213822768179226       0.27480308136942722       0.27770927440503473       0.90208804639012619       0.30603514258018871       0.41318389737710226       0.42271345530703119       0.25804413922085168     
  0.39129058775552400       0.52451476717094847       0.44283255980312980       0.36972938922521448       0.46869825792355968       0.42065642011746374       0.40898989857077722       0.39566483849658490       0.38252544356675861       0.44810186118562279       0.41491195730944092       0.45012164114807440       0.42353183257099197     
  0.72899687007765657       0.67161130411287540       0.16438915154511829       0.48517086198438858       0.27662185350700674       0.23428306382090491       0.28880036244440521       0.29743818141185036       0.90744158348618553       0.31189874843860926       0.42795044763249146       0.43902199678449433       0.27239754847568937     
  0.44471862973450871       0.37095579363491898       0.51873208878986787       0.35146151961873406       0.41629625228496209       0.43204662932782878       0.36691255710213649       0.62646824391918254       0.37737953035389282       0.41473466006844312       0.33235428887166507       0.42098326345028880       0.47329716081919287     
  0.74222685517613163       0.68149267413015013       0.17500569791519999       0.49986316407982950       0.29299030142229970       0.24539587556068851       0.30247423944834279       0.31715115598385524       0.91248187281099669       0.31782303193492961       0.44231253721433200       0.45377341952110151       0.28655058763056218     
  0.41838147248205293       0.47181287971727548       0.41451216166298233       0.36150130493521820       0.43949432446346370       0.47885036362461270       0.40810566396411146       0.53718094073187106       0.46981567675614372       0.40919136337287881       0.41171039962407280       0.42247265758640051       0.39483518356801311     
  0.75379951504004994       0.69006715398507634       0.18533121859520765       0.51364492465517986       0.30801032633327302       0.25643443044697678       0.31602115558668392       0.33573180398937424       0.91669994843389957       0.32310831210287344       0.45653732407123149       0.46828337407520881       0.30070653273818548     
  0.49900249147971171       0.37139835061308940       0.40682164797975112       0.33768429776038966       0.48751015118234137       0.40919061114270694       0.36580650076043952       0.47217200917049856       0.40799541242176507       0.43030011996699252       0.40685622059004067       0.45008029421505286       0.45298968087677166     
  0.76621471775783834       0.69734040574690326       0.19502385053652388       0.52756916906919438       0.32306837501704405       0.26612556537535142       0.32848743274899594       0.35331266704086323       0.92062365530350498       0.32838328202177225       0.47064433581538884       0.48319411339524326       0.31438436971370193     
  0.47815243805847751       0.35921720091898124       0.40682904037132972       0.40883771601764235       0.40146579712964475       0.39801151271144453       0.38287038285990288       0.49183396566420018       0.38533379461251371       0.42926154769451758       0.41436440636232547       0.41171174107543879       0.46836317563467261     
  0.77878427449281062       0.70426270878973718       0.20481043966945106       0.54657146376697496       0.33893922824286626       0.27591590111329639       0.34005339927389006       0.36978440153343489       0.92464595744181044       0.33396384834109827       0.48456575289237358       0.49835605958863655       0.32806900031596942     
  0.45511264468463297       0.35353465927998629       0.36633073869393667       0.46986316160849445       0.46195741019222453       0.37123637354999778       0.49960134509705001       0.38860965359300487       0.34489026073613632       0.39367267254818550       0.47350749749100868       0.45770509739032628       0.45394147231571741     
  0.79036091980653145       0.71176174340774567       0.21626794019518378       0.56648475976979096       0.35493773292033959       0.28502485322140098       0.35301286367044560       0.38567297781691301       0.92856621271975437       0.33935349496836420       0.49868460890597133       0.51358311219494035       0.34249843389828921     
  0.43692888709597222       0.43692016180750021       0.38443261780552923       0.41542613233506115       0.38156339198933892       0.37716833007917933       0.47787596848643121       0.51685497134320890       0.43240301199652048       0.40178910321633332       0.44785947480423632       0.46376251999642748       0.51686749159049039     
  0.80099115510952124       0.72013371991012209       0.22853135987983444       0.58611466715507599       0.37104331643444433       0.29403882085625860       0.36661987948951508       0.40074463894396761       0.93221065190232821       0.34439580855788748       0.51301513403180421       0.52775601326865584       0.35763632821707370     
  0.42339312412351515       0.36471622984826874       0.40821928343052505       0.45430984082383347       0.54390950815475270       0.43392577310794367       0.39944780285002740       0.39659634871255917       0.47363758610967110       0.41525586932941172       0.43302817419973366       0.39529520025373865       0.45211452211280545     
  0.81086522163733732       0.72952998001615521       0.24096855982883816       0.60545070196569650       0.38468142863006372       0.30405603811234810       0.38119206115222570       0.41578094668187998       0.93576337097879980       0.34973646676075826       0.52873504165000118       0.54089529233322142       0.37201316874678669     
  0.42962085108200471       0.48692252371210398       0.42022338846863483       0.45343103144323571       0.46015182983866454       0.38830578366317398       0.47278946503899366       0.48536240170138595       0.40595875705415246       0.46473342067603263       0.41114609809896169       0.40457596298247211       0.54823703240301358     
  0.81976471948962382       0.73957190421202279       0.25326173478514230       0.62337965603260892       0.39985455715020601       0.31456921745773470       0.39773997796063909       0.43058097676399626       0.93902664633148980       0.35552888705522612       0.54424263613343826       0.55388358421511819       0.38719866605404984     
  0.40271556919504403       0.48992442610929515       0.41343616066973321       0.49233553145326447       0.41756955805457130       0.34560823269348123       0.49039375333385832       0.48851099971104545       0.42384769113023801       0.46269998275850804       0.43982180265515497       0.49101968111620697       0.40383225650130888     
  0.82792800989638560       0.75097446056971473       0.26615050561340131       0.63991861757894686       0.41175078238537910       0.32531646660776736       0.41672639394629940       0.44505834330611155       0.94179341936829530       0.36157499581141295       0.56045667362667018       0.56742503853280923       0.40305227708860364     
  0.46038253709790394       0.44984508469558121       0.43462785975034635       0.58325548466870203       0.38377871698302740       0.38962567782652002       0.52568696856468655       0.40643263321985834       0.42426533162335939       0.40143380605118284       0.42952405933180787       0.41723202941041032       0.43447380639235922     
  0.83547271289527991       0.76155119343522271       0.28011328809962521       0.65547949216953683       0.42539651521345651       0.33622988138166593       0.43498975571744214       0.45800727182890644       0.94466129595669934       0.36787707200343422       0.57684567332042092       0.58165380639581776       0.41905048443136739     
  0.39882417005278115       0.49818045519118942       0.46619904277607532       0.49767345446449018       0.43640506662047551       0.41299502832290574       0.58786921234393874       0.40996124978432280       0.38937498789952490       0.43787488967743532       0.51905460401762227       0.41157099540499181       0.46465833710106819     
  0.84252154926897338       0.77192714239236093       0.29558347232984694       0.67055959099677820       0.43889835721325926       0.34728644859503321       0.45231471391954109       0.46950111991311388       0.94767501110967967       0.37469581866775531       0.59224814887010746       0.59473203595202273       0.43471401939681825     
  0.48187540497380393       0.39617467523305699       0.38639539230244457       0.41205418465085702       0.41027940584688377       0.45920662525317923       0.43652190305763483       0.39802116996428094       0.44493633615703665       0.46740628365378173       0.41648211592338685       0.47616524130552068       0.43610933255567502     
  0.84975459723684388       0.78218687251959274       0.31207222376576105       0.68581907240611428       0.45074752689371683       0.35846603941414512       0.46889403784195099       0.48027311258452776       0.95051786935495952       0.38175016757768843       0.60724031619719476       0.60699153445247267       0.44888057216536204     
  0.38843606522581503       0.40293063169990506       0.42460220887253153       0.46570305357158653       0.36314668268184125       0.40731691501046041       0.41827425124481177       0.36184813025116358       0.49552885951066833       0.47574734736473834       0.45799571775487496       0.47049580272159763       0.50742978487356050     
  0.85750011927633663       0.79187511275187428       0.32912271516767416       0.70108027242047433       0.46214950232738367       0.37064387041605640       0.48482479780858334       0.49114143106972297       0.95320345337348988       0.38830335502457702       0.62186124650735675       0.61960063125663123       0.46523427726733829     
  0.40566344039788033       0.42020807548902517       0.52619637878989278       0.52884881589191279       0.38257208032430506       0.44468808362265516       0.40183326172383832       0.43287194669588480       0.39504107423155088       0.40832553280095690       0.55457248144022042       0.42311410290092299       0.50145904650853845     
  0.86494681617035407       0.80072203517712515       0.34707223605739468       0.71609357233007487       0.47406695319762637       0.38283603156273965       0.50009726993086889       0.50198820091732765       0.95559494174470350       0.39432297046048653       0.63713443209098641       0.63287535283059926       0.48295423537785220     
  0.38824685620287908       0.38225622476725901       0.51894372612324202       0.40090986912812288       0.44578289428051027       0.38989434857379673       0.49135885341332353       0.39270566987840622       0.44731379032558255       0.45276154205870850       0.60522155261925947       0.41104251887277038       0.42586401038733074     
  0.87218267388561799       0.80907890866392929       0.36411700171614908       0.73018932517825685       0.49302032519508671       0.39475671868245826       0.51530998605675593       0.51411869979334879       0.95781371785571001       0.40026656560134433       0.65260948299932309       0.64710390935534734       0.50191557237824236     
  0.51384883105100865       0.47883112348758722       0.46208450899512699       0.43237872989602466       0.48973702013184695       0.42399651477921357       0.49345419071580221       0.38602847912988947       0.40277407486287559       0.56389617658875679       0.46348547778859239       0.46657696942587401       0.44092650738527234     
  0.87913541990558020       0.81757946408606319       0.38172144297965960       0.74409778229370804       0.50953830782174825       0.40985481891124415       0.53069543014561860       0.52728245748611036       0.95997854281461725       0.40549883956813415       0.66703947948347841       0.66136733504761613       0.52213927064380483     
  0.45528436341414824       0.39725988712568461       0.41939688753884197       0.41544030161955303       0.46969375764616161       0.48438236501060572       0.43161247209194414       0.42342121971786462       0.51372503484664211       0.42178366772974601       0.51018899760162895       0.55949031949101791       0.47874091041697553     
  0.88526786323637841       0.82563978362274304       0.40260822197130269       0.75786328557364269       0.52370828678179582       0.42491772224359065       0.54707037738691122       0.53885503150532033       0.96213140236165617       0.41124361073728433       0.68010998174307902       0.67360291491399238       0.54167947754292556     
  0.43254608811480300       0.49706200735753131       0.44919105402602671       0.42968682711382067       0.46068900573303934       0.46929781289399347       0.52007281938676786       0.40127073325924328       0.49410485764447204       0.43376077933919371       0.45375190205268012       0.41222904652539316       0.55499336540749078     
  0.89056937856162643       0.83392788444893551       0.42289826276230835       0.77162961912540062       0.53912684860822102       0.44212757994840512       0.56446169779893107       0.55112094606555984       0.96423175339485967       0.41835877371997848       0.69328586479240817       0.68516633358662815       0.56046561922147431     
  0.40982285173958283       0.47263138438329627       0.46917978609356525       0.50755307964079188       0.36496665383954480       0.46217603852264411       0.45508973563360927       0.39663434892743515       0.40090162919821121       0.38982792067420186       0.41497631057405210       0.42561942790198615       0.52225334575950955     
  0.89639163584285220       0.84231170073920036       0.44256932902603618       0.78422578390203013       0.55414158292288584       0.45891923113994448       0.58188595461140213       0.56571035762291899       0.96633070615426009       0.42445265787068853       0.70610372602269966       0.69704123370442639       0.57842158518104625     
  0.38276682005408008       0.46565330803685034       0.39107814755088616       0.45021933228248279       0.42720492223454448       0.53568062011803586       0.44432601323035770       0.48741686137813151       0.60655602710727596       0.38213718708689587       0.42389437107680961       0.41166667735494050       0.51522444148091684     
  0.90135249232719872       0.85048377671101882       0.46604964523438225       0.79353309809598194       0.56865201711742652       0.47566253028730754       0.59924397192373491       0.58077646734004695       0.96840054852670032       0.43167852654370198       0.71882034033085396       0.70962663359115785       0.59484878417496412     
  0.38482721413618820       0.47222678778745336       0.42036867379841641       0.49577241315982995       0.43530362630412217       0.42272482265921679       0.38715854501163455       0.49317745279117564       0.45268457781026644       0.51109740174903528       0.46452167644746351       0.45352386402952022       0.50369871069071703     
  0.90604965407123073       0.85844058408654467       0.49083805690156612       0.80436873775727702       0.58461648612714301       0.49233395534199348       0.61652866574075360       0.59462924488704016       0.97031606696652051       0.43957004387235815       0.73115736000741249       0.72223826120983303       0.61031875796082991     
  0.42099389642373192       0.49021508035610339       0.41055509301387910       0.44384030969308952       0.48916530468075298       0.38432558036444098       0.43119446560605318       0.43386004497857483       0.41724395259689878       0.50002759230584504       0.50328093465101098       0.39789558613781306       0.45742845830131751     
  0.91091479908367157       0.86637115089889893       0.51396981353299431       0.81635297148882979       0.60072539683558812       0.50956651176646117       0.63282371190090980       0.60993178493509548       0.97215408220774346       0.44798277985228707       0.74355777091933206       0.73592780306415295       0.62669393529664330     
  0.40515722939799681       0.46269037809223190       0.39883156618453575       0.47373653220076473       0.49554185659619915       0.44670758568334812       0.45523827149916274       0.47507153437003075       0.49564027184701964       0.49335091093289496       0.49372826541983955       0.48865182625866582       0.37935105545389497     
  0.91591957565774540       0.87389919631453628       0.53916371550632103       0.82714748748409717       0.61637346954432759       0.52798997722296848       0.64875587596438111       0.62632043964454720       0.97395543563160614       0.45664992721867365       0.75603595733282480       0.74902477554343461       0.64376080812532577     
  0.41139343621546831       0.52737737331054502       0.39347274620964312       0.43434558214458774       0.42580046540789879       0.60898892747644295       0.46014239560908538       0.52864998309002487       0.47948862878837128       0.48320953963081609       0.51193472920441641       0.44867035825487700       0.38346844835602639     
  0.92085867492761320       0.88015369881116712       0.56878920334142580       0.83652634342054799       0.63212558916229533       0.54633873076108985       0.66476655566465259       0.64095159878812036       0.97561382922965079       0.46525417927901752       0.76803955674932733       0.76179609993760689       0.66027907700249233     
  0.43612119480955713       0.42764775626116025       0.41130658549233667       0.40485520598704072       0.46221321182832353       0.53052700559983201       0.51488461107519468       0.43846025441765801       0.51553748300735636       0.51051703131419379       0.48795004199546566       0.36082893629654694       0.45197710801284036     
  0.92580342453850895       0.88661770142892726       0.59820798235804074       0.84618520315147561       0.64709957441790933       0.56226951377091705       0.67927061076675055       0.65462949910402934       0.97711408246212528       0.47412758619842083       0.77920531119761327       0.77473059798312593       0.67670355991981557     
  0.48944382002262654       0.45618624956124393       0.40677860618705597       0.37658347544280496       0.38397023827645937       0.45504423978584019       0.42689392874839288       0.50634349812834079       0.47288733428132290       0.49063760167851117       0.37890103312256257       0.39531279766242622       0.40825834184839493     
  0.93062408946168629       0.89205277085262158       0.62622723268386093       0.85506765436552856       0.66108158471617329       0.58015125295421721       0.69283099883683563       0.66908833429794567       0.97847927471005902       0.48313710809106203       0.79043455660576012       0.78767340522406815       0.69291153691871321     
  0.44029364170626467       0.42242245725165462       0.39477894709143013       0.41750213751310483       0.46359349393042193       0.42309517878190894       0.37957305550032083       0.47934549806340526       0.51731477091235312       0.49802043813998970       0.54321290200201588       0.41287082236853090       0.46479057959709236     
  0.93534497497662228       0.89724593159049237       0.65289929874889041       0.86348582938486562       0.67640396001819014       0.59420127356996411       0.70854326883232766       0.68367604632225076       0.97992024655770071       0.49246588478715519       0.80090931704412383       0.80033170814145571       0.70763747089821072     
  0.48777613944222664       0.41072836318174222       0.51655335704118710       0.46273194493929481       0.42840905137090218       0.45184132541240629       0.44375960965744887       0.40250400938921943       0.49792060908536945       0.47114961461720795       0.47764119835129681       0.49801965264515252       0.43367961984211717     
  0.93999813385724817       0.90192859635671141       0.67861004831935556       0.87198420602417115       0.69231008075515632       0.60929762685964883       0.72518287970782314       0.70021424631781892       0.98132824186230916       0.50268614697444136       0.80996601495670151       0.81220930469880481       0.72163472755705127     
  0.57683219858355517       0.38548765100609206       0.36517185652514805       0.39523590385004559       0.35195887371532480       0.35710960320634416       0.39205586891700644       0.43482796469597207       0.45373993581138650       0.52300590035519801       0.43447723095654028       0.39693536186045025       0.44904474619751089     
  0.94447926275363847       0.90628687041297162       0.70568210354851957       0.88143057049591289       0.70738872757470106       0.62584504424923681       0.74176981093680117       0.71737061539064462       0.98269529385774879       0.51279076993118711       0.81882104356321195       0.82335194746465512       0.73786001430133108     
  0.53781593979560971       0.45323101301454305       0.43527641119923183       0.49312832858784755       0.43704820050268672       0.45238286874001626       0.40218158039038454       0.50493569327255605       0.38367126273147506       0.50372265114790726       0.40795023586468637       0.43849636272277231       0.38891030680276650     
  0.94889456700817421       0.91204700517409198       0.73156774513288114       0.89143080997320245       0.72555266898376858       0.64161896151660336       0.75728809579191836       0.73575686194351364       0.98397661986165330       0.51956108723886085       0.82687804699776957       0.83282985700795065       0.75733155873477209     
  0.38476960725833215       0.54025677156647833       0.44238552260766284       0.45821907893137509       0.44277611235352565       0.44110554755045317       0.46880122817374015       0.44491288203305462       0.41880006029533440       0.36580069727687237       0.39910342373310659       0.45581561292054729       0.43454761814395171     
  0.95325836791291907       0.91842701543729954       0.75797867172267308       0.90096777851548215       0.74335059352291843       0.65884890562839848       0.77208690624946030       0.75452940713213312       0.98512686491754864       0.52568141296877768       0.83684548906994238       0.84182355020557442       0.77761024433617665     
  0.45109904232854198       0.43814027666800326       0.36231132042905978       0.50479082890862714       0.46680368125728466       0.51566547323033718       0.36391675863657869       0.47725119799246235       0.41183103672838761       0.42521240390711229       0.43665500342467950       0.34372954945484152       0.48041401997482092     
  0.95731545963481934       0.92458683248690243       0.78398004574572233       0.91021027100057750       0.76123744472856902       0.67744594428342386       0.78721317602836760       0.77351811446312901       0.98625237162216450       0.53431189983274485       0.84688996720996246       0.85359758023583954       0.79309732882843031     
  0.48123653376193731       0.47168833000834737       0.41531227866260767       0.45601966728567156       0.49112417730804714       0.36279762752261052       0.37696579060736091       0.48254921099210535       0.44744468794201736       0.41552111166276035       0.41897985311644476       0.45462282561224920       0.44671099480249271     
  0.96104705308920080       0.93030969534657504       0.81003380777800738       0.91936809938848330       0.77907279220750592       0.69816874730820777       0.80295233638211105       0.79321624110642019       0.98735268253220732       0.54466630321295273       0.85807661236362043       0.86578257943816461       0.80966530739529541     
  0.50755086761601031       0.43642832712608542       0.40659139268777394       0.47917061508434888       0.49661857614075483       0.42855483562139357       0.41922532597437145       0.44248943622811987       0.42828102860175871       0.43297639042729891       0.49176426278684665       0.43595634486155205       0.43780763734512956     
  0.96455559464305241       0.93607597383561736       0.83456219075940563       0.92791457379662867       0.79602181954604334       0.72063563393625585       0.81866364332283481       0.81308155117367442       0.98840858043227731       0.55578616356886357       0.86912823752760715       0.87625103092471257       0.82729814042785055     
  0.45654876253044779       0.44207977808292082       0.45025347424273743       0.54839858351055160       0.46029229424729645       0.46895683806242033       0.38684932889226253       0.36988411091073931       0.50012597497835465       0.42156764313637746       0.47888924769676333       0.47237657483723816       0.44754533432893695     
  0.96798728011983370       0.94182624533843795       0.85714434877901124       0.93567997527646052       0.81224728670244295       0.74432659978956839       0.83302623247020247       0.83167447024393304       0.98938663788349590       0.56685740533024842       0.87949187573820831       0.88566153088316313       0.84425156035684890     
  0.42524838338116172       0.42533889954209808       0.40982558956047671       0.44257238814249150       0.43402260740889376       0.42984907965250468       0.44365912537638169       0.55812946678401842       0.42938601360081652       0.39363655081661469       0.41803572403029071       0.40506716321942204       0.49177748357560175     
  0.97130723495561544       0.94780945460309707       0.87915648049663431       0.94243184383478784       0.82788848358895140       0.76800547059189628       0.84839531487127229       0.84917149360355038       0.99030594609298983       0.57870728360659585       0.88958915358768409       0.89729787679937201       0.86060281562393814     
  0.53989592757542815       0.53531131221639283       0.51192267705576910       0.44397088017508624       0.44632867420638966       0.54588733665682598       0.44017102265124342       0.43267304426245179       0.46927473932659020       0.38873519638072473       0.41984575930528495       0.41957623276276107       0.42943542733275936     
  0.97457325830377994       0.95387193802407799       0.89891107335406251       0.94865346133000650       0.84301088368287380       0.79389478081975118       0.86406251594184569       0.86599354371375570       0.99133377500078801       0.59134293508382219       0.89993846134115152       0.90967854301394868       0.87613033381006677     
  0.46375450250377903       0.49064136049936274       0.39006123098444967       0.47484172825277865       0.50031438715821996       0.51040578712222084       0.51613398778389774       0.49205974120347595       0.48150316916343983       0.40563391067633475       0.47086494341182222       0.50775449924732841       0.42411745610822332     
  0.97782745282699379       0.95970422748360296       0.91520687378293142       0.95512853286489552       0.86158094977720567       0.82092019973015162       0.88016461931836576       0.88179695375392753       0.99232159928314412       0.60744421214489386       0.91166974678788215       0.92177855142960763       0.89155171788572407     
  0.48658260433497874       0.49170221753659404       0.50443289236064459       0.48956491066255459       0.47314914123418067       0.46281322090956378       0.48130595712960045       0.43198154942468875       0.51012172642132714       0.55158815620486012       0.49979738935647927       0.57711545799741315       0.44800778674069114     
  0.98095005150688885       0.96524009262320898       0.92923975238829348       0.96146327160734535       0.88344296223415808       0.84502025767519073       0.89696836045233241       0.89799001617456642       0.99332748467691645       0.62385388143313236       0.92305791907859724       0.93375764268664763       0.90651263534168403     
  0.51721230219399639       0.46624282910703208       0.46580355070841023       0.53231165716185325       0.60559731894578317       0.48888966041770004       0.42163595723886327       0.40551297948001019       0.56793911718239554       0.51942967195029854       0.50686401637340084       0.56162885444093835       0.42471973489627157     
  0.98383553645884780       0.97068664389862180       0.94217147093589448       0.96751382293899979       0.90444185238706309       0.86767314382388172       0.91428123378276438       0.91556307693742678       0.99435507295887737       0.63825325940486444       0.93429158995516370       0.94596308360036963       0.92179301892308996     
  0.48808003778352715       0.49669515752968380       0.39255854633469239       0.46876187393569341       0.47367032032264972       0.43453398716644126       0.42134534312413718       0.44723068344035344       0.73643015753502838       0.41097630439864691       0.43842038801351474       0.47529631239473458       0.40825316361518132     
  0.98660657444745836       0.97616855230907174       0.95468185656910443       0.97369510090563394       0.92385008169881166       0.89016548242463822       0.93200526085487478       0.93361954697090443       0.99532675589014441       0.65428276596423030       0.94584366920300855       0.95789673329157399       0.93858666640377597     
  0.46404482388583629       0.48646937411259328       0.45466071490521676       0.48224663047044780       0.53540103882306056       0.43161934844574562       0.49988345316207733       0.43544998554758030       0.52442364301136957       0.38282469870341490       0.40616351211355378       0.42749259274586987       0.50986395107668969     
  0.98948051707103180       0.98190397441593702       0.96605745204626303       0.98007098857338815       0.94266143015785653       0.91327907507998185       0.95111229060771352       0.95060356553561387       0.99633980317554394       0.67444443799859366       0.95835430039321912       0.96833404013154778       0.95295909806673651     
  0.54949307990712426       0.49918419873834574       0.38262262188549900       0.49405309555246291       0.40720994683111500       0.41594931584595185       0.52159186189893780       0.39336004170058031       0.51540522496380170       0.41425942774658053       0.51111216399089654       0.37472163756404964       0.42857878200173144     
  0.99273034853285180       0.98767002218958333       0.97634105271970628       0.98656617051178463       0.96189148681844827       0.93912721038191604       0.97038282272218290       0.96743898804002848       0.99741942379671777       0.71257844862999142       0.97196370778764474       0.97943649493433427       0.96514799159772280     
  0.51273851669812776       0.45235885105771984       0.49640687380401216       0.51253577176888454       0.44771251983831367       0.50992213980530754       0.39845108272552915       0.39469978343866408       0.49481509927858680       0.48025556364198452       0.44128775726570757       0.45373802389018902       0.38466906597212969     
  0.99628435301812468       0.99360390180912950       0.98801788446319938       0.99318724158232963       0.98079942225920258       0.97070269917207308       0.98516028737083194       0.98309598922309649       0.99860938296394541       0.79149301928336924       0.98589474266549548       0.98933141332259378       0.98308460395144781     
  0.57335848507264564       0.49658621624276339       0.47993337503569877       0.61869110715135511       0.59078511828095837       0.48115159755315001       0.43578115951504054       0.43903713649927167       0.47828403114975920       0.41105751747330965       0.42319808116824836       0.40307804180670637       0.58613676419334648     
   1.0000000000000000        1.0000000000000000        1.0000000000000000        1.0000000000000000        1.0000000000000000        1.0000000000000000        1.0000000000000000        1.0000000000000000        1.0000000000000000        1.0000000000000000        1.0000000000000000        1.0000000000000000        1.0000000000000000     
  0.53362699194756436       0.49029778954145664       0.49335957189695817       0.51529437492190555       0.39336768542896722       0.40142616181407165       0.37300704438023602       0.43591561807241774       0.37912328719317756       0.35366661496364865       0.48240824098589574       0.46737003953280171       0.38689614598671945     
   11.019455960118078        2.9702546528597322        17.217140960447079        9.7786573015600027        9.2046011183273375        2.9104749387350641        10.584749022191787        11.045624151952099        0.0000000000000000        8.5363433672088149        10.021715199702973        9.7066119990088016        10.338317968658503     
   7.8147147167188518        6.7561923892396578        9.1427281546982844        9.2662720803115128        10.737301027302035        13.352088312758253        11.800838334229288        11.341871532539532        0.0000000000000000        9.7705192391471609        8.7363143276843758        4.4011657612301160        9.5490365964994339     
   11.332225301838802        18.822980307595536        7.6179663376206825        8.2860042670683569        9.0506046058197285        7.7269724641392399        12.743288287960267        9.9863758345663491        0.0000000000000000        7.8361269714780732        9.7387663916737832        14.163459132791841        11.861876904906772     
   9.4409992051591516        11.468299537667271        5.8465322674976523        7.1768040212363529        10.618747091899985        10.930804229594058        6.6880691015847882        8.4401015668814079        9.6968548911022747        12.186238547864814        9.1265240344859784        6.6104920181889879        10.483925920382935     
   12.076448753334125        8.3188282512308032        4.1636810929994290        9.1622197509226915        13.192951053494046        10.896074316332495        7.3627553796701450        9.4742747620793573        11.589511497956735        10.392640498634412        11.041719220564264        9.4345202214401862        11.545979148134617     
   9.0768880057035801        13.854450524450817        5.7037496925482261        7.4293054782930783        8.3970702230613785        11.133147249274419        11.004562335052716        11.305057500283496        11.589180336699416        11.808481355824496        12.611032249017207        10.573779456252723        12.132766865373602     
   12.688911032158467        11.199818318559757        6.2350660411437859        10.788288103804748        11.478375549688252        12.388386778488162        8.5364710817843523        11.951535585489724        12.738454485689731        8.6529310008271185        11.850012741277119        10.695216615332715        7.5548693178175839     
   9.2190993831729990        6.6097045177730029        13.786187720668041        12.119020439876847        9.0072836565582115        14.102546536265255        14.265111228232904        11.704875484791430        9.9031980527101648        16.664557529588841        10.122363411273207        10.659267972035439        9.1907424753554281     
   1.6912610519664612E-007
           1           1           1           1           1           1           1           1           1           1           1           1           1
   4.8839199323769102E-007   4.3384843370781685E-007  -1.8285528988314820E-009   7.9953862373473674        5.3429254143282402E-009   1.1937557666349721E-011
   1.5441874269006149E-008   1.5209905509682311E-008   6.7016763904533897E-010  0.28561561102697430        6.7000775987945827E-010   1.5065353737392258E-012
   5.0000000000000001E-003   9.5762779914883378     
