   0.0000000000000000        0.0000000000000000        0.0000000000000000        0.0000000000000000        0.0000000000000000        0.0000000000000000        0.0000000000000000     
   1.2954829922293716E-002   1.5247410851705952E-002  0.26495016282481071       0.14826130028413467       0.11075945647415367        5.2753833591086777E-002   1.7014344174560391E-002
   4.4242894615228332        4.2228707971599633        2.0059266080469649        1.5422551413400478        4.1749581265637365        3.7908415995782203        3.7348212972973887     
   2.5144579066588429E-002   3.0472958046235350E-002  0.31785031638495426       0.24534658709718488       0.16084755413229426        9.4329191561493567E-002   3.3175367977983136E-002
   3.6556675346425327        3.8174072545602415        2.3342036603565735        6.5371565473235300        7.0308634358934112        3.3127509477985280        2.9435095792303176     
   3.5833475284906914E-002   4.5882209327170964E-002  0.34972813956658877       0.26826812118579885       0.18966087156663106       0.13060730559195241        4.8553029698848851E-002
   5.3653569989104701        4.5039912036738610        3.0898313855744046        4.9908679632643871        2.6167104630141833        5.4490502204035787        3.1295645226964113     
   4.6896466295695265E-002   6.2185605079554999E-002  0.37948847151813953       0.28457297095062434       0.21128073439254252       0.16171797939606142        6.4091552634863852E-002
   2.9189173461786591        3.1819458293576597        4.4164423466839331        3.8966153659393714        3.1101500375915454        3.7351187538436110        4.3707027073024660     
   5.8327359621047764E-002   7.8035544237309712E-002  0.40001182092153853       0.30059964400042216       0.22837628772198135       0.18999708676318677        7.9221978141003485E-002
   4.0758213110330930        3.4353589170704772        4.8143588061304623        3.9524930044342961        3.5318893426534483        5.7976322570097230        3.3563845295308066     
   6.9698737972089947E-002   9.6160527402979853E-002  0.41596294739702816       0.31783588337427576       0.25659422450673253       0.21560701550843367        9.5546361672643507E-002
   3.0448385595401386        3.6448744992221944        3.2890690816173058        4.1244675590135103        5.2004227563459411        4.1400180953991113        2.8312068880233561     
   7.9305735633630636E-002  0.11408413884890727       0.43007391720980281       0.32754768546352114       0.28193946635516487       0.23835437377889934       0.11224878949599626     
   2.3037539876920050        4.6076130936225272        2.6288738074783007        2.9733266445903128        4.6202654660950513        4.3965489539289218        3.4059879314949568     
   8.7688257430996092E-002  0.13002441340156068       0.44385066464200956       0.33831626413043092       0.30333277800513436       0.26084913070582311       0.12913415793687869     
   2.9041661978004547        3.1184876228818079        3.1520823240758986        2.8396805135331329        3.8864994972269864        5.8100057173544597        3.5376743068925922     
   9.7092208370388483E-002  0.14440823544275447       0.45869441468045674       0.35228859335569684       0.31800071914601391       0.28384607871204104       0.14424770013070898     
   3.1430609945810577        3.8906409704294975        3.1785495467229858        4.7418233044361200        2.6802377393301371        3.8666619181454540        3.3485873083363185     
  0.10823001844860244       0.15748668399201390       0.47338483662605912       0.36608438699517726       0.33588330603034705       0.30484118165980301       0.15817787230317795     
   2.8244619219145291        2.7547466107778860        3.3747048817874572        4.7555047810925473        3.3687791403496474        3.7585349698052819        3.0968837129868656     
  0.12061619856497895       0.17126252564588076       0.48757081920381729       0.37854061208375545       0.35224930887285499       0.32618462443624169       0.17257924212276596     
   3.2902412873473454        3.0935284623220038        3.1224149158691614        3.7276694215257322        3.3186020000696970        4.0869911826969743        3.6929237338012619     
  0.13325968613298680       0.18701311470404025       0.50065876243485652       0.38997260604033579       0.36910191386912566       0.34542140572335128       0.18774732960130047     
   2.9637176045476910        3.0323487161183107        4.7559908425562023        4.3050416679035992        2.4319581305724536        3.3389515139114212        4.3141814278385970     
  0.14690486012776799       0.20199410511118268       0.51233751435556285       0.39945497634387112       0.38845038509301066       0.36269022082802660       0.20586503483539953     
   4.0723146461386390        3.0025558316292891        3.5719025194014251        3.4805737682491524        4.2077272244603385        3.1011493973902677        3.9156555569240883     
  0.16080973309556668       0.21789842106635804       0.52240900352340547       0.40785932563115840       0.40364106500265018       0.37839992815749912       0.22226908466248685     
   3.2009210297694919        3.2579934921701432        2.7202685507348594        2.9920266469510430        3.9734469793966642        3.3785614955101875        2.8770725414389218     
  0.17643449741467282       0.23338322488668264       0.53246433620250921       0.41597448979357804       0.41948064151810688       0.39459482529480300       0.23793216075869367     
   4.1205985297915975        4.4972587876281800        2.9595965139113138        2.9538751030831003        3.0579834917941549        4.0378904237393130        3.7689235858812706     
  0.19438134068053589       0.24916188475785422       0.54260769589358770       0.42413741440171338       0.43537078642847210       0.41158038705622807       0.25321902825547077     
   3.7775836452132241        2.9655414415804824        3.1934918370622070        3.6550730195799419        4.4328237193390896        4.3602551757471133        3.1311106942464764     
  0.21183506903983307       0.26562883948265692       0.55297631919965873       0.43332350917472590       0.45231477299526845       0.42791611706559884       0.26961882185881469     
   3.3609298939731072        3.0987717595684763        3.6660549339996922        3.0411323974518902        3.7271734058444621        4.3043935212671585        3.7786664088959503     
  0.22943686852839412       0.28295335001513877       0.56320211365489836       0.44293346035420800       0.46868616343816660       0.44398524701908892       0.28729129154913963     
   3.9209640459775494        2.8665592773911337        2.4136533192537759        3.8409038725509084        4.0726558232166195        4.3988422489495251        3.0865777005210746     
  0.24834477092604140       0.30030714369264166       0.57258373539968543       0.45217751549619162       0.48593830122189163       0.45855730125488819       0.30534221583472121     
   3.2095671380768529        3.6691063928890868        3.0285047614623681        3.7376804960358796        4.4327975106504276        3.7182161409036065        3.8663021516080445     
  0.26974011415842175       0.31618031790567463       0.58240442803161141       0.46092379827167063       0.50258789955690031       0.47121882886196442       0.32140829634532064     
   5.5405483801515816        2.7410605650323654        3.9786907870211179        4.1888363502654586        3.8416885570315737        2.3488410067665813        3.2805344263761276     
  0.29217394365934130       0.33196931614529318       0.59271010689281034       0.46933960341888481       0.51913137705788881       0.48294744511874238       0.33549157230019194     
   3.5365272280755327        4.2244772155812012        3.5250135058043024        3.4463719232811818        3.8758922259668953        2.9878655458552474        3.6921320922275345     
  0.31003810237595619       0.34856369043967611       0.60370618688360345       0.47743248088451301       0.53589712853556448       0.49523178932648404       0.35049764661331606     
   2.5918603874247670        3.9847281706753170        4.1217979845915691        3.3634110974242502        4.2079891373042653        2.5982667910569854        3.5755592229520490     
  0.32943799578783345       0.36583116375560187       0.61465978598725624       0.48547521528940202       0.55227571728186242       0.50913473496071437       0.36603224389922706     
   5.1339710830399143        4.1056183198526215        4.2387474559010334        3.8372780180693957        4.4985801101029930        4.6126198222366694        3.5374746233248922     
  0.34731155847830159       0.38396239780195462       0.62529409432188165       0.49445276436282842       0.56752246847829424       0.52474476794323854       0.38202351434951587     
   5.7678686881522632        3.5607193417124936        5.0331472053340951        3.4205879055708666        4.0571391256192415        4.3291968951662581        3.0001956472424087     
  0.36285022607595419       0.40055291074534477       0.63549600139492812       0.50323930566748265       0.58005004181454800       0.54129294062127831       0.39703287864494924     
   3.0717434722215442        3.9008977282581951        3.9192018140675859        2.7864279087443631        3.2800393424131014        3.7715097160579547        3.0973259262704009     
  0.37896923181659425       0.41232254900454357       0.64554809058067597       0.51091001050659646       0.59231608407819902       0.55846776214921268       0.41270518994800270     
   5.1671762610789829        2.8560866897349095        3.4562348108456122        3.0387940104401912        3.3625244027124825        4.3619185434053653        3.2692506843402742     
  0.39635739238735745       0.42372030575487157       0.65573142675189311       0.51867872618872635       0.60462423327200487       0.57442514730044947       0.42624978144973696     
   4.3960455361062634        2.1627034873229523        4.0286825238041821        3.7340415871023431        4.2315335068362376        3.9332131443360008        3.1629811284070377     
  0.41312403453262975       0.43581490342314794       0.66539927816560518       0.52455656724001731       0.61737626513222965       0.59001985191569750       0.43736921977386006     
   3.1304621924387512        3.4056859050214809        3.4978155155610988        3.3796834413780918        2.7952912607322666        4.1114513527888388        2.1262964538537608     
  0.43285200146574720       0.44728302285457100       0.67429300172220974       0.53122516704325662       0.62861332875019582       0.60522914998802513       0.44940266600370493     
   4.4973800998452926        2.5842133281654327        2.4963951039701002        2.9158545150756301        2.8868845560932721        3.6894381830695120        3.4121319594314001     
  0.45619005687726083       0.46042003055867964       0.68222938464157856       0.53843545237976609       0.63818476567265292       0.62048247910327081       0.46207122985326515     
   4.9540295404630204        3.1935368577077630        3.2608377859828486        2.3128190268247453        2.9648073489756008        4.5761414673208627        3.5195818969366903     
  0.47986429845898065       0.47728284574012675       0.69107688659971411       0.54630100662376968       0.64710479771711971       0.63443264326106363       0.47350513534532412     
   4.2697444461663867        3.9038633975903356        3.5728864938034830        4.3377888970201077        2.9272326240660287        3.8587032302840054        2.6272112556865594     
  0.50331474881677685       0.49472408478338803       0.69896902820853735       0.55463268382810238       0.65646903748097440       0.64822177966602101       0.48874370379885917     
   5.1547850539843987        3.0479836069667483        4.8232622279931148        2.9375612028661862        2.5824969162848932        4.4180531716914988        3.1470348222310149     
  0.52508440967049530       0.51177703678371933       0.70677887710881504       0.56265456779649325       0.66692337182217032       0.66180107100751573       0.50631800394432847     
   5.0630509014083378        3.4183209679677078        3.2938949953974728        2.9164616740865217        3.1895446388614483        3.2166254424082732        2.7548913268611344     
  0.54443617740219219       0.52855415524337523       0.71474154082939023       0.57081888421863414       0.67784464384835763       0.67523126935170652       0.52453820938763884     
   4.0198621490822735        3.7900674468085711        3.6194265097288576        2.5885663159705357        2.9159726680245561        3.1443886727608787        3.6619048486731418     
  0.56315454801013465       0.54454379839317257       0.72208159412859174       0.57868865884605780       0.68887396775779053       0.68888641811156559       0.54081998306344936     
   4.1381793025116371        3.3982183016963794        2.5673551028436399        3.3598883510201389        3.6186201016409885        3.2543162564088237        2.8637311485497063     
  0.58241063201452470       0.56027321595890078       0.72957250044150279       0.58613011858429442       0.70000616996147014       0.70225936957195556       0.55629277787818743     
   4.0595089139575879        3.3554957635074767        3.2033414145038086        3.8257674636264767        3.9631777860847719        3.4127150703715974        3.5435434899321852     
  0.60215734216677785       0.57695910420904795       0.73803929486722608       0.59351064773909668       0.71105203053949229       0.71557355765882646       0.57163540564696569     
   4.0064132309754354        2.4649281250261037        4.9418721523090765        4.0062518190573222        3.9172703782780500        3.9092737998782430        2.8381794114314127     
  0.62311578525946021       0.59485990101089348       0.74643055825764093       0.60075849633946787       0.72152686412453593       0.72889670565134579       0.58869239097917714     
   3.3932991003337269        3.3739476607013965        3.3610686830578262        3.5032504147362165        3.3625576950559792        3.9554761790395716        3.9705195342763693     
  0.64468509279662789       0.61253937208970777       0.75499502732666557       0.60929642324187305       0.73190325406938073       0.74255204525411334       0.60703426360451906     
   3.3003351664818101        2.5995970283988457        3.6280451815746146        3.0877396915100932        3.7497249776435582        4.7891476121849665        3.1947411076407652     
  0.66525724219110161       0.62897493727548337       0.76317434041061916       0.61758717076865155       0.74211894876243978       0.75647447690455760       0.62550516032751902     
   3.4029862939148185        4.2626527174492024        2.7338757561489828        2.4758713017477669        2.5423465485196202        3.5456898471492111        2.5896854810189964     
  0.68223980347619340       0.64520964937210101       0.77155706083554720       0.62486973103107224       0.75277242076385553       0.77060096405177392       0.64378272081695864     
   2.7876059944266118        3.2544312055059272        3.4490319220357448        3.0597789968024500        4.0787451429454258        3.6847045204742681        5.1980642714602405     
  0.69810828315153239       0.66213837251197727       0.78009819965323313       0.63187237948138519       0.76410165723327317       0.78081677911844261       0.66155999213360894     
   3.3635612091366860        3.1920600970911543        4.3562141974327773        2.9125501851545148        2.9450468411463384        2.3326781045138985        3.3177583186480244     
  0.71328966101035951       0.67760499602008895       0.78888002354551645       0.63847919845549161       0.77512373688169411       0.78943582285340053       0.67876865846915790     
   3.5175722813730568        3.9944422844046548        3.6068061111145524        2.4423171936019981        3.2398376699681997        3.2819675793644048        4.1529824814125567     
  0.72673266139891957       0.69201117986148297       0.79779585870373804       0.64497785484845505       0.78594671240251801       0.79710529970387867       0.69548410324578080     
   2.6569101602666421        2.8866060163994738        3.2834478432377576        2.5112507853198389        4.2870814961696180        3.0485841186448073        3.7865988324440054     
  0.74013999470270464       0.70585474829865980       0.80666661457853550       0.65188122706837515       0.79659509884834723       0.80408864744161890       0.71177885063818913     
   1.9928645204353004        3.2433002164480698        4.4172050380260535        3.3590160350891058        3.3062167119816412        1.9772818445815428        3.9644168484716658     
  0.75295105623945957       0.71999491816203420       0.81586641139316207       0.65926541780284831       0.80748497278072562       0.81105962153037692       0.72841179416133017     
   2.6650481955958738        3.8808783218349197        3.4366127225240097        2.7772721475289583        3.2308169534399926        2.3997816375012038        4.1345433408920069     
  0.76647602046192109       0.73387115184842122       0.82504239178568062       0.66690541149963722       0.81785452274213943       0.81915159137124605       0.74430905123395319     
   2.4264839658664696        2.7371205054864447        4.0059796488551118        2.7449603364351822        3.5279483065843977        2.7760433027798657        4.1781825503988275     
  0.78021902773390872       0.74707733026253731       0.83309109937005943       0.67509935291307965       0.82768247182799271       0.83117897400465390       0.75806046727752974     
   3.0335474189224878        3.0499886819985753        3.4119568457483282        3.5972935195444444        2.6474018744916648        3.0604986009061728        3.0413550709746868     
  0.79331710217620477       0.76131392911228180       0.84080521688161158       0.68379231967919996       0.83732469448963964       0.84425585780764845       0.77058136614397965     
   3.0465955310597876        3.1470273834123641        3.1645347879662080        3.1697349373790118        3.1069290295262126        5.1684516261718363        3.2600918627717159     
  0.80633212046020120       0.77625484362852937       0.84851450958109120       0.69264507352684312       0.84728645181434026       0.85689755922976674       0.78435390953771345     
   2.3807375324712128        3.4759951365171529        3.3357047892272371        2.6890459385406635        3.5812858120829176        2.8085154567084034        3.1062076703730530     
  0.81947313892253959       0.79132972369017385       0.85645879041357131       0.70185521161150133       0.85768439745649938       0.86864338686282538       0.79897943069420929     
   2.7098306519607398        2.6148743914196513        2.9606493931876394        3.1205582523698614        2.9673640754818456        3.0439637584543204        2.6388087964910474     
  0.83288285899528458       0.80636868846783383       0.86464740557671771       0.71124739735130893       0.86815863720005415       0.87941418832966523       0.81352167665624953     
   2.4164142077591046        3.2411861400484239        3.8258626331677972        3.4505454716703361        2.9680096178275788        2.5243608549993390        3.5233001186399329     
  0.84650088615368535       0.82129344310318841       0.87335622998387685       0.72070329694132174       0.87845119157670493       0.89022081585800483       0.82815887414981071     
   2.5798295762662167        4.1418988040005136        3.3281597456819974        3.7260921388746140        3.5564052370949120        3.7601841873630155        3.7389841905132797     
  0.85933619117076887       0.83586876953235800       0.88196809787858310       0.73024208074492503       0.88843924491109605       0.90122520349457258       0.84124863857517773     
   2.9143174012939457        3.1454059322676304        2.9001777879567889        2.9529087778047574        4.4998457543862918        2.8599470407267398        2.7721729329055838     
  0.87217148860008187       0.84975798422431181       0.89008288861263418       0.73975658093141006       0.89841381949755250       0.91140954285720721       0.85389836078254799     
   2.2500682977577289        3.6403554289426774        2.9966759585991691        2.5310214737178156        3.0910778987463834        3.1156343584669406        3.2844100712911439     
  0.88615926332783745       0.86412978922876271       0.89811508555402952       0.75039787503092337       0.90858539234440683       0.92070810639337364       0.86711463811574085     
   3.2642833848191430        3.3149842313087077        3.2700822042307878        4.3530865036452191        2.6815364926198768        2.7705754723403722        4.3836170951874482     
  0.89977637200534544       0.87975335516025610       0.90618793838586364       0.76058094168453383       0.91826841612417276       0.92988854574108193       0.88164650852910509     
   1.9384968944112089        3.9268151855732696        3.1054001255748944        2.4274912604327019        3.6734693192934329        2.9948783816573386        3.3689995335724068     
  0.91326069879965333       0.89677975487670902       0.91537955674908500       0.77198639169472782       0.92780837328117471       0.93964776761695545       0.89843697082259277     
   3.4467929534058102        3.2538561288507784        2.5713327570460414        3.3227917387409014        2.5786660717224854        2.3015714659813367        2.8424496831373935     
  0.92626824724443779       0.91482729821517317       0.92525029265069170       0.78472514627192747       0.93728252204253559       0.94948793592435687       0.91639149240887352     
   2.4512736902907526        4.7200608172379859        3.7523878556101393        4.1761316482778463        3.0079595099710286        2.5700965356343510        3.0660054538235042     
  0.93900636188878628       0.93311251090040004       0.93604853265908794       0.79941765198458259       0.94692276702978162       0.95942919824217154       0.93350669298333500     
   3.2894469145303846        4.4336442492746126        3.6308787016329416        5.3626756879027848        2.5884191355792443        2.4008111189795391        3.4240418109197557     
  0.95228855394418765       0.95070552115082008       0.94721959746267270       0.81818450171380919       0.95857130076048969       0.96912432717455110       0.94986854435746948     
   3.0525509600305609        4.1544646038188402        3.2407790848725986        5.1354263226595362        2.8905518931777259        2.9084854655261752        3.4788421716345144     
  0.96524375270125207       0.96655308420736197       0.95997227843148447       0.83945339735261448       0.97115787250713670       0.97837960733241014       0.96587042169399462     
   3.0932155087183104        3.9534298597403854        3.3942095824162473        3.5289063056073258        2.5658586334663700        1.7175709319385204        3.4751456689200144     
  0.98185505964730935       0.98403452864966412       0.97678132961112085       0.88129736569475603       0.98522807512475874       0.98916997599126744       0.98331429942085691     
   3.0804451436567790        3.1769315196818657        3.3571719780078495        4.8451268643470105        2.3411964184515894        1.9873878062083188        4.1388963849544389     
   1.0000000000000000        1.0000000000000000        1.0000000000000000        1.0000000000000000        1.0000000000000000        1.0000000000000000        1.0000000000000000     
   4.8904502133880472        2.6877996465427239        3.0762549802844990        3.4855832650125840        2.3064463793393868        1.7981797670752990        4.4794721391829269     
   13.340386425828727        7.9443672749399230        0.0000000000000000        11.465744962653247        6.0228111199066108        8.5320152122914674        8.8081472243212922     
   8.8883628553823009        9.9523175212749031        0.0000000000000000        7.5649727825964534        9.4940145322404899        8.1184422654218054        9.7518419178817624     
   5.1587942950313268        8.8257503818148688        6.5604577405530229        9.0162995733715263        9.7275357089501373        9.0077628754730821        9.6784803798223695     
   3.6646370070338254        9.6422043530771280        7.4916569014951708        8.2084160374538673        8.4873867163517556        7.4920177936099979        8.4986703869372615     
   3.7843233146272324        7.6637751676046291        9.1077662259509236        8.7651150578782389        8.2303773459760148        8.2247763081680212        8.4865408127804329     
   4.9606902806067934        8.0362954345073199        9.6096213868328757        9.2082334059792057        9.1878778873900853        10.054546551650063        8.0663839660284324     
   5.1843140501390064        9.1707578335284232        9.8599632180130552        9.6398026789680582        8.7191786437323078        7.5641768159276648        8.7649671078634768     
   11.766949050084879        7.7888793633921187        6.3111119478571043        12.583597675869971        8.2236830515741293        9.1370846165835022        8.9538869227657241     
   16.426765083537120     
           1           1           1           1           1           1           1
   10.372359181416142        9.7886661082730217        7.7100415826162026E-003   7.3774774007816246       0.12225037838367027        2.5266414170892865E-004
   7.4842512694436758E-002   7.4769301291374185E-002   3.4568013032582785E-003  0.19602986540872311        3.4555806037684898E-003   4.8206797065909827E-006
   5.0000000000000001E-003   7.6815151418372398     
