   0.0000000000000000        0.0000000000000000        0.0000000000000000        0.0000000000000000        0.0000000000000000        0.0000000000000000        0.0000000000000000        0.0000000000000000        0.0000000000000000        0.0000000000000000        0.0000000000000000        0.0000000000000000        0.0000000000000000     
  0.23425661231239395       0.26136611308837310        8.4167910335273214E-003   5.6643678441475488E-003   1.3602935567215195E-002   1.6785847619735013E-002   1.6347342926051122E-002   1.5587695435701147E-002  0.62203010232952638       0.11170787126510356        7.3125387991466742E-002   3.8820736639815855E-002   1.4444447140315312E-002
  0.36721621746999578       0.35097373280116895       0.59011282097806705       0.43772401315809517       0.40582476021234687       0.43615761637514516       0.49889685528613137       0.44722838841528334       0.38403362032110183       0.38948257690260313       0.40874140340523296       0.38368114238606410       0.41221510754380414     
  0.33967130000600620       0.35261631631941392        1.6244039733395360E-002   1.1342886460827442E-002   2.7871560144350858E-002   3.4536233426245587E-002   3.2383546854551894E-002   3.1578529307351749E-002  0.71197929715858188       0.14207978941752317       0.11965212732213194        7.5413345133076654E-002   2.9029258064556293E-002
  0.35844527685390504       0.44457730104763754       0.56651358326024304       0.49703487949432695       0.41019350947957750       0.47217570395636677       0.41183797318996412       0.45498667916142044       0.39175263664782689       0.41162728804136250       0.37951854269354346       0.37647844920872525       0.45153186955416946     
  0.40251607673655426       0.40599328745003704        2.3690379283454983E-002   1.6904542353134381E-002   4.1819517481771255E-002   5.1195336866610271E-002   4.8567790248250940E-002   4.8625371385933015E-002  0.75495585695712242       0.16318200013126738       0.15392137358050131       0.11124629125217823        4.5368949583062056E-002
  0.41413994687931233       0.55395570520785120       0.50490441351249349       0.49015254746703596       0.44312434341307483       0.40802910488556754       0.46340764444488597       0.46370158420599605       0.40936469870403014       0.43828975873319115       0.38403362032110183       0.44875228371534470       0.41954946129944914     
  0.44969831215503708       0.44263915465648379        3.1010612939730103E-002   2.2226368234409898E-002   5.4965551376458109E-002   6.5248302928469379E-002   6.3666165166287689E-002   6.6549801846275805E-002  0.78161615714409882       0.18119949702807844       0.18427837012430051       0.14385273131794191        6.1271858260192318E-002
  0.50602233307067301       0.42523123154594639       0.46621299625178975       0.50105814281396566       0.36401129849533803       0.37324550954551783       0.46222888468505274       0.49068671293429084       0.42475624975771409       0.43847300232266945       0.46053000201639094       0.52329361696372012       0.43826213373796336     
  0.48808132482075678       0.47317860001643625        3.8601465754185535E-002   2.7493516685049183E-002   6.7977715761061153E-002   7.9007482531196174E-002   7.8918788940866402E-002   8.4871502609859761E-002  0.80132691403440304       0.19817928405038493       0.21323801370224948       0.17232887550177678        7.7655745201858487E-002
  0.40413176490535879       0.40353622937023503       0.48780428620885313       0.48300920502969436       0.47767690246701400       0.34920494115433559       0.40232214319875165       0.48210703642719083       0.37569035450659161       0.52783214096064368       0.39879649117715599       0.50885432432805178       0.47881052068533936     
  0.51955195557930667       0.49913362021961788        4.6701714233289893E-002   3.2670680590618138E-002   8.0680288565006780E-002   9.2082481161069679E-002   9.4493223743332563E-002  0.10296330201874491       0.81877891585636409       0.21281355853176501       0.24018271953365583       0.19774113312912775        9.3507718895294800E-002
  0.41381065000963263       0.42191549526519512       0.51594088043999975       0.39081708141717142       0.37514446356316827       0.36925432753111720       0.42079308621473843       0.44639971950319601       0.40324982861678910       0.53315187436252320       0.42909864753397398       0.38403362032110183       0.46537337914365101     
  0.54642790038370259       0.52253805553931065        5.5195134077022978E-002   3.7892382772958748E-002   9.4143881739624860E-002  0.10579525017879469       0.11116905666179336       0.11978316645700565       0.83376850806962721       0.22417990840134347       0.26451746503484641       0.22151461428920072       0.10910306101991259     
  0.37632112940492235       0.36731924240433061       0.46417137394152314       0.46659046895737233       0.43384498685565248       0.42841440794552360       0.41863145967056992       0.50485196423843504       0.44885889861435357       0.39525676546527833       0.42106194416009141       0.34170608351491993       0.40569198673361051     
  0.57046155740358351       0.54531267779376891        6.3650412963201008E-002   4.3075892032821105E-002  0.10808980987806303       0.12160576626771938       0.12886427317948798       0.13546808624025211       0.84582045931670713       0.23491536106450459       0.28588133527632204       0.24297206506320351       0.12368618360194665     
  0.39801341153650865       0.36551856626636892       0.41629663064298000       0.40382102137622694       0.46120892334963254       0.38989473616205694       0.47193508114291333       0.45535506176817597       0.43403935404610966       0.43561078091438510       0.51220161540618359       0.44752060755639989       0.34259175907038758     
  0.59061245367205373       0.56266201540870298        7.2333044072256172E-002   4.8519466191408553E-002  0.12370793658574908       0.13891199978530144       0.14643085372062209       0.15123374052530278       0.85578669602589141       0.24462946317256481       0.30310424405967923       0.26201925919893732       0.13818500690245317     
  0.52472793741915569       0.44536544563327968       0.49924422477892966       0.41175770903831987       0.47139460165561758       0.48681092617183269       0.46498249409285536       0.48067975269908064       0.47298363383758774       0.50289346865946749       0.44110814667668063       0.36195422722638243       0.43391320320558874     
  0.60793780850350820       0.57675697467100950        8.1007839764508316E-002   5.4334278077038299E-002  0.13745116167609503       0.15611358163016339       0.16292383414553147       0.16841511150492650       0.86503541457631772       0.25449520460043673       0.31875402223247973       0.27964890757403565       0.15324124239951176     
  0.42359876403446745       0.38403362032110183       0.49468685673994595       0.52379892326332256       0.38543596668137164       0.38410991202208672       0.48772814441025963       0.47798450266999176       0.39111252275871455       0.44173135306032607       0.43054289649129640       0.43324907883852509       0.43795904416778608     
  0.62577076164777379       0.58948873989339112        8.9331162270000722E-002   6.0507867476927546E-002  0.15197208998222536       0.17208905450380463       0.17905916080753817       0.18186229849323068       0.87303557265474929       0.26272553788442743       0.33489888803792150       0.29774948458779088       0.16811169784245800     
  0.34470209043132438       0.39666272260342444       0.46188144909549700       0.45171375888177245       0.41134441472357808       0.47230702796258828       0.41855168032091533       0.39216465447220522       0.46660231691694720       0.43513038831082762       0.41094250870355942       0.41012306687197603       0.48517755009224783     
  0.64322694611201836       0.60179165521634181        9.8339685795157838E-002   6.7231174613824177E-002  0.16554375934933663       0.18694699167912940       0.19511284698098569       0.19362231865907989       0.88089586679126453       0.27018271441966213       0.35231271471987879       0.31678825513317171       0.18222078246443246     
  0.39460417491302380       0.41890413228296297       0.43242817933679417       0.69630060656681203       0.36444736832043345       0.49665650954418100       0.46570037998221664       0.35843359362816246       0.45861279848543429       0.55470237033507064       0.44699212909320207       0.39297896601287413       0.44496862556771721     
  0.66030627615359727       0.61504551694603660       0.10826378506471616        7.4052396389393635E-002  0.18102049252435623       0.20218567420659708       0.21093678389094939       0.20795131227655952       0.88838704852298500       0.27666091296960205       0.37048790806569593       0.33509480664086516       0.19646627917833784     
  0.37842928000758275       0.37273783032166580       0.36987068063675294       0.51450219143731402       0.40098659917384039       0.47555129688144621       0.50276360270410403       0.51826748451172222       0.45084004418281021       0.36397728816228136       0.44823527666984020       0.45592902727991869       0.41114665931006661     
  0.67742505093473504       0.62818530799985528       0.11914266128159182        8.0762382643699490E-002  0.19621671847504440       0.21780388961044475       0.22617706863562675       0.22142550114488299       0.89515453178048476       0.28293024067658701       0.38837689374116768       0.35190139699397532       0.21113013222253879     
  0.44533343311985280       0.39001291241171088       0.42721956411537909       0.38753140537362141       0.42855122720604333       0.46956712729260497       0.38522984351000095       0.44345798526581737       0.34763814406655946       0.39392753263935187       0.48919872978395712       0.39986553322498164       0.37453930161301752     
  0.69268864454243884       0.64033716109053018       0.12921653917623463        8.6968092376406778E-002  0.21224248001316945       0.23347775849832150       0.24099516525257572       0.23623513841305627       0.90144209911367590       0.28837701125626103       0.40494426725590787       0.36697919432734444       0.22600112567255654     
  0.41386574316483682       0.46111907596984691       0.44138812725217452       0.40073289105681881       0.42233820315115844       0.37804510140588360       0.41671460555928663       0.43297441441005780       0.38562728523444151       0.40246281537443712       0.38735284996226593       0.37596999388239705       0.46687066763275847     
  0.70634450864529386       0.65107409421488227       0.13904850331286156        9.2755719562575029E-002  0.22918626911637247       0.25239080048767798       0.25568133357179507       0.24978267310065147       0.90711715472779819       0.29356827450052086       0.42041740034730973       0.38193179929344317       0.24099013575635123     
  0.43939573448664820       0.39975722475880160       0.42406522947257530       0.44354924361503884       0.40917134485362683       0.48957811173650351       0.48587955178277825       0.41237725395288405       0.40688143151164918       0.39935551883592307       0.39758852727943422       0.41848850643511804       0.43167373222920796     
  0.71914822954727753       0.66124837649523704       0.14980528394236531        9.8752094794983938E-002  0.24670720513780242       0.27100966025302203       0.27000518447838995       0.26165602730752668       0.91228459417930019       0.29862617315035167       0.43570143330925609       0.39629311921776206       0.25618143624872036     
  0.39001706396943359       0.39894369725541068       0.34547040851785316       0.43019111680570238       0.39706084328835822       0.44974817412150536       0.43692010130214637       0.40844154371801095       0.43021894626680912       0.36776609811770750       0.42576435973580679       0.38412834442727067       0.41319342314559315     
  0.73164013491017832       0.67096317446067522       0.16109814277914145       0.10554926999058928       0.26278215088758505       0.28956120672150698       0.28339003214598213       0.27369241512819442       0.91720673876473291       0.30416694783781745       0.45155971404833450       0.40833109104606607       0.27159174445017220     
  0.37052519463998468       0.33134489141761020       0.42353255243393861       0.42484293490129826       0.39034234807559670       0.36847981137586167       0.35591795425613815       0.41649987420972651       0.36595276151101508       0.41634030062591659       0.39060533575572670       0.39723420171207452       0.46675360545640876     
  0.74335453581845723       0.68116279444836125       0.17212437649428269       0.11265501685795019       0.27728084012608989       0.30502722280723205       0.29631840467648296       0.28786747184422812       0.92172532084130199       0.30970343641089942       0.46808917491593438       0.42187259364494778       0.28814598516284867     
  0.47025763160081774       0.52037509814884697       0.43303644395285462       0.46568959410352345       0.47888296557477600       0.38695792660959016       0.42044008327209675       0.36624395580545172       0.40868358065287097       0.39275355133531986       0.39835013552243076       0.35890585118743074       0.52512790092772621     
  0.75496964692124413       0.69196087357105440       0.18347564996749616       0.11974196377113859       0.29166673755796330       0.32014346549825740       0.30849933237940624       0.30318119999833931       0.92602759845798865       0.31642026331376216       0.48376604919638361       0.43462639895841437       0.30596242081068964     
  0.46372021216004011       0.39773376027661739       0.47680139818544959       0.46485076683827836       0.35892587086201166       0.41124714254395489       0.46917262341390581       0.39521094350455205       0.38414640348131346       0.45651009066893544       0.36381729705506627       0.40298276928738286       0.43497749999234009     
  0.76671879477369409       0.70343964513434831       0.19588822651023169       0.12681018257872229       0.30584175749127973       0.33577870217753358       0.32021813607169414       0.31816714181614519       0.93013284221795400       0.32215357178988668       0.49864003972477972       0.44894417945142634       0.32352282820303335     
  0.41234715685006962       0.50927312766554989       0.48908670139042199       0.43440844594488204       0.43343007305403114       0.46417027870954691       0.36817606528959790       0.43286362967053549       0.44281291723983901       0.36010164019923263       0.42503109134333533       0.44603007369836933       0.48055461086231432     
  0.77830027527773493       0.71472595484981338       0.20885366659200538       0.13437250214809091       0.32088815977362406       0.35137541201477884       0.33214766063953582       0.33314158533450666       0.93396454151163122       0.32729969643655804       0.51290316688597670       0.46395481019003365       0.33921311536507537     
  0.44462314845864076       0.38107479699311703       0.41817999178534349       0.41534799008783913       0.45560412398302030       0.43547875159522631       0.37851032707082660       0.39434037927675342       0.37153448085129170       0.39615160920396397       0.47886170864147698       0.41492308423569746       0.53318020962941259     
  0.78919866869441502       0.72417615397995638       0.22126765226935885       0.14203861846197335       0.33633615891513258       0.36925048149077416       0.34453418455839235       0.34882752588238813       0.93760086713626034       0.33276226311386253       0.52561395862406046       0.47959077324394428       0.35420042838751803     
  0.52246961763439637       0.43098260760556473       0.38281190231046613       0.45157675389747193       0.40975944989593910       0.45117552272515143       0.34981434873802869       0.47156814495666349       0.43749811162561891       0.38549513897470061       0.42434301957258191       0.46653704026427129       0.40135077563213062     
  0.79863553127780440       0.73305773250266892       0.23472432526667297       0.15006523854639300       0.35201362073282916       0.38593497195392878       0.35883969339546368       0.36445855566184276       0.94091862378141500       0.33919135904434949       0.53704244249068223       0.49535043522754674       0.36927488329281144     
  0.46193837138046939       0.40565752393012788       0.43734660879956655       0.44987308905265583       0.44490115416843579       0.39484872334920507       0.46673729924819962       0.42116623622499028       0.51453867706821221       0.40145183085293651       0.45667964220428414       0.43165815199789981       0.46398003330810217     
  0.80685956066205844       0.74174562733240679       0.24929410234592780       0.15804059428411651       0.36762416411425419       0.40158165861300582       0.37427776832564319       0.38016883574819083       0.94408976342501549       0.34567043013354237       0.54894251488872570       0.51005727228224618       0.38454663847661963     
  0.37726414495077376       0.48101722637847977       0.43121672898294239       0.41370868906434394       0.44875410228941170       0.46865141830332463       0.46521672868330727       0.40599759720754180       0.41650290977769022       0.41951444188558762       0.42639361893692834       0.50671628028494575       0.45308667324054558     
  0.81480691966696284       0.75143738728625975       0.26531804092432526       0.16682013884654101       0.38348932934727303       0.41662671611310070       0.39060364210136023       0.39457412982906265       0.94713365022751228       0.35199822475239329       0.56144498950494970       0.52519674117490878       0.39953345267101636     
  0.39090065222882719       0.37344392355042699       0.43504464420582561       0.37347272403027415       0.45226213992635023       0.41388122164137164       0.49146903621365723       0.40214263155456859       0.39991888712386053       0.38720076163765849       0.42437717108275930       0.44103621450642239       0.39447842989320642     
  0.82337795604236452       0.76083864829422820       0.28248373334738086       0.17620713990023010       0.39775627933743130       0.43236331327264810       0.40662659078296659       0.40878863169993157       0.94992857085815796       0.35829431004938356       0.57341427819168511       0.53942367154278015       0.41374660484850811     
  0.55777920767069888       0.45511164883037669       0.46759558075063906       0.44663003964483522       0.47591134509533972       0.39698344283309112       0.49040022784228038       0.39193118646621539       0.36174520372399183       0.43268839529503733       0.41190064128854958       0.45278142105795555       0.48464541978183751     
  0.83170264394166926       0.77028788752909860       0.30056697059453841       0.18596273147526229       0.41127285998540170       0.44758038114476195       0.42113865948454521       0.42307256427109019       0.95257198320176040       0.36474686046940469       0.58450048704128965       0.55306692410715330       0.42867739155166618     
  0.39441704826623142       0.41015001201092061       0.43317270657968016       0.43496182288351082       0.41093995537167077       0.43060469254783112       0.43167962681485267       0.44734881482147987       0.40801844885334071       0.44980028228078306       0.45042362965162069       0.45227307344322504       0.40391764961214255     
  0.83931546099769894       0.77930304935372730       0.31854442078642747       0.19599598722126743       0.42477049774319603       0.46280105843224079       0.43469553435637182       0.43860872570122911       0.95505059759371091       0.37109530108907168       0.59596167592844485       0.56647297951724607       0.44382066166945955     
  0.35738965459537175       0.58230872471795603       0.47310496508136513       0.45675242187345677       0.40073118250720008       0.44859121048792161       0.44407840933870957       0.49732869322725770       0.39247725783304449       0.45803287325383818       0.42831458971528175       0.42909455716752076       0.38570426841179734     
  0.84654187780962531       0.78774456544149307       0.33601407785921189       0.20665823342819059       0.44036559040825107       0.47787038841912266       0.44730935432722396       0.45615248617340554       0.95740311653891985       0.37731483755939049       0.60813073225731562       0.58024783808426217       0.45910885804843715     
  0.36632987015500107       0.46746812182039332       0.34518899336542963       0.46530093230422981       0.46501478097631388       0.46725028351537851       0.39850051426252553       0.42639993741666871       0.43636287920443223       0.40496070761421760       0.48785514451803264       0.51397448704779003       0.40024458136126212     
  0.85413046369968959       0.79535967776305294       0.35417131025506698       0.21816138541876590       0.45832994817541067       0.49378941632614143       0.46101664066367559       0.47430117227223334       0.95966667457494004       0.38358744320430316       0.62123522815268495       0.59453326467209233       0.47367037253347638     
  0.45205530884471867       0.40839174744841089       0.47316642486259980       0.45994851637246009       0.50180923285010959       0.49788750425749279       0.47917569037662278       0.37147770576567024       0.43452832065679453       0.54051834268638510       0.40903210200698742       0.45924848533445561       0.40343622894707004     
  0.86207361143413708       0.80264465960608078       0.37443641925831267       0.23031193020761806       0.47667481640151155       0.51033021648736121       0.47509450453827479       0.49174724651390422       0.96169229643755749       0.38950248674702720       0.63440788220998390       0.60923193702845935       0.48850255280834154     
  0.46541147813500278       0.41052655375387653       0.42638968472474409       0.43574152343914047       0.39698783712506869       0.48330554640411894       0.45130531162622722       0.42481505766644362       0.44770027377132166       0.57330192157065463       0.45391656435258537       0.42766344141561780       0.42523171385782160     
  0.86967007418807307       0.80996462173180228       0.39203972013452681       0.24291216490583595       0.49493303084890078       0.52640432890325939       0.48904654324340424       0.50865150406840309       0.96351490498008108       0.39536443252053488       0.64706895921764074       0.62475291714253156       0.50449479141267295     
  0.43795126412878016       0.44038463449207460       0.43758193038653154       0.44812267187777433       0.40782776873912335       0.39097257130310753       0.40170873693425546       0.44830652519217429       0.39388012399373312       0.41492831053562856       0.44480650411100070       0.43923729225190228       0.51202947546587629     
  0.87662156196685426       0.81707663541310216       0.40953461385115153       0.25546701430629337       0.51285275749888026       0.54213696863987659       0.50419208605879873       0.52510501593575076       0.96523202061194879       0.40177343954513139       0.65959281061291741       0.64079406439161246       0.52000092052596114     
  0.48010900099259235       0.41059884595695384       0.35424723806952596       0.46964198475529956       0.43603369690193577       0.43378515419744745       0.38692023137107873       0.35797834719805932       0.45996962469907354       0.40074430159222252       0.44349626755888932       0.52492221718093846       0.40641382827372524     
  0.88283695104666227       0.82437291886177833       0.43323094526732903       0.26809850898274767       0.52870332690612099       0.55862257407620197       0.51931550786540392       0.54146362846089180       0.96686759704622238       0.40929269751167946       0.67234504690200658       0.65590239349914592       0.53607106229138057     
  0.45340874405866560       0.48406145129237976       0.48752395265334436       0.38984888010509050       0.49365855805024478       0.41506207396530426       0.39070959947437545       0.49594200770780389       0.46327182056649180       0.43842742632153947       0.42370989184333507       0.43692266908040278       0.46180424462660563     
  0.88872271278214898       0.83119717919911440       0.45523300263210459       0.28061316670462616       0.54295791157019246       0.57565732794870117       0.53588437255038279       0.55753706416285909       0.96861072991775810       0.41703944446329938       0.68560273885214296       0.67005735842067771       0.55183757275408518     
  0.39257410142087168       0.40162325365117130       0.44550936039135691       0.43595386701013267       0.49323458700779776       0.51143499776181955       0.42106916177687986       0.46087365537565633       0.50202653151840859       0.49083767486004221       0.49358905782654156       0.40504018450759571       0.52341006832388182     
  0.89467261454998492       0.83765644917693205       0.47628210600938198       0.29392090701770296       0.55766338127598258       0.59271064343964341       0.55345198327471867       0.57233962655224668       0.97037261798630059       0.42446683477913150       0.69852215621904601       0.68349428157323033       0.56655065506715618     
  0.44523256466858818       0.39904645789836812       0.43634631643314165       0.44599519408084154       0.44584083731658464       0.42954780320190161       0.37335280935344595       0.48718576372699640       0.43490039642760969       0.42433971880627569       0.37563437947319872       0.42833970269180921       0.43492092053104925     
  0.90055679886016604       0.84472457012166247       0.49693801678699245       0.30841900543847084       0.57356415827665741       0.60983281520414856       0.57095316931982110       0.58648059697350696       0.97207599420024415       0.43181573976543203       0.71044668021602475       0.69670541984642043       0.58023466838742743     
  0.44823091978831642       0.47196735559990483       0.39669281890872143       0.41073297994085090       0.51771750788472470       0.47703504073514147       0.50380187689068190       0.42089869448165690       0.49093334004900779       0.45533308941519973       0.54781666087761571       0.44009152639981186       0.42595113111655575     
  0.90634044880630760       0.85234177521026311       0.51783798655123259       0.32324226987287391       0.59034218258222826       0.62624811803858871       0.58785200872986754       0.60122630466615135       0.97373235644401590       0.43922999585329331       0.72134877876539905       0.70972766883667393       0.59423745746227041     
  0.45249857503185631       0.42813930600089783       0.35924105206298468       0.41125636683135508       0.39745682731917437       0.48010322934515287       0.45290075367888449       0.37153471887585859       0.55402708423693148       0.45698977980846084       0.37901546030375655       0.49366142577264149       0.41123488842672479     
  0.91162365586368388       0.85933045851234657       0.54428671609575685       0.33729742954939879       0.60786718704992637       0.64197055495146027       0.60427716054366132       0.61764674285540500       0.97532279796503274       0.44697725316282394       0.73170793179419680       0.72260435841796955       0.61159586882975669     
  0.42503534263267778       0.39285727352691729       0.44455185154156196       0.51660480114513196       0.41092951732235811       0.41782893372581942       0.45541480310645854       0.42757113369773564       0.42305037672681894       0.54241442049821220       0.55260857796070351       0.49776186948821449       0.42431831834782219     
  0.91656402638992940       0.86537128670891061       0.57309799728779587       0.35211474575004603       0.62592346324755532       0.65737333195810732       0.61964232486502768       0.63537728454396214       0.97680951165714169       0.45476706996149635       0.74323201181587406       0.73581155333339121       0.62919539572042238     
  0.44252702157807328       0.42306224094557648       0.45274693638033353       0.42318806305494328       0.40725082715504740       0.38213190114941392       0.41382419039701512       0.42983837782296480       0.43372050061839629       0.41117981164080819       0.46784236361477960       0.37429373336261534       0.44295779215431513     
  0.92123503416742281       0.87116739919045039       0.60493054043783479       0.36796878866122362       0.64507163936666279       0.67298260055330594       0.63490163001924382       0.65099999117121288       0.97821850127405785       0.46234823855007801       0.75457006246939418       0.74883748525448379       0.64525542783477641     
  0.41152949097516334       0.38542423026252776       0.46051687723193141       0.49344147176983189       0.49892095613630710       0.39535279398611312       0.39166448730822651       0.45868787899132202       0.42105260100490927       0.44538323217271902       0.53314752705626567       0.43005257342528930       0.43637514927900545     
  0.92586595675930239       0.87622636599428561       0.63500113913574796       0.38550916272360508       0.66557306066718580       0.68893136395394083       0.65100190553037429       0.66389471653538612       0.97958298801275778       0.46989988664672283       0.76511110595034237       0.76267793973774789       0.66136061104760491     
  0.45809051782410992       0.40441330386561974       0.42421035308913363       0.42156681026715831       0.41466060134241134       0.41994106273029591       0.47518784284317683       0.41801152842122680       0.48788873972486374       0.43106195329108249       0.47006055365431298       0.48214310690681195       0.34553647097407025     
  0.93027255134596465       0.88150896038673210       0.66377637309168780       0.40321407552890537       0.68622374248098394       0.70247249199979400       0.66727400100813683       0.67699093371423624       0.98090022218137141       0.47738247022497321       0.77536502257320794       0.77709179965788100       0.67730871413850913     
  0.44889340466184524       0.39985933989161920       0.52063942408897979       0.38270003302653782       0.47685171225588485       0.48313245527295479       0.39313652976067570       0.39269061179966169       0.53189454135597425       0.48274226310483115       0.40976969135119545       0.47462691033266863       0.42797208790677815     
  0.93491984547290674       0.88778442134156210       0.69100475590972499       0.42180247638994262       0.70574216503045573       0.71505771287209507       0.68558005726946269       0.69176220222241025       0.98214241784226897       0.48503357582167117       0.78553569583666927       0.79102146940589990       0.69323493098040978     
  0.36791361978125403       0.41008253074818396       0.38088631653814059       0.46812229024222557       0.47401364203344792       0.43401015292401468       0.40760189249085660       0.45072397957051819       0.42370433348822956       0.39829674706752588       0.45691675271522569       0.50553318211225884       0.43349014394037805     
  0.93941085399387447       0.89386251424037133       0.71864473393487971       0.44078814242356051       0.72465744948145527       0.72870859362501639       0.69972864760287312       0.70827492291005267       0.98329436431598827       0.49235363694425593       0.79585317828164803       0.80443905791482495       0.70807304258269765     
  0.41583082903921031       0.50114271418605782       0.37821140913041301       0.46237641679583241       0.51533500519564546       0.42260942580441035       0.47761128341470338       0.43234193674055788       0.44716281662024993       0.42036882615432730       0.38401984809249012       0.42353174231743523       0.42727032767393247     
  0.94370561908366668       0.90001696077681059       0.74424803905053905       0.46002665399871190       0.74179874254436262       0.74367469633707650       0.71344049146802291       0.72518432267954192       0.98437051375000295       0.50034791780370247       0.80651803461534921       0.81754557099887037       0.72272904348110401     
  0.40214359669792060       0.44695115220553056       0.48748386559423079       0.37953041090582135       0.47623983754446564       0.39505929237340948       0.38124908715768729       0.43455474108703790       0.44019654426935662       0.40305395291002183       0.47908622531961709       0.43191003941161682       0.35991908448904986     
  0.94780749493581351       0.90655186495669482       0.76582732486056349       0.47941914032953620       0.75698481936530226       0.75903904718987802       0.73038898709667810       0.74204363801218653       0.98540712451599299       0.50921614065079535       0.81713502903338442       0.83061419403076731       0.73629645341293892     
  0.46761527114394597       0.53097319597106196       0.37861143167395112       0.40919660461678753       0.45232462728774653       0.41885880273811871       0.51728113432343215       0.50115825779762502       0.40410586090407247       0.47446581079701111       0.45035637494470709       0.43271304303376129       0.40761925065487115     
  0.95140803926314954       0.91321209651048707       0.78758014447826663       0.49853597759133439       0.77296393941366992       0.77333156474650655       0.74843347978227293       0.75825097173136680       0.98644193601014207       0.51758269014370029       0.82744214957613993       0.84307733290165277       0.74965844158598494     
  0.45691897409744359       0.53970566837699274       0.36353391685564285       0.42488576278544132       0.38622924690148697       0.44313136873079811       0.44414975899943088       0.42436802382026917       0.48088738039797374       0.45999410440421368       0.40084804785423683       0.40850707733125502       0.36855478444269962     
  0.95492102550477764       0.91971148582540208       0.81097162631102404       0.51887067915635543       0.78678775620082098       0.78642479737335103       0.76566642346022973       0.77426785426870404       0.98740909916528630       0.52677720928511029       0.83822038462977000       0.85464739795556866       0.76411756244949292     
  0.40223272980833763       0.46341605109695333       0.43939780014400825       0.33263392063240382       0.49996423411626789       0.44287689101001088       0.42842524110640434       0.45172427566527656       0.47819095061730726       0.37926277295551319       0.43035828718255081       0.44287079267099161       0.41840697013389849     
  0.95846781535274417       0.92587783503751608       0.83464101008783376       0.54238316526559760       0.80240695664589723       0.79922948139931627       0.78134848126197831       0.79085298370075652       0.98831373684040769       0.53606629594272570       0.85013528143965322       0.86625846966089781       0.77931907716626314     
  0.51177154338912545       0.42763208175889877       0.36637658819428526       0.43486376823271694       0.52631687623120549       0.34141365267517360       0.48063303854281197       0.43333744060488472       0.50117570568738068       0.43150384737948727       0.52224264681996835       0.47218656839617934       0.46019009493824342     
  0.96207101485224589       0.93192445201557639       0.85822803898142064       0.56931621698610102       0.81948636783747886       0.81279290678888727       0.79661589796302235       0.80908079274037936       0.98922882805258006       0.54506510899598370       0.86158070383775720       0.87846202964102116       0.79472167336245692     
  0.42200229984097248       0.40668037092889331       0.44629208013992638       0.37446859197532795       0.41045142765558823       0.45480102917247722       0.47114949335298306       0.40456244874438990       0.37923110745051736       0.41738162095425085       0.43621818746017993       0.47570060343204568       0.45290710458686917     
  0.96572214533476863       0.93777469169805039       0.88095195111495073       0.59977749747794784       0.83555320752032336       0.82705260731431851       0.81193741345195813       0.82724310096598441       0.99016713633219766       0.55436565894978074       0.87179988791691410       0.89053631586557913       0.81073986760881944     
  0.50376498339385256       0.45747084423016532       0.46963153049951839       0.43868600879049313       0.44418064025352455       0.49632947803431410       0.44292037310366461       0.48940289535077303       0.44982780622026447       0.43001952113147862       0.46147605970356415       0.47099069565625540       0.43432585582120609     
  0.96928240631938301       0.94339934724473307       0.90081563592340852       0.63194056369350848       0.85217737155085960       0.84187298364737018       0.82870895380569043       0.84423793762236932       0.99102285182914840       0.56477633933660909       0.88171752963720118       0.90052541961350441       0.82756798801817777     
  0.51116859151133232       0.47537099799625304       0.47281755535935988       0.35514397747002618       0.45684692501547991       0.48350944648440036       0.37098087385149631       0.53087411430449527       0.49264661382647479       0.45027049878656011       0.40845903640183623       0.40372313017504363       0.51236202849543488     
  0.97262347944968863       0.94871295081220053       0.91639417541771029       0.66307642821832569       0.86900956353778747       0.85620038109367913       0.84774742431142114       0.86018699839978552       0.99177105463325688       0.57635379157045263       0.89227350689242391       0.90928902603139794       0.84502290986129758     
  0.42789678319931829       0.38040247916797487       0.41031265991806970       0.42663772932067917       0.53938851269346932       0.45165333675142677       0.47390889027405531       0.47459382579045817       0.45839834515586597       0.43024989465530367       0.42149446538692575       0.43712458163236739       0.43787472743359113     
  0.97584357032105473       0.95394084012407188       0.93252310657690340       0.69344970384999705       0.88542750786476798       0.86999013068225839       0.86596143735411979       0.87519678631708919       0.99246870001039111       0.58900861174041719       0.90340411463557002       0.91910219545551086       0.86291496844898929     
  0.45081535534693157       0.45855908222138630       0.44689938425888953       0.41506471483949248       0.41199837487500607       0.45686564377011962       0.45003772842455703       0.41862448768851968       0.41930296649430160       0.47239703064946936       0.47498877879517237       0.47960770279745468       0.48693072453047981     
  0.97904829947011562       0.95914895089220986       0.94684928347825292       0.72495102239520759       0.90050392640775145       0.88413430280384919       0.88464622372032509       0.89023517373115557       0.99318817196688025       0.60323780982258657       0.91467271418765861       0.92951553698650546       0.88072942254129660     
  0.51848154508854305       0.51530361090020138       0.43802628656414516       0.41546454338709182       0.42366352595975404       0.49824432116424150       0.43299936669058109       0.44977378724291506       0.47138630821619343       0.51493667934858234       0.45233340396972305       0.51624073189450592       0.44209286675703863     
  0.98221874527248398       0.96410855618288882       0.96081292134518081       0.76170172417443660       0.91518665782913566       0.89857098200771901       0.90086062219466057       0.90574693838390918       0.99395046247002083       0.61902498270088591       0.92647702364718709       0.94012306651587096       0.89823955145766388     
  0.56017814794592424       0.49546718335386436       0.45739966303538782       0.40229741095475713       0.43931728054568736       0.45912514397782361       0.46011541982802534       0.43468094528006201       0.41644650830711144       0.47828854542138260       0.47736508928071958       0.47841517651327803       0.44333353906391954     
  0.98523197793657047       0.96869912717987872       0.97001706876171701       0.80289372722280627       0.93079879229846907       0.91349127296602217       0.91747001906395520       0.92204160511476319       0.99477417838056048       0.63534914969875611       0.93895562151570333       0.95087648376175116       0.91588959478525500     
  0.64892931309604451       0.46748664332923257       0.42266231021856759       0.50114611566196943       0.44963333308460346       0.61270597526393977       0.40936751732562449       0.47287484520864465       0.57900490762550127       0.35642045542952083       0.40520791442962689       0.46618363667918700       0.54697876411087876     
  0.98810304270712468       0.97332585973577423       0.97710387750841177       0.84310019684414761       0.94719167080025990       0.92859545712370606       0.93408287373628973       0.93859738075325272       0.99558283745655884       0.65458896845471537       0.95149544988999823       0.96113347119846282       0.93128019941455320     
  0.49130826330719718       0.44925391990020080       0.43183764481373410       0.37044051709213799       0.45236198870172006       0.40782514185485069       0.47355440289571277       0.43374631420739362       0.50869491676330691       0.38248722401674762       0.49930729768298598       0.41047721981215879       0.46043142753792177     
  0.99101351913371483       0.97877674795847636       0.98291798085155357       0.88288955085522891       0.96173292882926709       0.94379987547462840       0.94950319554832474       0.95478854665706536       0.99642315390384395       0.67766194450686590       0.96314430538795215       0.97089852377566255       0.94718974748033469     
  0.50301012799846578       0.46792797364969629       0.41253617790806529       0.48961384451557355       0.46474028290376496       0.41096918544651651       0.39872382472614043       0.42945845841306418       0.55552229710614931       0.51712152867266714       0.41487434049547572       0.41980142381387381       0.39978372592595374     
  0.99382954637200616       0.98559013212280711       0.98868133624293886       0.92251692210949054       0.97446448601456659       0.95997221057041560       0.96919185565456401       0.97007640213898028       0.99737330088454956       0.71347967730577311       0.97548646610228285       0.97913907422087132       0.96346479287025333     
  0.41628984587785461       0.56576810245640086       0.35213115935391592       0.37955317905019520       0.37149600004058120       0.46325782642333929       0.44304272725423460       0.45940852885688344       0.42885135798672946       0.50331525459538495       0.45340039215594075       0.42787691084961893       0.43788826865472158     
  0.99674683052860791       0.99269180293526127       0.99405556947921614       0.96268910995866852       0.98738627238586074       0.97836490473807025       0.98397816618449152       0.98569295614118957       0.99852915874610593       0.78475164976432155       0.98766275312730190       0.98962663297090603       0.98088993597824592     
  0.43806080977419365       0.55878797961318416       0.37063557814481929       0.46437767009646186       0.41741859937343834       0.42552423045937371       0.44094905184825295       0.36217445542336546       0.48216577939887684       0.56876287266491021       0.38403362032110183       0.40576250904415689       0.44488260875700203     
   1.0000000000000000        1.0000000000000000        1.0000000000000000        1.0000000000000000        1.0000000000000000        1.0000000000000000        1.0000000000000000        1.0000000000000000        1.0000000000000000        1.0000000000000000        1.0000000000000000        1.0000000000000000        1.0000000000000000     
  0.43584199180741606       0.52898667149226619       0.52234808045210468       0.39691926234015734       0.46241436432994698       0.48167878718219598       0.52144435533416134       0.45510109075258215       0.38403362032110183       0.34518899336542963       0.40312322572524556       0.48383199037951119       0.46312050586433168     
   9.9563575826719077        8.0010119840035259        16.461073856603615        7.3058098101500359        13.630917096289398        14.454324619756827        4.5513812285982382        12.271891328223623        0.0000000000000000        16.792428801778403        13.995866594890900        11.092690445714936        11.338787406258259     
   12.572259699924400        4.9422154840117418        3.7736849947491926        12.740912700576711        10.433210666288149        17.117857212131714        9.7721816246410995        16.232765140706750        0.0000000000000000        10.540458777658230        8.0586670094509234        10.631239969108339        13.077336450544943     
   9.9573525199265251        16.536450681423702        7.6548464307537829        18.864473281943113        8.1222578247415633        15.382114060788892        10.508468280678324        7.9821802409032854        10.624200656566593        5.0512578828371035        9.7129609058952013        16.766933648249911        6.8907140105661222     
   11.235685914195345        9.2109603036771794        4.3672904625175688        10.381394196931913        9.6127536029261371        12.271549181552521        10.185248550042378        9.9729258305214579        9.2746804874434883        11.324881350491642        9.0828856371712181        12.468443748938103        5.7143734063824159     
   11.209300609982073        4.2995178932004956        5.3947139346908024        4.7911035368847434        4.8383038442691220        9.3411005268986624        11.922924099841547        12.046707509419162        10.556095103936302        11.013239490115774        6.8196952278347593        6.6140687153937385        13.311255717743625     
   12.117354394086895        10.785180322622564        8.9111528645331717        8.7864656707404407        8.3279684395676341        5.4682721624428305        14.517839998186497        9.5184839485967139        11.518004898784262        11.457858102627920        16.289766513968033        7.8590637948342428        9.9840196061636828     
   14.468775474713373        13.785432942698288        9.4269682655096343        5.7983364269691524        16.101835891252520        9.0231930661203368        12.225833057067252        10.738136312742057        11.282236081876794        5.7883175665189697        8.7018063516270985        8.7264762175156410        7.0141929841155166     
   7.3233132941382539        11.848799671960759        20.893796185544300        7.5760920801635718        9.7672089463181102        8.1386634855620290        8.0078000859685226        6.9542557971609762        9.9954780242270491        6.3826200709719254        11.556042222739581        8.8824367236705974        10.401353719620197     
   2.8321407515730769E-007
           1           1           1           1           1           1           1           1           1           1           1           1           1
   4.7041029456204484E-007   4.1313574648073813E-007  -1.4524901919872940E-009   7.8660360297946763        1.0631970392651998E-008   1.6348651411598252E-011
   1.2338631673648471E-008   1.2033175264130991E-008   1.8762674262837452E-009  0.27672959317780566        1.8759176734125800E-009   2.3708105017166687E-012
   5.0000000000000001E-003   11.353592686537606     
