   0.0000000000000000        0.0000000000000000        0.0000000000000000        0.0000000000000000        0.0000000000000000        0.0000000000000000        0.0000000000000000        0.0000000000000000        0.0000000000000000        0.0000000000000000        0.0000000000000000        0.0000000000000000        0.0000000000000000     
   2.2270340087133175E-004  0.29211969645526265        1.1817856090904331E-002   1.5305004854421067E-002   2.0536958418901033E-002   1.5153814551533109E-002   4.3696385762814118E-003   1.3988576350476380E-002  0.24763978658519964        9.7120139904999320E-002  0.10584888005884548        3.8059920773975513E-002   1.8120079939549900E-002
  0.78860685138062225       0.65780758672722306       0.87028568713055010       0.98592501923747144       0.91569537376398980       0.88483141030465973        1.6784503650566729        1.0233163094274609       0.65780758672722306       0.87652747252527929       0.83612313991347242        1.0889625236059015        1.0218456673623526     
   4.0216991320861427E-004  0.31723275787775623        2.4532203949299902E-002   3.1229695107482820E-002   3.9434435846679827E-002   3.1121401094079768E-002   9.2044245942963943E-003   2.8452807200901636E-002  0.36315584384184507       0.14108407575622539       0.18819712935676169        7.7114080088965448E-002   3.7262359504803041E-002
   1.4858860942224528        1.0472410040146782       0.77964442629837294       0.87986045399646873       0.83950534083720785       0.89873943615943097        1.0946091069639721       0.94347372720066913        1.3729264779067409        1.3827278000533711        1.4384570259157790        1.3167082505859073       0.99337603516497619     
   5.6031092091882162E-004  0.33064996464641566        3.7044181916585199E-002   4.7770992329910299E-002   5.9531940807666966E-002   4.7225931772212050E-002   1.4104706896725265E-002   4.4041950181517256E-002  0.42250338404530280       0.15329184313852295       0.23721325240012561       0.11397061270950021        5.6206504334935618E-002
   1.6880783612253607        1.0349913268221957       0.82895531509441922       0.94295213593766702       0.84474286735779081       0.92126466782750494        1.1333906378664822       0.81990546881794102        1.6982824805265575       0.78827416439789111        1.3527518747360092        1.4019048261066183        1.0378227150473991     
   7.0514297161142366E-004  0.34290236489431980        4.8830091961388454E-002   6.3760902245021553E-002   7.9270995587227625E-002   6.4411783654834021E-002   1.9669893579839556E-002   6.0682696387952671E-002  0.46358145981821114       0.16210376573249149       0.27642553692839716       0.14655073032123225        7.4860070455566724E-002
   1.4437944016175854       0.91198871078374955       0.92707040358041404        1.0440635828962266       0.95393021267835165       0.98277562385345285        1.2351177337155417        1.0419706748790127        1.3319718927922986       0.96839377949951966        1.4133470242136179        1.5802655182980345       0.97500866303892708     
   8.5535927149124917E-004  0.35522719182094220        5.8783566768308107E-002   8.0466090828219955E-002   9.6638818529538650E-002   8.2447536890969342E-002   2.5052658097757891E-002   7.8273661535136554E-002  0.49166788442847476       0.16992739142985050       0.31009571823986881       0.17360664271513038        9.3336221777449810E-002
   1.4375812374293435       0.96043092805282415       0.87067604186059566        1.1508220663359026       0.83157198717384362       0.98060673448591984       0.86434536666286510       0.81702229967704432        1.1141953606636599        1.1326462106940001        1.2188705465264751        1.1188456315684632        1.2714538212295745     
   1.0174833625178844E-003  0.36743053523421482        6.8508922395245836E-002   9.7726231103235237E-002  0.11616022168827989        9.9743423179125379E-002   3.0327590065425590E-002   9.4903736779252873E-002  0.50938904472148139       0.17687704705010934       0.33462315865771841       0.20033943198113244       0.11126292016427347     
   1.2642195044166982       0.85920045390984434       0.87626412806176546       0.81258499300861942       0.99300197932896395       0.82535764527104882       0.92957270744934362        1.1688775196520023        1.0721973722628244       0.82418259327189825       0.98586864582170186        1.0575241870477052        1.0332250751371601     
   1.1959280410623941E-003  0.37894335565441484        7.7861708699077173E-002  0.11469310077739193       0.13593286800915699       0.11616890110088481        3.5298776737308288E-002  0.11141719368101308       0.52786359416549022       0.18411084956055040       0.35667281880208329       0.22519784604702514       0.12795807821264965     
   1.3812370569109735       0.89296872887946599       0.87111257219919325       0.98156839680342367        1.0056094473391788       0.97699889312572519       0.98419040371176492       0.90012390949291377        1.1867178649508976       0.86378773650890062       0.88206149539750200        1.1006055897665112       0.98534095762003648     
   1.3667692502301997E-003  0.39075681854771216        8.6298282836305348E-002  0.13137008119259982       0.15334099411135629       0.13306944102490853        4.0147340734069392E-002  0.12697396208362186       0.54580679949156630       0.19292004517399286       0.37815930912281021       0.24755667149652377       0.14403535521022837     
   1.0122009510248318       0.84234829634438968       0.91536674829880427       0.92335671635859873       0.84411267663600253        1.0215673052451186       0.88266033203131478       0.93104282166699837        1.3092355659339341       0.93496871917267221       0.99798391146284859       0.94754456652800978        1.0309201347829180     
   1.5529279944492737E-003  0.40131965878728426       0.10047243156872362       0.14735759295590428       0.16798423092556766       0.15059251249667335        4.5079416039008516E-002  0.14284468014891005       0.56299171375353474       0.20220021414877087       0.39695167939130210       0.26838809731975777       0.16025562842300620     
   1.1080739156530366       0.87382263408006466       0.94528493096362320       0.91848308620164876       0.85875663844289629        1.0417068813940942       0.88237079439111954        1.0159077710187001       0.97576670793912024       0.97099461855386937       0.81268294828632170        1.0035874745437574       0.86670362458478833     
   1.7570783184601391E-003  0.41217771258349073       0.11597482426323111       0.16312250006093926       0.17923477219760725       0.16868003012531757        5.0377531228948988E-002  0.15775342195659670       0.57861716923581197       0.21046796852396202       0.41740351614905041       0.28673591382955449       0.17629092779286448     
   1.0746645489805295       0.94498045172420675       0.89005218766641114       0.89494221341157743       0.81264540857390610        1.1258945433661092       0.94470825486572407       0.84579573915642592        1.3914827388304369       0.95821720062589244       0.96576718861247501       0.96172296922434897        1.0816143681823056     
   1.9807639520505950E-003  0.42253053715788164       0.13269693174037164       0.17844663353922391       0.18998897875228080       0.18650092583196243        5.5496516356248429E-002  0.17374603018877494       0.59159258971041206       0.21713034901944811       0.43871163858494733       0.30355212311495067       0.19137805930884169     
   1.1482059777386240       0.82060747411255519       0.96006575419202755       0.93636540867491425       0.77504785314463265        1.0261717197600027       0.78455135961035150       0.80423389850481131        1.0947260427846739       0.96507057917205241       0.96305047670818089       0.88565036241911277       0.80222171736227399     
   2.2271782590953630E-003  0.43259716673415755       0.14916912261634838       0.19344513718591294       0.20245626353300900       0.20333203483087664        6.0621966698681251E-002  0.18994866821565978       0.60203187120065482       0.22267984846299385       0.45972758970792960       0.32056323504677903       0.20528302333427251     
   1.1897104315472558       0.83213667468392438        1.0220396446638764        1.0034141497563589       0.84678565337881040       0.98136102665180525       0.93450161870676141       0.93478537584540833        1.0046518411076943       0.88682626997980341        1.0455823559253550       0.90292802752525347       0.88364748718318531     
   2.4960509581904858E-003  0.44295642642076355       0.16448581426409981       0.20932515766429835       0.21424373160978813       0.21914530826001177        6.7391829917869919E-002  0.20634545927630468       0.61294986305406152       0.22792706802902052       0.47981220328083796       0.33759630151176823       0.21966475363753030     
   1.1875198538916309       0.85332558350629595       0.95666669104938251       0.93992467862524420       0.79733203182931334       0.84471744401515170        1.0510968330353883        1.0462320444617867        1.0516600772498010       0.81747654658093438        1.0341448265937816       0.95443000930223187       0.91760696738089487     
   2.7538367657537277E-003  0.45496017760561347       0.17949159249214852       0.22519832737263612       0.22748812899819118       0.23380871410594378        7.4439244065362925E-002  0.22357462610099377       0.62367734549960685       0.23248610697296737       0.49897632976501305       0.35455143507242892       0.23484060878173407     
  0.99992336327817666        1.0110172914243500       0.95491639066180023        1.0055585566837988       0.85857757349688391       0.85048179334880647       0.90962631075743094        1.0637630485707650        1.0370735195265763       0.78849205673416167       0.89076628964540228       0.91669343202395315       0.80372196326508394     
   3.0014593195983887E-003  0.46708918036892511       0.19556509028879082       0.24077401910253651       0.24314667816412991       0.24990741325990048        8.1591190164749181E-002  0.24007535589589957       0.63318279517658582       0.23729884906951931       0.51719135325995813       0.37271834432374212       0.24949555045192029     
   1.0025021827798670       0.79503955965172934       0.84552096827551892       0.96187879429210976       0.93974248219131851       0.92506187857402589       0.99598708989880647        1.0147092027951512        1.0677676235906748       0.96253589159128239       0.94031537148543476       0.96681447387581587        1.0618422562910772     
   3.2846582075522061E-003  0.47774785767748207       0.21237910984681208       0.25640074858437550       0.25932298481094140       0.26690491538023792        8.8912953940174413E-002  0.25566857116199554       0.64277651422443494       0.24252482015149240       0.53481850069884562       0.39168363026914271       0.26353557477187278     
   1.0302934237388168       0.86701119168207141       0.97353150382957743       0.96491827520789109       0.93388673150921986       0.95668044437705979        1.3127973734318084       0.83081147907102204       0.84260753320351967       0.84260208379135193       0.97672202097751659       0.98655044298936079       0.85705167278164263     
   3.5562011004860263E-003  0.48900195415873032       0.22839342496722806       0.27310968697938004       0.27516407169940910       0.28437729945312351        9.6458413863778361E-002  0.26906561101850884       0.65281278777637186       0.24772012996853185       0.55132241371935697       0.40809485338548313       0.27734365172746306     
   1.0174115731389404       0.89103797654236938        1.0305646757309137       0.99328118706944157       0.96006975717258547        1.1222449547895341        1.0194387930909654       0.79499155063418026       0.85273964041384009       0.75109736862341892       0.94316124562964865       0.98636163417760925       0.86303646442635928     
   3.8258838183584834E-003  0.50043158846456304       0.24515326853634098       0.29077677179209593       0.28949265984111777       0.30131520598682493       0.10429438170831180       0.27942709948561006       0.66250420911664909       0.25347794357375647       0.56625181832559390       0.42348786991400156       0.29250140653909701     
  0.76428935915161644       0.83266395648210501       0.80793712945120721       0.92281994262074718       0.94528339529057825       0.93722172782919588        1.0615706860813090       0.77176360048024373       0.95968032157018190       0.99630214914649395       0.89743129639119223       0.88763803951296227       0.92532481712596437     
   4.1181959885898609E-003  0.51298464806073119       0.26357856855853101       0.30691496233069449       0.30282098998512175       0.31585290927222315       0.11236739715725994       0.28980148713079035       0.67181690553037499       0.25893350658582026       0.58020250775712368       0.43712903769717865       0.30929929572594650     
  0.91463475666493399       0.94616551301380802        1.0806451188455330       0.94612478659176358       0.83780984445568485       0.91794344706089415       0.99944628645348765       0.80153651608754783        1.1670758397827938       0.90704125083272846       0.87548353508084209       0.99872780329850419        1.0948400143126575     
   4.4249689161933196E-003  0.52734875578785678       0.28229365731515627       0.32131628198212298       0.31671625778480811       0.32927844219348024       0.12047603141083965       0.30185295871615231       0.68212260267662705       0.26480814187060275       0.59303415589735353       0.44631593816653092       0.32583243442970122     
  0.99168203969761037        1.0387937654228856       0.97862620552657653       0.92070540552606395       0.96556158747132093       0.90105562834691721       0.90994407390764109       0.87629193023168506       0.97478536813839844       0.89127815526792964       0.96544681297959190       0.79874450876953962       0.88126949490962281     
   4.7566218811203355E-003  0.54178684945521982       0.30098727944323472       0.33469770898749529       0.33141301401329487       0.34254667716767701       0.12860934320969594       0.31485546024969407       0.68943304962219842       0.27047887454015968       0.60554255758600173       0.45477685234174076       0.34116288294181324     
  0.76773128013217107        1.0314386699697398       0.94442819150548796       0.84860436877641376       0.88988332652056867       0.86231376697574746       0.91284931689691728       0.98300827977604743       0.83901899707642658       0.93124110338967636       0.84052802172337837       0.70251315825334570       0.94291679006881113     
   5.0869396858464512E-003  0.55479892954825272       0.31912197439384332       0.34965433410897639       0.34591352623902971       0.35685803660678039       0.13672059246661469       0.32863090530192912       0.69498713762901532       0.27636873607837953       0.61826976105816989       0.46357905527926374       0.35504457974930415     
  0.93285063027230652       0.98414916364225857        1.0553260987659230       0.98007666169435292       0.94028413389882093       0.85002149450542641       0.92718960590913702       0.88180197736333588       0.71526095526890299       0.85821547483844030       0.80404369019758848       0.72188207429739781       0.82142493665557526     
   5.4075725858538544E-003  0.56711926245795130       0.33532865557465075       0.36509522540165329       0.35978125250448018       0.37306036256388164       0.14460422542143045       0.34388624135298301       0.70086456738819669       0.28240069700872233       0.62993995700698324       0.47615058368437169       0.36957774629158552     
  0.86601615468628856        1.1805678183823292       0.96191412092871409       0.98174388739838725       0.98249549120453283       0.93477301089998843        1.0350500685575039       0.88547210917146690       0.82705356500163452       0.84752523941530722        1.0058189072962671       0.78171549125381268        1.0220697881803968     
   5.7947651885515913E-003  0.57798088467988185       0.34988409154155403       0.38214216381433208       0.37346900393498966       0.38997996845373661       0.15248331795815365       0.35830934022837879       0.70634707226577675       0.28834091721124844       0.64172094337288188       0.49128323951088221       0.38559148641744045     
  0.84480007782291622        1.1596327410477814       0.87588822787254073       0.96645784284905367        1.0578046715333096       0.90995508821665794       0.94080961322888201        1.0943847279060104       0.71955771256801104       0.89867072615844534       0.89443753530040282       0.92381634547749292        1.0778787818295543     
   6.2260132105957768E-003  0.58849380080708147       0.36490368993734779       0.40030811199982191       0.38745856627619080       0.40543469737501553       0.16082803297799070       0.37260745841189857       0.71153360059272908       0.29456812824123069       0.65389832826035743       0.50674265661223739       0.40127241146042630     
  0.83439750672840451       0.84702833211380568       0.92409846275729235        1.0345051597727566       0.90506488779126126        1.0857045659786646       0.75496789721494451       0.96367433398498514       0.72515870276162808       0.87099111273688212        1.0633275748074293        1.0058108625318822        1.0448934651306627     
   6.8499978986382645E-003  0.59943138473581914       0.37995735068485914       0.41801503943317853       0.40187832180006550       0.42039338613522537       0.16959894723119098       0.38760354922203699       0.71730969337713879       0.30091340288476393       0.66591411091547814       0.52228462099560924       0.41692401441527782     
  0.84560199504648159       0.86878858455472863       0.87499996937210134        1.0332171532999737       0.95996172707612815       0.85872341631232829       0.92352355035809686       0.98324536911143101       0.89264687501545936       0.84675029887340547       0.82411791698723547        1.1110073848860682       0.92230128308966797     
   7.6092617127268532E-003  0.61076352486869145       0.39531852705847936       0.43506271148434167       0.41667549935055459       0.43502674189092450       0.17835816502839222       0.40289388007596261       0.72527676133493724       0.30734478466951071       0.67741207891217536       0.53722923365322506       0.43297980843854789     
  0.87552136043482987       0.94395562325840376       0.95692818280314151       0.96036933750666487       0.79851652509115600       0.83065780911586784        1.0838381144443472       0.87413410698614047       0.82561631420188608       0.91485410604700046       0.99538923509041499       0.80831156570741569       0.85559205030048258     
   8.3736477410597584E-003  0.62297848149625668       0.41156261204177635       0.45170146302603470       0.43189757752251684       0.44948907323254028       0.18741973898302258       0.41836840796165159       0.73374892105876888       0.31381319058178442       0.68849482155678665       0.55141773995718735       0.45016707921764770     
  0.96764031612135382       0.96667727312002627       0.95637256601257081       0.78608474123318228       0.96166260956397065        1.0203985503920885       0.88508325083839079       0.85140331708587058       0.88933929033284220       0.90286229344907520       0.90397075618488665        1.0373870241922165       0.90914782067199518     
   9.1308079545687308E-003  0.63371775822743137       0.42716836662531404       0.46639971340142261       0.44605120098892087       0.46412648654814509       0.19708335495284826       0.43433328586341624       0.74176647055155187       0.32042236799436913       0.69946660528574545       0.56627923230628940       0.46775313466103408     
  0.99156527678572570       0.97783694433678969       0.86529064023200497       0.81499582146327687        1.0562424884154120        1.0099899071046794       0.86921084163300266       0.96404453134730106        1.0236487806119532        1.0609101023566598       0.94351091535034459        1.0233593863041357        1.0054853004719766     
   9.9320044874235212E-003  0.64379084827556632       0.44215072259606431       0.47897939482745366       0.46034286031630928       0.47818543824046300       0.20620868970124942       0.45067353728781134       0.74941564005792571       0.32730324249905357       0.70952045812200326       0.58133115651296041       0.48457963823496736     
  0.80838866168314716       0.96362350861692880       0.93733136522722027       0.96029575783407328       0.99089687665805992       0.95702321181264394       0.82957465590141521       0.97759497766778025       0.97477395119032062       0.85347970065709267       0.89868442381312386       0.91782819427634965        1.0902059541118434     
   1.0845628935935585E-002  0.65442360195481852       0.45753059993964318       0.49242464186122209       0.47499701830714469       0.49204780145579424       0.21547639271650929       0.46597677441026458       0.75664729194491231       0.33451554634934133       0.71850508928564227       0.59544289728472066       0.50068502288306060     
  0.80891556431165057       0.98174670009719245       0.95154922645362339        1.0131281395831004       0.94946104998308212       0.91822387903082170       0.81201939035358317       0.83518611870015691       0.78871811132440328        1.1382368461872661       0.97579213069299220       0.89218104760390449       0.79380144150056087     
   1.1884983787524568E-002  0.66485793832791895       0.47280299085003236       0.50674221586074841       0.48998438731442528       0.50642655202965925       0.22559660249319985       0.48104395814207596       0.76348688921247343       0.34188498555879104       0.72798164279412314       0.60890699266606618       0.51659131820089343     
  0.98958594547285894       0.89106537203080283        1.1926282648212603       0.80556675984287096        1.0293957849561797       0.86296672638616012       0.98019894524918239       0.82388939848550768        1.0508565693411451       0.87914834002565734       0.92000919234360978       0.90735811407971401       0.92030553532361681     
   1.3017458707757761E-002  0.67572727544232181       0.48942521467690892       0.52218267892606030       0.50500440012205594       0.52112782637377231       0.23425371050985533       0.49546449347825455       0.76981404824092370       0.34921825660415751       0.73662178459568506       0.62208372721990490       0.53153847215861827     
  0.93716452525222871       0.93738290338505570       0.94250456962998341        1.0680528229337054        1.0064231527134919       0.80306911960247573       0.81242349207646125       0.88849073514772736       0.87893607271307450       0.96840683644799275       0.93784263336333296       0.82702187466318011       0.84619855694403390     
   1.4246301780968756E-002  0.68635679493406598       0.50715035718166368       0.53794328850819095       0.52011833492411941       0.53784876169198692       0.24095368572783535       0.50734377613186787       0.77574185075156665       0.35645218604133921       0.74542812244175316       0.63483801964926267       0.54525266148538143     
  0.92567924555991510       0.94019456596861295       0.92587794160921322       0.91570921788239124       0.82446472310921914       0.98977473202488508       0.79207318681218064       0.84508276376195623       0.79083568924475645        1.0411708096838550       0.80618844789619493        1.0197456599402290       0.79411340154001497     
   1.5552487422644833E-002  0.69765236703855049       0.52571004866993387       0.55288357854462322       0.53374864743234185       0.54896830058397450       0.24671500574746463       0.51710592209861994       0.78152060118420974       0.36353399879585008       0.75361322481902471       0.64780309912920098       0.55857511146358729     
  0.94354752131283715       0.95368385485907725       0.90509363032309387       0.90751558316978553        1.1225978505675285       0.96814275309042797       0.80334217274079323       0.88842794509134781       0.92791255444778253        1.2063384033439386       0.82660645754744611       0.86587462777031132       0.97834329788654206     
   1.6898755640014487E-002  0.70901771288553206       0.54399510817701102       0.56726537544890610       0.54676779780204421       0.55724947628975252       0.25603569500726858       0.52746483822601886       0.78712996477898334       0.37061238856525131       0.76149091157837212       0.66151589366382368       0.57248987359940029     
  0.84157628703245868       0.97614825485025036       0.81871384594193197       0.91818495681990120       0.90815237766269030       0.73201538050613246       0.78423220296507057       0.81775440892143259       0.93131290387258492       0.98262392085726780       0.82914555555603253       0.99465969253849751        1.0412737252335074     
   1.8344758683889146E-002  0.71990473461160076       0.56156807844683920       0.58189195240394376       0.55962395026957212       0.56549383508872719       0.26643070323447143       0.53790846598870112       0.79457691012335463       0.37811778120290257       0.76964015040492817       0.67550831087188712       0.58788586474628435     
  0.80605025516167272       0.89930863279754469        1.0527908085544655        1.1437712979629575        1.0140971883607519       0.73369701400223064       0.81556299163112966       0.81235926006406778       0.83333736917848866       0.85452011124710314       0.85031059229193995        1.1135909824146264       0.78786818517417667     
   1.9930253882139978E-002  0.73086874585449824       0.57800640741258302       0.59618426420183779       0.57110045206574989       0.57532450848064598       0.27838187795513081       0.54811036054983242       0.80203665881533437       0.38619997288536023       0.77847798720263550       0.68961889515536878       0.60446488746096205     
   1.0246998506636784       0.83919762707245582       0.94444160491012619       0.75608062601877046       0.80915539732656727       0.74352708874392193        1.0008757027612292       0.77116128313077259       0.81317541823082384       0.90741736788352045       0.86880000074135622       0.98403246280759560       0.97673099621036030     
   2.1758124573794994E-002  0.74252939461961631       0.59439954948384610       0.61210731047701394       0.58198565783317746       0.59006842218712252       0.29089035778507910       0.56057740923313082       0.80942765972182618       0.39437311259656699       0.78807700347917953       0.70353444807380594       0.62099464029080975     
  0.92980397573040885        1.0701213433841517        1.1119934258068080       0.82226875205921934       0.84589970730291053       0.88173791004247049        1.0311266633256155       0.82683589764772969       0.89594230674478914       0.98429860361061705       0.91219402719221998       0.90662239668800049       0.92256977568909748     
   2.3714039737463426E-002  0.75437524601031869       0.60952839008077087       0.62964672373576802       0.59309223904915565       0.60724680686262644       0.30458173305173775       0.57786640169377657       0.81672218402101238       0.40219373843997902       0.79759524146225014       0.71724336048616755       0.63553004025663129     
  0.94317917368545034       0.97622987201391320       0.93133408384926142        1.1459630841792623       0.86044315782129943        1.0201598640338021       0.83369651245986731        1.0308550608270339       0.86976659972002535        1.0590384070961052       0.97323629485034013       0.90740937836372060       0.80449222670578024     
   2.5605798778945154E-002  0.76556185433751156       0.62456749607590700       0.64664171498857115       0.60406278703719474       0.62490988793335189       0.31801856904275855       0.59845870149703806       0.82427394639079676       0.40981555353154692       0.80684398947182756       0.73218589645632859       0.64805403476463808     
  0.74422491597503637       0.85396283494544667       0.82652483704397228       0.79020548248771716       0.78672219030481716        1.0552396457303588       0.83334355732052656        1.1013115240373399       0.85708034063841221       0.94239193714495939       0.95355775953935074       0.88271275232074098       0.83399869275073202     
   2.7572088121538135E-002  0.77624466309691353       0.64159386513181083       0.66405784004177015       0.61498248885638651       0.64256653097005012       0.33202807264271961       0.61883513043055016       0.83196545285006418       0.41746520434823403       0.81616398756536179       0.74635130524044591       0.66040882829977376     
  0.76377669251143465        1.0118303200599477        1.0835648149982371       0.78114474377060927       0.82200582691081825       0.94608080430463071       0.92111266663756675       0.99018671947120895       0.89095485921042228       0.85688121138925677        1.0203715701442482       0.90675139038397856       0.97411363370399240     
   2.9778880226186570E-002  0.78646103318003813       0.65917712218065860       0.68126066923765927       0.62556612801149680       0.66028087916611677       0.34577220544318832       0.63746831656944825       0.83942702860838125       0.42574003550845457       0.82558643184481351       0.76065530523213831       0.67300659739337720     
  0.86330740835262432       0.85034663143665745       0.87213557473867109        1.0199299885842565       0.87366372496622613       0.99141652576895922       0.84387736218863663       0.97957258598084096       0.89760652922922524        1.0291153907894404       0.95008778997919918       0.92351835892925283       0.99503023465933860     
   3.2315193442733037E-002  0.79708687217407759       0.67680608336506942       0.69470497191583092       0.63670160342863569       0.67817240994752648       0.36115801582414131       0.65469879325511082       0.84639011963250488       0.43435509730495070       0.83466234642022952       0.77425623034164193       0.68422479392882796     
  0.85310747979281909       0.86041515182807304        1.0908197200001233       0.91684933354011111       0.84057912459628492        1.1523777902198316       0.97566143774976655       0.88512987369512297       0.83896798852043453       0.84138255952080998       0.88082106095986967       0.84596566680709406       0.76352148691796540     
   3.5341143359431490E-002  0.80792612465791769       0.69424544469288563       0.70672988652374946       0.64891597714088622       0.69439608876829872       0.37729531367289559       0.67140571217449574       0.85282552988898053       0.44240415372344449       0.84349562185894422       0.78754111686710226       0.69540208666542991     
  0.92114585484063805       0.94828658934731469        1.0177939167458832       0.84403175777171480       0.95740182757659709       0.95338339470054567       0.99714629494120199       0.83162294489730182       0.92956061234536869       0.92254896679209553       0.99692026720458660       0.98152637659511099       0.96540040119286108     
   3.8760341020771485E-002  0.81803556871649152       0.71142901702395756       0.71866852334276743       0.66264561107985154       0.71019111265010981       0.39380135886892353       0.68832462344834633       0.85880950061397399       0.45130634731229341       0.85207463737897871       0.80060494793021386       0.70727028583849694     
  0.86099962937335817        1.0792185286748919       0.88687153186599643       0.79810147460817482       0.78607260346748686        1.0766406928569978       0.90056107452745160        1.2376975910752432       0.95179481645195263       0.96867934756615970       0.85295306394833115       0.92894730600640563       0.87603308605063190     
   4.2688176045389069E-002  0.82744240755444720       0.72861857485397497       0.73109889396082361       0.67807584854220004       0.72583169532346792       0.41097746130253182       0.70551718963355947       0.86470503208974248       0.46050498057582812       0.85988260597533972       0.81209641857305481       0.71883590647077722     
  0.80766106233175561       0.95342942670327024       0.85328310510059724       0.84409118071770628        1.0156595259143018       0.81712572345251222       0.86915940280646775       0.96921672930325053       0.94973943395901494       0.90250907682484571       0.77420498677617233       0.87736819038825442       0.69738123487171400     
   4.6965536907156456E-002  0.83640083862442616       0.74571673367856262       0.74321287216983223       0.69299231424801733       0.74030322767680146       0.42805100323995110       0.72342480373460549       0.87068480602520615       0.47004619226201000       0.86491026703600049       0.82376505236650277       0.73264018708182965     
  0.76472035777469460       0.92513468625567963       0.98525684605863761       0.88231156927093857        1.1202685165869848       0.94102515741416848       0.92781081729490078        1.0808010991754808       0.92978970107914971       0.90827041971690059       0.79802777611354825       0.74470527572632150       0.88174273368809875     
   5.1625004437679575E-002  0.84587422984187011       0.76153657644474382       0.75546748654760632       0.70727099514001179       0.75667993508738751       0.44589679134829391       0.74157723418218902       0.87668595130232019       0.47993188206423776       0.86883541481817761       0.83588278442258790       0.74995442972497051     
  0.81742641734139654       0.82390057305169351        1.0222047069961702       0.93917313765049704        1.1569048937614954       0.96206027561039054       0.88565916275949697        1.1796147424816663       0.71634331783927419       0.95230626565389853       0.69727047031830736       0.85192605234862973        1.1546494450130411     
   5.6977245369642542E-002  0.85611016771831772       0.77638080933412212       0.77241060237583803       0.72195465502157141       0.77308784499197902       0.46531838119765340       0.75961239110526224       0.88292178306804314       0.49036603085673725       0.87293676263990527       0.84832170432012421       0.76918984667744139     
  0.83168939804508601       0.97404258086401863       0.86899604491073479        1.0254278556125993        1.1700541310694728       0.96709070767397309       0.85251976798374807       0.95487962971497420       0.87777021400721833        1.0375788954858822       0.70526079921205309       0.91068891268044039        1.0009484770184867     
   6.2773503604227579E-002  0.86778025350702415       0.79314938880515762       0.79041659894919802       0.73728338899259038       0.78897607099948963       0.48514990312660422       0.77742923679077203       0.88910087713282526       0.50108568690369137       0.87946435163634373       0.85985546816157810       0.78902146424899333     
  0.94615477616772881        1.1130807657857271       0.98725777564585360       0.83767031239296996       0.91327235826417530        1.0702258130459845       0.90422195389189786       0.86696234168275454       0.93692460986442527       0.87402518464033097       0.83876014269486221       0.79159184675983185        1.0446748908849697     
   6.9179674462410343E-002  0.88005470118026863       0.80974887809835450       0.80716651952459717       0.75343194260125979       0.80402626741148342       0.50347813073674763       0.79563461524146839       0.89530738187406644       0.51353818019681419       0.88686162352308295       0.87066441006354178       0.80753578665559034     
  0.95826595419320471       0.95080458593035888       0.82080947005322924        1.1996462851052658        1.1112240727821632        1.1644781860947491        1.0040915686028060        1.2341992796364658       0.89718669023138164        1.0607651256149766       0.90024642451804615       0.88240916589783991       0.98153479150141243     
   7.6406336359761545E-002  0.89186040216978513       0.82650652865769636       0.82311461900610117       0.77061466494051123       0.82034410913147415       0.52202716291752749       0.81445703587597595       0.90183575904869040       0.52635619395642941       0.89405533204016618       0.88175898161559962       0.82399869432059658     
  0.82391695902691031        1.1070051077198511        1.0249177158847247       0.96587273126892870        1.1264935875486968       0.86285058219094557       0.73999921647138645        1.0058639959393931        1.0145321416737376       0.85708161868638144       0.91216158302224060       0.85249064459275614        1.0042897122951067     
   8.5457985929552796E-002  0.90395867891107073       0.84215446608302791       0.83999205681160449       0.78849867741608148       0.83801572822403381       0.54181431274975378       0.83152528141535964       0.90809993915748355       0.53984535773398035       0.90224039607711726       0.89345717888307929       0.84012725820619605     
  0.91054791780890909        1.0331619096006492       0.99480142217042677       0.94906614106574516        1.0127504934746372       0.93565476323538899       0.83830255842219825        1.0167325076429186       0.81015172481786479        1.0718658295316872       0.91413739769520641       0.85883140340419850        1.0271046355255200     
   9.6385514124738392E-002  0.91601270422851855       0.85710632704533973       0.85605268463744266       0.80680445816709911       0.85578044329212177       0.56346932865497557       0.84534526842705615       0.91397813448279741       0.55427023488720717       0.91103799391477824       0.90486928093708785       0.85694266724540324     
  0.87609653453368763       0.96868866020032929       0.89411117617238078        1.1037424167250645        1.0213095296809109       0.89210658412507660       0.88737927082600909       0.86965747832863605       0.97914848093078044       0.87776663465477389        1.1710603643625634       0.85760986306744935       0.78044246788691085     
  0.10880991817576459       0.92698846780213895       0.87248509692660625       0.87105005272113256       0.82556337253292300       0.87282865378306052       0.59007899420736032       0.85914319289383545       0.92005516464336135       0.56888516285711499       0.91958666576939396       0.91600529161825384       0.87434674831321868     
   1.0193834598985851       0.99537093801357057       0.92181216177274994       0.84472378210144106       0.94117338006560591       0.95200540255674604        1.1003518738352582       0.80590757264660429       0.73333981062857956       0.90980374160403099       0.97195546243725439        1.0219322882610986        1.1174633673433250     
  0.12322783506786686       0.93771776254717631       0.88776273458969490       0.88701713868262266       0.84431873550334779       0.88954082420402680       0.61772837908318157       0.87471747743654371       0.92769296748352870       0.58406734914555092       0.92827933681778951       0.92708081520715069       0.89172664074856012     
  0.80214253239337652       0.85425220144272496       0.96652159487767542       0.96555290507122193        1.2438588927438872        1.0038313520471793        1.0275914445366523        1.0669368704811484       0.95121422419666679       0.97094871332314814       0.87835325966489963       0.93773040187591872       0.84342576446024131     
  0.14213069784270962       0.94875536377023473       0.90416255328817918       0.90525623807414757       0.86482854134077392       0.90586708872448263       0.64706330062252915       0.89134793714516047       0.93570940295218596       0.59736758133265200       0.93670724531502914       0.93856218990536455       0.90681701525771286     
  0.83541939993811565       0.97026598194056701       0.97124385621524256        1.1196077218435005        1.0935496425318401       0.99505211199711707       0.87570903096860897       0.98458972213168117        1.1191724409260484       0.80987640848930287       0.83288104019457843       0.94156979264270413       0.87546259696092898     
  0.16750773587799153       0.95982407704369765       0.92201592698298507       0.92349621553327754       0.88494380516093374       0.92212378919555149       0.68030329938853773       0.90746242096712537       0.94331845238879830       0.61561027859018302       0.94526063128310489       0.94938293210254343       0.92040564559717031     
  0.85071967147995808       0.93277146041154790        1.0948676471471328       0.84717436168372995       0.93610482768936343       0.83876618862603780       0.95174582125323370       0.83343108631886498       0.78985402518678416       0.93823642247842109       0.97259219813394826       0.87039093201624951       0.89443230140708008     
  0.20721373781574270       0.97033146387617131       0.93887038696769387       0.94001146418897286       0.90388631355946525       0.93825749207441755       0.71943309725865212       0.92468106257927563       0.95051555256492382       0.63920654006995414       0.95407918023414273       0.95915765497308458       0.93414573883008611     
  0.71171535790164797       0.99573915386336886        1.0060432591012860        1.1753841626516788       0.97586236273584925       0.97199928005453939        1.1806319149820743        1.1618819148809549       0.87752458846690362        1.1322511946451512       0.90630325905391507       0.91949870616527418       0.78864800409870428     
  0.28360923892737488       0.98073630669734102       0.95609359422747386       0.95571586716684009       0.92585541684598960       0.95481678319233065       0.76776002110933328       0.94283547597081696       0.95880993428363803       0.66272243816150234       0.96355082891670518       0.96824187470274337       0.94908897680171034     
   1.0238003817859855       0.94557997253716819       0.99624170217278718       0.83073356240772056       0.88939520294742613        1.0730160305592398       0.93707649507074009        1.0049936193944815       0.93364128915498112       0.98822572205809689        1.0592580123812063       0.85406428670927914       0.92192447947337675     
  0.41690402974388296       0.98927531767927090       0.97155382266932533       0.97067407785668658       0.94705056676038313       0.97164980985071248       0.82606050778353146       0.96190938502223466       0.96744498148246427       0.69949955152665999       0.97396158530995758       0.97888492979676478       0.96509364394023234     
  0.72256148287699928       0.96169689494474531       0.91383955438180176       0.85547728851207849        1.0290995753808725        1.0535826901843548        1.1590180771185028        1.0087322780595380       0.99567387961745890        1.2499449705994785        1.1816220619507085       0.88980913362214475        1.0404833006096976     
  0.62626504027323016       0.99489995540852194       0.98635304654140366       0.98608503323747076       0.97331939457757966       0.98587308735270895       0.90491941743159954       0.98117493745904927       0.98142919719263999       0.79988551557507259       0.98672881286780978       0.99005331281519315       0.98244093198527338     
  0.98402190593181538       0.84480728622637014       0.81881464860131581       0.96345617299037367       0.97161895771179008       0.92891922653103576       0.91947415370289576        1.1375707869406140       0.94319370915257961        1.2736028328302618        1.0362897852649395       0.95292903243788130        1.0495521399817060     
   1.0000000000000000        1.0000000000000000        1.0000000000000000        1.0000000000000000        1.0000000000000000        1.0000000000000000        1.0000000000000000        1.0000000000000000        1.0000000000000000        1.0000000000000000        1.0000000000000000        1.0000000000000000        1.0000000000000000     
  0.73704190517340629        1.2160448500167238       0.94816044062184401        1.0110220415585320        1.0601447794213237       0.77814536667413392       0.80968795654028469       0.94706767184960816       0.90381053197509809       0.73183164544910528        1.0374003781279042       0.94519057824026020        1.1151238397631984     
   6.9521252609868984        6.2202704610569972        11.180971661081598        5.2494884902538406        13.703661515000755        9.7610664487825378        13.600270944109790        7.3008089498399151        10.285044626555827        11.713049280663082        8.1646793116650986        10.099338099963598        8.3537214615579298     
   8.8016300925380726        8.8874089436475803        5.1268681341337095        10.867290902534423        13.321050718795618        10.729184500080654        4.8173883822716856        10.115948034338361        11.201448915971881        7.4487926157089257        9.9286800603179071        8.6451379764469110        9.3364487350803742     
   9.5494213993424015        5.2656132474674244        5.0888429211251474        6.0997684647059014        8.5629613326087739        5.8504469794946496        6.7904322810250051        9.5594105694811109        9.7322315163729378        9.6315896815991735        7.4279577712106200        8.3929015364174528        8.9722150995151715     
   11.540323334865379        6.2547847215089121        9.2991856235278014        9.2149262666734515        9.5812041700685597        9.2941999817937333        9.5400159275868699        6.8922755952446320        11.216908047356133        9.2021881292187224        6.5518837503959801        6.6701384349296875        6.0033859475802052     
   8.5210726320261045        9.5650369019525456        7.6159936254712788        8.6759188116866710        8.0724842673450841        11.450678903555712        7.2992605037389255        9.1423751543205469        12.078061259198943        5.7719225613881964        9.1959190926918861        5.3340629968792435        8.5615374365823751     
   9.2385658408978664        7.2997830422022849        9.6143253884741284        8.4560643851762123        6.2294324304074058        5.3523400252510571        7.5323498821051809        7.5517599728501779        11.025823368346213        7.0091779697042762        8.5230607279589314        8.4849284370297084        10.415083373810004     
   10.135703923554431        9.7754578418519245        10.503535098572421        9.4686098527937812        7.1143971876719476        3.4076711614175785        7.8899035353409648        8.0254555411489292        5.7098989492494381        9.2201788954392931        9.4539992656067273        11.276807480365848        4.9331026596872585     
   10.569125723771785        10.003171250298431        9.3761982332826808        11.232012460942066        2.7958035754146846        9.0940718489305326        7.9125388791388938        8.7536070240100194        3.6723401578635833        7.6707534473967902        10.518529670173873        9.3386105604710590        8.3360797581637200     
   2.1909631638842641E-002
           1           1           1           1           1           1           1           1           1           1           1           1           1
   4.3402363499151376E-003   3.7918240204741493E-003   1.9385169869729355E-005   8.3481195148986931        7.3016307228199607E-005   1.4057337308175657E-007
   3.9928287536814435E-005   3.9609809974724322E-005   5.9777964322431742E-006  0.16906345213751384        5.9762410977734715E-006   1.0866995815001945E-008
   5.0000000000000001E-003   8.5636093374619957     
