     
 Collinear #          73
 ME*wgt:
   0.0000000000000000        0.0000000000000000        1.0224850684346612E-020
   0.0000000000000000        0.0000000000000000        1.0224850684346612E-020
   0.0000000000000000        0.0000000000000000        1.0224850684346612E-020
   0.0000000000000000        0.0000000000000000        1.0224850684346612E-020
   0.0000000000000000        0.0000000000000000        1.0224850684346612E-020
   0.0000000000000000        0.0000000000000000        1.0224850684346612E-020
   0.0000000000000000        0.0000000000000000        1.0224850684346612E-020
   0.0000000000000000        0.0000000000000000        1.0224850684346612E-020
   0.0000000000000000        0.0000000000000000        1.0224850684346612E-020
   0.0000000000000000        0.0000000000000000        1.0224850684346612E-020
 wgt:
   1.0000000183403184        3.7613437295549367E-009   3.7613436605706966E-009
   1.0000000017579189        3.7613436671828335E-009   3.7613436605706966E-009
   1.0000000001750649        3.7613436612291754E-009   3.7613436605706966E-009
   1.0000000000174996        3.7613436606365187E-009   3.7613436605706966E-009
   1.0000000000017499        3.7613436605772785E-009   3.7613436605706966E-009
   1.0000000000001747        3.7613436605713543E-009   3.7613436605706966E-009
   1.0000000000000173        3.7613436605707620E-009   3.7613436605706966E-009
   1.0000000000000016        3.7613436605707024E-009   3.7613436605706966E-009
   1.0000000000000000        3.7613436605706966E-009   3.7613436605706966E-009
   1.0000000000000000        3.7613436605706966E-009   3.7613436605706966E-009
