   0.0000000000000000        0.0000000000000000        0.0000000000000000        0.0000000000000000        0.0000000000000000        0.0000000000000000        0.0000000000000000        0.0000000000000000        0.0000000000000000        0.0000000000000000     
  0.31378994615494382        4.3842774563652459E-002   1.6719709000575119E-002   4.8146269566635667E-003   1.6372158283679314E-002  0.33827681920759772       0.20160783078901648        6.6444627047529486E-002   2.9280174604934567E-002   1.5214215509135929E-002
  0.91266740821211589        1.1545102429353673        1.1606964397495547        1.2511268511784910        1.0950753282460446       0.95363622982224749        1.0149041022939622        1.3289246250899136        1.1559428555671851        1.1532484143948414     
  0.44398270462166489        8.6017951213980426E-002   3.3602182500178650E-002   9.7965895422355998E-003   3.3496462322298276E-002  0.50913524919142250       0.30613408275639314       0.12350803986045675        5.6172476479143710E-002   3.0577953966550060E-002
   1.3599396920010536        1.0990991837922548        1.0884731751818120        1.0766372033552449        1.0223490354666402        2.2543990357089574        1.3530430438205312        1.1433858872665772        1.2887226375602145        1.0980464957033780     
  0.49722734141803937       0.11920929631069535        5.0360847228500066E-002   1.5242675702706574E-002   4.9009511393398965E-002  0.54808346992151957       0.34613304848583687       0.16088573338756085        7.7333561260393979E-002   4.4899207213728809E-002
   1.2697626679915273        1.4926303687021381        1.0598882964492233        1.4815800430905068        1.0705630749741841        1.3280002845216983        1.4389424118508525        1.2085406621751562        1.4137321705392789        1.0133543454381904     
  0.53382192753603697       0.14865838968519751        6.7386953517221029E-002   2.0222568315962853E-002   6.6006919128281938E-002  0.57970692847856031       0.37549005391379581       0.19197426180225244        9.3214190847150977E-002   5.8705316503143562E-002
   1.0387462463832224        1.3228119275242145        1.1751279915823578        1.0463648361673661        1.1465592424062221        1.1178792451561368        1.0605798790767553        1.0961918275459872        1.5859747064878529        1.0580269860584250     
  0.56166788269153289       0.17534090072860226        8.5388413033633925E-002   2.4493371307749943E-002   8.1871935326028697E-002  0.60937414447398242       0.39537098324785375       0.21664872676411656       0.10179247384499486        7.0521436203307072E-002
   1.0866686592962798        1.1984845605224572        1.0971728742018905        1.1395721558048373        1.3895912051131600        1.3337333632470201        1.1716199333745430        1.0590829670238133        1.1317332172579007        1.2926251282755095     
  0.58348891487153487       0.20150897648896710       0.10341201263894818        3.1072523696736153E-002   9.8300025920045941E-002  0.63182078287627019       0.41272615376456867       0.23774765205648782       0.11150367824716588        8.2235541057632935E-002
   1.0769382621943646        1.1001766276542881        1.1127398227726446        1.3819124221907519        1.5533664275005563        1.5448926037077981        1.2410716176889025        1.2728506179578412        1.1161077327329709        1.0260984322909807     
  0.60275675545620722       0.22911905151015097       0.12013256208689416        3.8504993480731151E-002  0.11294700827080366       0.64942631746738477       0.42916337244953834       0.25522013710670366       0.12127056974883205        9.4888506303696038E-002
   1.1379110543725428        1.0599659827664814        1.0130311480357690        1.3836365801070314        1.2378207340686112        1.1343296932165616        1.0744978074617519        1.2437456609705064        1.3306086359453011        1.1451781002736965     
  0.62116176314251803       0.25679719802154827       0.13632307005237854        4.6236454123467358E-002  0.12731411731292144       0.66514528135954520       0.44415248112886718       0.27104913445447448       0.13106686674657220       0.10872607168482538     
   1.1256411828416977        1.2504002551288269        1.3373167096392815        1.0668229810791934        1.2179056138388442       0.91763402005629069        1.0974853708659609        1.0897382687303099        1.0724310072148229        1.1256601885189526     
  0.63966510316695280       0.28213373873544145       0.15239490152218677        5.4370362552721457E-002  0.14181234602796144       0.68099618421505625       0.45840711549183621       0.28562926707515784       0.14423212237712640       0.12364935238962560     
   1.2111283404728852        1.1158412939911793        1.0818717598160306        1.2228606714104355        1.1000858833136578        1.2786089888112562        1.3753561639437759       0.97324285970326319       0.97641433035862957        1.5325853282478252     
  0.65522884289627259       0.30570867698799997       0.16827127236614742        6.3173950544143681E-002  0.15679254531410028       0.69523220486029569       0.47240784008256076       0.29971044359045756       0.15908124745561342       0.13882500623531899     
  0.96255737634593797        1.4052323122241239        1.1760453235858139        1.3435984021759582        1.1744870462122827        1.1079178150105897        1.0678410868727515        1.3258059993985043        1.1872964352649598        1.3079615543510716     
  0.66934410983693915       0.32915959881327472       0.18402326903828164        7.1351365637763217E-002  0.17274952657690634       0.70788877951952434       0.48493335169631002       0.31353873347782213       0.17287929736426300       0.15371862418389548     
   1.0024193026432606       0.95969077839058092        1.0641190522884256        1.1790374278167695        1.0921539622664407        1.2732576098609687        1.2279362140357821        1.2515480702917106        1.2905162418587204        1.2814134577458067     
  0.68242295404105568       0.35215965130700072       0.19981112462173500        7.9444619174455264E-002  0.18887615749966025       0.71935464578229902       0.49717923370283712       0.32722555382774937       0.18670877861979651       0.16896478340470675     
   1.3234946732950761        1.1879772106627817        1.2546671615241216        1.1606964397495547        1.5075212093281125        1.0266875008018950        1.1351280466988130        1.2444425559110002        1.1946680854492153        1.0000337338324037     
  0.69517460294409938       0.37431984591360667       0.21596283638376393        8.7712913303259463E-002  0.20540734847196718       0.73043307793275780       0.50747745614279649       0.34073848586774225       0.20041910137039332       0.18483108774801746     
   1.3499534583568638        1.1325052881370317        1.1172362608856885        1.2537542652553229        1.1845641130737017        1.2027544570569824        1.1817143416347531        1.1187662134286402        1.1450765276574222        1.7461944524342796     
  0.70749028526658719       0.39530523209192109       0.23240414989259164        9.6540820178202050E-002  0.22122225131322451       0.74052173462070303       0.51758957003344863       0.35406773117944595       0.21392341824984809       0.20083040887813916     
   1.4733868172119462        1.1970550833479701        1.1304098852703253        1.2296329094288536        1.1975241417345803        1.2807495587094071       0.99822266307598351        1.2683925912559868        1.1024156419639859        1.0826376288266608     
  0.71939082568095891       0.41591994063394144       0.24901082594618848       0.10595708505097835       0.23666859566643914       0.75009631686362688       0.52752627704385346       0.36709547850023694       0.22933573240393565       0.21681284711117860     
   1.2755316461740904        1.1304905575374822        1.0415285364911409        1.2476906489942408        1.0673375044210753        1.1672589575986576        1.2220000458273574        1.1792921331654513        1.3434448993081372        1.0650917403299913     
  0.73080217928252178       0.43414859901927810       0.26588405029930756       0.11526535972426549       0.25258312203475253       0.75915040471047301       0.53803051038312399       0.37927021356601009       0.24571862931918059       0.23424458324051953     
   1.2034185536963411        1.0187728157805711        1.2019269672334572        1.1790587608404064        1.0395753811837165        1.1530379641172814        1.2609682347195228        1.0373950303532813        1.3814401960331473        1.1579958699989981     
  0.74200332848287553       0.45142689366981142       0.28297838669717207       0.12472615104124674       0.26802581774644246       0.76760231038284743       0.54851589866731165       0.39159941415452160       0.26156767826787630       0.25260033029531226     
   1.1576746265753881        1.0417586859173547        1.3372051206387596        1.2263411832683389        1.0593792573990606        1.1161307772887479        1.2157227164612516        1.0840128066949448        1.2610969384783879        1.0976910247185803     
  0.75233269588950891       0.47065480863405429       0.30037806325129324       0.13441156300738746       0.28386757602896517       0.77531356141815400       0.55880968019455401       0.40442474675971729       0.27762521341430846       0.27056325619275162     
   1.2076846513354789        1.1363719790047253        1.1683771333327004        1.0433594641274915       0.99772774844559942        1.0922478361206649       0.93181221170395978       0.98135206115857621        1.2412280034810463        1.4088572504354835     
  0.76234242964652255       0.49074677302883413       0.31811365535051284       0.14459846366152038       0.29846900427259737       0.78257634911005436       0.56840755708125024       0.41756565005730101       0.29423494287766266       0.28853605191247639     
   1.1777065177902122        1.2143492028764773        1.2831735262415538        1.0018667386542344        1.1646645037789691        1.5699391907595728        1.1258677593571373       0.95337765121786611        1.2301544269507911        1.2104297169708804     
  0.77196176130096461       0.50989311399761617       0.33576877454556814       0.15538142831209212       0.31033739268659538       0.78960486385696071       0.57777263099637044       0.43106975636154432       0.31048231564541884       0.30738195518691974     
   1.1521708034662910        1.2134050112897781        1.1760040562479304       0.99362860973133793        1.1043573176347405        1.0019536586523110        1.1916490123803687        1.2903046047249735       0.95271512951288062        1.2953317199874901     
  0.78125545983194400       0.52830832083935730       0.35304178925370866       0.16580628548648169       0.31834247812328881       0.79647273917167916       0.58682247179191360       0.44435648033586117       0.32659004209719905       0.32591052358741118     
   1.2590881000188232        1.2006002015048127        1.2855245182685371        1.1087805647242379       0.95708392744206072        1.1083235953824826        1.0993837989526301        1.1564847622857823        1.3555407529344095        1.2943998552632594     
  0.78976524442712270       0.54664636727092530       0.36995695068274637       0.17617626452629387       0.32757416291645480       0.80334736375985361       0.59599209487662264       0.45682375673274589       0.34290451165928604       0.34034640416450890     
   1.1395714129561054        1.2366772922718661        1.3503445039331370        1.0506784327430760        1.1987794816911708        1.0028050478832446        1.2824554183031118        1.1837887258348088        1.1757998608246394        1.2107019821877758     
  0.79754699858044287       0.56503080505930825       0.38691000245191204       0.18650084826957436       0.33700510722999272       0.81006517135181311       0.60247064633220337       0.46921476698221237       0.35933755594443217       0.35195962247966606     
   1.2885141429822304        1.0968591488845381        1.3704229230176694       0.99354971040768603        1.0222454452011878        1.1271627238275475        1.0626281091487675       0.96108292204059431        1.1288514815682933       0.94861536235846811     
  0.80477174692356690       0.58255899301702085       0.40372073390121654       0.19754030815351853       0.34596183880314824       0.81651806681980477       0.60763387683604042       0.48192228108565327       0.37549789802135852       0.36412217677880204     
   1.4076514301261973        1.6547364347087758        1.2225040817057227        1.3001183015755460        1.1205774801303068        1.0164425839379019       0.99076382581433098        1.1275229785644219        1.2433623497397144       0.96039246507455689     
  0.81158357591103059       0.59816174300293568       0.41903625567116226       0.20892061025625572       0.35971692572504921       0.82254064425314621       0.61284025920386331       0.49578598322805739       0.39130729949438792       0.37606152815098648     
   1.0476861192085758        1.0758435273468239        1.1237409689474533        1.0674222425821682        1.1433288607450782        1.0080926887952584       0.91476577397393555        1.1354097316557838        1.0283690543535808       0.91592149448769655     
  0.81893672225138037       0.60963574619792116       0.43449978507741710       0.22093897949481797       0.37625451807140153       0.82830295423206701       0.61795841018461450       0.51089920631948282       0.40637610963255549       0.38743281388315520     
   1.4714469608202108       0.93857113096442624        1.0473840920841053        1.2264517501546714        1.0759679775818427        1.1014998991364140       0.88722461508166905        1.1827919026425002        1.2253922730355218       0.93662507477812551     
  0.82609346794845107       0.61910295303001861       0.45001752068541273       0.23292099174732081       0.39302120159987958       0.83419744874396284       0.62282585720142825       0.52516344472631060       0.42058173556968503       0.40200201710744493     
   1.4027029664244375       0.91916464540376908       0.97739040915389586        1.0316291621608675        1.2431620645686507       0.98192683738418873        1.2608414763105114        1.0656917649426318        1.0854465978928256       0.97458913983140605     
  0.83308548000911753       0.62925267181392086       0.46637433408569512       0.24523187224894147       0.40873431856280534       0.84019150469496806       0.62928668511486507       0.53874430392147288       0.43418828667637249       0.42043245903999993     
   1.2516694235109869        1.1116828168796555        1.1237010567953716        1.1323050332464162        1.3085108053428534        1.0411628183053150       0.99161086722320491        1.2851595767630570       0.93759523086335406        1.2533879037689415     
  0.83971371118797844       0.63837199731324146       0.48327588173129238       0.25745020521305828       0.42478911115757367       0.84599460875171573       0.63725743142557267       0.55218405251954916       0.44746953134022538       0.43916065662192583     
   1.0511437595106912        1.0116931696844309        1.2333904343187228       0.93156853051864530        1.1017871839998790        1.1512311946943823        1.2602875977259558        1.0220494918821006        1.0293449603175582        1.2759123794608545     
  0.84616764523221843       0.64760393432688645       0.50023997433109590       0.26993214180624869       0.43910741198259323       0.85163751090102591       0.64492060451046673       0.56609047447129390       0.46130702678632568       0.45874389008596411     
   1.2025604386257875       0.99845989086196119        1.1831481606563807        1.2027352868862768        1.1996202770895754        1.0350094473896347        1.0977913267623316       0.99844666210725108        1.1409508780016078        1.5217313529858210     
  0.85247751340556333       0.66065465906616838       0.51305180844196052       0.28259345550705806       0.45412197228329110       0.85718838190872959       0.65242920747677458       0.58124776831388092       0.47575105755889641       0.47861296462503072     
   1.0597400821874843        1.0188750879186417        1.1298830543073604        1.0612959487986573        1.4389045040317843        1.1670238253960181        1.1321050388270664        1.1375602759390566        1.1092676110713224        1.1272564652551309     
  0.85857284674069223       0.67418122410632997       0.52329077851611661       0.29502562382470976       0.47091524404513196       0.86255236695247484       0.65987549840596726       0.59692424579116954       0.49070361159855075       0.49802300316305514     
   1.0311793523835573        1.2279497493963192        1.0974345548024365        1.0041320163045999        1.1265039919474300        1.0844237497344762        1.4223154671962355        1.0752885674750432        1.0066216710451041        1.2594565492663490     
  0.86451833932051680       0.68535930654096688       0.53402940660137976       0.30749090547495211       0.48791104731263779       0.86772809401624851       0.66688038332942046       0.61203818749855443       0.50553396571598175       0.51718348798921143     
   1.0638518525117135        1.1038269014458735        1.1571447694205705        1.1025529510674064        1.2447301625582803        1.2042479865071272        1.1177243243220678        1.2277768585138626        1.0112094622908545        1.1608151071999857     
  0.87016354788070993       0.69511569504697723       0.54474038384339385       0.31997197918979681       0.50389218735328511       0.87273806919644503       0.67304085592641272       0.62604868895507970       0.52031245693011507       0.53692893231705163     
   1.1782821951045506       0.94696706177638412        1.1535236488693679        1.1496457680933161        1.3386529809441314        1.0091524923824164        1.2390336802931778        1.4207117510143816        1.2808974388965599        1.4437560965410949     
  0.87464701188698268       0.70615035022192607       0.55546035492661716       0.33344972308812587       0.52095025794281735       0.87767179363677528       0.67926583065809143       0.64036467661327034       0.53524698391202463       0.55676256673376667     
  0.97992427336325472       0.98165506537372593       0.97967695230337482        1.1291597553909920        1.1566727743873173        1.1252086825029675       0.99365216337910622        1.0730674933930295        1.0267746785803860        1.1050039651920602     
  0.87789344877671793       0.71737738170674026       0.56979734856426245       0.34700600060787795       0.53928052591158682       0.88243735977930182       0.68545344190778790       0.65529510585585771       0.54967815050102109       0.57621948569879899     
   1.0735056505943321       0.98933465301338652        1.1497824783075115        1.0963280176003452        1.2254703855703921       0.95814174475480640        1.2562405455674253        1.1476208029304027        1.2885762091786388        1.3072218929539317     
  0.88131698427959382       0.72974899046701613       0.58718615401492924       0.36077273021867556       0.55789568974223380       0.88707395601607564       0.69145681943792692       0.67054297313689382       0.56347123812024458       0.59499513510041002     
   1.0595504086952845        1.0393296739842497        1.2033813601602528        1.0330078409838783        1.2594401893542679        1.0868609318412004        1.0373963999963414        1.2543430207555220       0.91572245894622684        1.2692188922847725     
  0.88475843778581742       0.74222156745848156       0.60445798014824326       0.37463449274300586       0.57653871012234958       0.89158213267453168       0.69728443100431337       0.68574277796360361       0.57705424294917151       0.61270495773854416     
   1.0474934390774264       0.92392212928431527        1.4943133689761703        1.1549207018056193        1.3796976152322857       0.93977862480205610        1.3432268884388672        1.1953030485547425        1.1288380309524024        1.2180804972231580     
  0.88809703312341437       0.75538522635796590       0.62063993719185695       0.38879894496420397       0.59511886204678532       0.89594634658863537       0.70340595689070962       0.70072887047924159       0.59045893475215983       0.62944302576784728     
   1.0275369049750804        1.0461845982774491        1.1315034449997807       0.95069339027728228        1.3338915036447969        1.0746195151123981        1.1480985521231519        1.2703882885208426       0.97710505968197514        1.3792485168217270     
  0.89192702676860713       0.76834995303772469       0.63535195318962201       0.40305660664074572       0.61226017981929404       0.90026435645875724       0.70972415637551522       0.71577765004960903       0.60424434606567989       0.64532280316606883     
  0.94235523858336978        1.0912029697465830        1.1737616887687448        1.0842936663842961        1.1755600842229776        1.1178369212085102        1.1019537218923670        1.2553851893348871        1.2986687353870623        1.0597748802068301     
  0.89731839538112812       0.78111414302458626       0.64876491993991714       0.41856120967913496       0.62825813851465384       0.90458329638472768       0.71599589445714007       0.73077486245270817       0.61853086148590986       0.66163125381729671     
   1.1248807612769680        1.1234626319781689        1.2158009784999146        1.1673071397670483        1.1144094155882680        1.3010277611121517        1.1918800348496474        1.1603417228155926        1.1648730210121285        1.2357860470170008     
  0.90240786665918671       0.79313413403799404       0.66079696994597625       0.43513272724055940       0.64362487809421143       0.90893050926471874       0.72216882016270445       0.74602150726043159       0.63320972864569247       0.67843592542292619     
   1.0308197843545071        1.3138638213555718        1.0110635389191105        1.0951870126097698        1.0969478585324877        1.3822598587236732        1.0430435326147169        1.2187221115994993        1.0703365707702477        1.2707656849348099     
  0.90726828438247764       0.80481409073738996       0.67416135687692369       0.45252168047897723       0.65897718278408368       0.91325678956619061       0.72832526382795937       0.76172453845861343       0.64799964208615179       0.69533206929687652     
   1.0351401900667483        1.2557839624047324        1.2149159884077734        1.2452746671126633        1.0695554120849002        1.2179211290591458        1.0727433923913430        1.1754614084073127        1.3890864638001499        1.0340558971526399     
  0.91198947925810092       0.81604738414563760       0.68762326398934104       0.46980118421670886       0.67586577811187398       0.91765529949821600       0.73467613143602584       0.77659736273899971       0.66260503930572623       0.71207993839117911     
   1.1401804787832794        1.4035817812760427        1.3321929624397566        1.0677287544616876        1.3449661865658540        1.3686357425760667        1.1651694930610899        1.2590839301423906        1.1246972364117860        1.2214754842916944     
  0.91669654359401442       0.82747982294642819       0.70168299161004255       0.48726903244000924       0.69378316608771184       0.92193193159693254       0.74108240419481497       0.78980529652673337       0.67739265576745633       0.73006316049857711     
   1.1018529299568214        1.2144238948654198        1.1350764354629710        1.3897035342430808        1.0184238496854652        1.2469088869594545        1.2132635025000174        1.1584668219559324        1.2853050838271742        1.1914682233888105     
  0.92129461277421265       0.83863542705744920       0.71556704624433576       0.50489886779668536       0.71130684282730028       0.92621742338537649       0.74722998614449321       0.80280008281112614       0.69156185256816805       0.74830273752728937     
   1.0094248814869136       0.99513838627613393        1.0616724303763430        1.3916726292097790        1.1301317875118500        1.1561078566908811        1.1178694586773152        1.0277239334622663        1.0970951216203095        1.0479361232888711     
  0.92570916000413150       0.84990347491093787       0.72981501592296572       0.52268237980693755       0.72877045503677762       0.93036094418135340       0.75308239012495015       0.81611632102401999       0.70643169936855854       0.76664738449773306     
   1.0365137971743461        1.3276196706408470        1.0177008422297089        1.2285421333685280       0.98916196427072434        1.2577726302775594        1.2492973264454843        1.3041256719474414        1.2606037385263709        1.2055121182040685     
  0.92997284905708522       0.86087460547388373       0.74401174346401200       0.54119388779560462       0.74751042536695156       0.93421682849403165       0.75903370994303909       0.83152754132228313       0.72223091677896356       0.78300551447565769     
   1.3517493404507754        1.1262143951077621       0.91750354809223700        1.0234969055725684        1.2270431346217505        1.1155830537551708        1.2364159133460781        1.2748415078927762        1.1977785133075354       0.93415919182498430     
  0.93415701033600529       0.87151038099240130       0.75834348123185402       0.56082455831699130       0.76562883647487956       0.93824759356808285       0.76532372951827043       0.84090711203930424       0.73974009080548941       0.79737038387627623     
   1.1286430457966483        1.0663773514441073        1.1694335731851293        1.0190603307791426        1.0751167072026142        1.3424825618818028        1.1473092209735907       0.91171713920227060        1.1310505711438117        1.0496971327370177     
  0.93835702659508058       0.88192372408078412       0.77411255339996199       0.58025493936061623       0.78171123288970823       0.94243028687787023       0.77185774431556575       0.84968284054174992       0.75750032607157891       0.81081304932112419     
  0.92874795274942623        1.2060429293324619        1.2202074065756312        1.1341877524563182        1.0606450117762278        1.1796117064835312        1.2779465875849096        1.0568434461745506        1.3771349153374475        1.0040528820629500     
  0.94256626746821237       0.89225489993870954       0.79049283733667819       0.60135499110955326       0.79698980575250855       0.94617940467363326       0.77861048987062487       0.85867893309532950       0.77450738729469448       0.82428347891542930     
   1.2481694944694972        1.6805033277982508        1.2597583363181584        1.1084760656041486        1.0361101385013389        1.3146514999607368        1.2333431713408347       0.93424687587359934        1.1260868698567783        1.0502991340913288     
  0.94660667291663014       0.90187687868519495       0.80706427839215666       0.62364528237516259       0.81178749872002398       0.94960693933334761       0.78537837660210863       0.86714268868914990       0.79191060672150337       0.83810627627346690     
   1.1893872434946078        1.2159056676919204        1.2447653346415677        1.1053282739171273        1.2634666565044219       0.96023090777175601        1.1288619279681151        1.0189051948562080        1.1852866922716025        1.1761886890259319     
  0.95034646403333500       0.91066404649381627       0.82392307826133726       0.64666162533803839       0.82652948379853786       0.95312875577349387       0.79208489274889582       0.87462852832978255       0.80952644992836442       0.85178598283394180     
   1.5363409233554901        1.2916106538870291        1.2164536827800307        1.2089331416487938        1.0613047793956778       0.96985403966105233        1.0941132289609536       0.93771029344051482        1.2321822992129217        1.0583621395001634     
  0.95402613679834125       0.91965342154210450       0.84060721846335240       0.67048197680051425       0.84084890322735450       0.95702091512966236       0.79900524183861155       0.88596056986898730       0.82855212647407883       0.86566800245678799     
   1.0359468240683654        1.1742478421690319        1.1371889110127154        1.3118374324393589        1.0458518991187007        1.3061500530101060        1.1181264766329744        1.1855897154658874        1.2173355572799547        1.2971888850579905     
  0.95808920196225633       0.92872897804895138       0.85704399949285370       0.69392415006003116       0.85575334053526853       0.96099977553253935       0.80626383775675525       0.89873059557000856       0.84684438135214690       0.88042460804379574     
   1.0821623123046780        1.2998371403992024        1.4106453239698560        1.2415119706058271        1.0637147964596174        1.1749276758476941        1.1071630866803408        1.0213606884799871        1.0235841638988676        1.0270750636716370     
  0.96252434703036283       0.93745722236357742       0.87234273446938282       0.71787424255662058       0.87057138029729053       0.96486839908194633       0.81415076223300420       0.91106072175416353       0.86443238722132321       0.89537180385892512     
   1.1042746011151450        1.1312580836129624        1.1198935261980134        1.2450836115077850       0.98755566337175593        1.1636624636306030        1.0699562747987090        1.2310498569224371        1.1316511379876106        1.1404421768672997     
  0.96710953581447956       0.94623791521324840       0.88744120805401483       0.74406701305917189       0.88533443796460032       0.96878192717224854       0.82218043732855639       0.92279401532535321       0.88132219998667038       0.90999017106332736     
   1.3680630505193232        1.3953995871979850       0.95889675999549839        1.2685303039831146        1.1636495403115612        1.2027732780128193        1.2145755061008388        1.8319547271075289        1.0503939812953902        1.0852900590831183     
  0.97159790441795579       0.95483569370947319       0.90391299081153031       0.77291329537363307       0.89980804046885254       0.97282910294247027       0.83105507116214838       0.93447320543819812       0.89773281168605557       0.92405743126941498     
   1.1440744609400100        1.2634341409043597        1.3182738465683426        1.2055418100696482        1.0521281752803826        1.1583098727612755        1.4443431718221338        1.3059180728710658        1.0097912666950442        1.2511526270253255     
  0.97584014599625557       0.96278944150738499       0.92142290637214008       0.80414072654157620       0.91548143646249880       0.97616355511306585       0.84061882883114269       0.94714010938045046       0.91425924754247823       0.93783011531965388     
   1.3284598141807893        1.1521925828964068        1.1665112187230826        1.3445527793859446        1.3524005386877287        1.1598118026482771       0.99449719931445302        1.2787501630271936        1.3713787350316486        1.1277747518882006     
  0.97990217101576393       0.97028662460232662       0.93919592370987293       0.83697489661012903       0.93172473984720405       0.97934393241777218       0.85148923647752017       0.96041535885369556       0.93070422166829714       0.95139400342806946     
   1.2467980105257193        1.1415051018074793        1.2928979421523663        1.2134305097781763        1.1831586312993148        1.0506689211966131        1.2531927328480015        1.2082668286010878       0.99425153803646171       0.98218750017463341     
  0.98376393138986584       0.97774652642952664       0.95563660168841646       0.86828270391995466       0.94902713268503847       0.98262404402096104       0.86501288055564718       0.97029112126098882       0.94774885148693133       0.96443131864592613     
   1.0377320024136540        1.0675122806608863       0.96737106052934330        1.0979338605857873        1.0369580970180756        1.0071033832786325        1.2298032805934607        1.2030658482269960       0.95604437464674963        1.0490869506008706     
  0.98790525494084913       0.98533571202646719       0.97072791125732238       0.90373723978474729       0.96626965623940320       0.98656223942333132       0.88382609829213354       0.97883135388706799       0.96455972782444954       0.97692504117055612     
   1.1872805333642671        1.2721345799325485       0.95948781544660333        1.0611335623717371        1.1408887178068752        1.3001479078350795        1.1896044421128082        1.2348076631572245       0.94898035080031307        1.1706575463431164     
  0.99337183006782381       0.99281880842193726       0.98551979409306134       0.94590479116789639       0.98310190090748162       0.99132690886482178       0.92335768185878353       0.98904514058414228       0.98249892357318402       0.98865839787471665     
   1.4873377068268594        1.3148081756762113        1.3584244250131832        1.2260202238142754        1.1871188397679868        1.2494449002479964        1.6864337802049723        1.0838183684012521        1.1628747164129714        1.4289330493581296     
   1.0000000000000000        1.0000000000000000        1.0000000000000000        1.0000000000000000        1.0000000000000000        1.0000000000000000        1.0000000000000000        1.0000000000000000        1.0000000000000000        1.0000000000000000     
   1.2009222350432593        1.1478324534963842        1.0305239929109913        1.2766605750118536        1.2570889625504618        1.0600607827393005        1.0111142009066643        1.1754806182064308        1.2209171648834241       0.93106156527658079     
  -6.4119502474854571        13.817291346047389        2.8732077894339345        4.6158801652563559        2.5389952384756498        6.9682949283406534        11.114256096071170        4.2137182657452819        2.8962711919310786        3.3224169629418734     
  -1.5887607133212562        7.4903878232041041        1.9417294557036819        2.3100218438780979        4.5166827326046715        1.1424000646402188        4.0612199678516889        3.3194417621406234        2.9114599304822630        3.1080690305099181     
   6.6215860607118850        6.6332569457020985E-002   5.9100221609710104        1.6687826571080073        2.3273007739144655        3.0138290977204938        5.4250033464511853        3.3490065757221883        2.6683108735987759        4.7472988737198785     
   3.9998963915567605        4.8666333154564132        4.6713088417414887        2.0159226788240678        3.6418938493514905        2.7606472906622264        3.9636885141916745        3.9725734039559373        5.6579661173402362        3.1598333440399311     
   2.1278071610444740        4.7276113996206988        1.6023844400422340        2.0377736594061675        3.8634877705442059        4.2719031076371010        1.6907836892296000        2.6563099388466189        4.0521582153271494        3.5404214951114739     
   3.7619505725372671        4.0738723482985391        3.2235937706429523        3.6802491659522070        2.7621886515575973        4.5197582277703914        3.9811424345079081        3.9361818332843335        3.4286856908292607        2.9829140715134268     
   2.9697321399413825        3.7264205297266830        3.7330550461857479        6.1084540388839956        5.8642392551058036        4.6718026068777112        3.1728640579862222        3.4299615978992244        2.4818376872177530        4.8047163875748540     
   2.4400225259075099       -1.1774777447756135        2.7639336564856105        7.4694177580920007        2.4148700236468841        1.6790931726083351        1.7579203550728100        3.0631858907422362        3.9315936501308415        4.1622661072461895     
   8.7060344277153187E-002
           1           1           1           1           1           1           1           1           1           1
  0.19610214112313298       0.10908914217836212        6.6300287097751471E-004   2.2524947380856424        3.5833244708302230E-003   7.5092700944796794E-006
   3.8046244841361300E-003   4.0032030802063237E-003   5.9856623873260207E-004  0.42165519572646243        5.9820404752364048E-004   1.0571461859858665E-006
   5.1580663292605166E-003   3.1848772725290955     
