   0.0000000000000000        0.0000000000000000        0.0000000000000000        0.0000000000000000        0.0000000000000000        0.0000000000000000        0.0000000000000000        0.0000000000000000        0.0000000000000000        0.0000000000000000        0.0000000000000000        0.0000000000000000        0.0000000000000000     
   4.0795295716835272E-004  0.17982839097103823        1.2333693848106715E-002   1.6254959424789602E-002   1.2891676141576627E-002   1.3887620771396606E-002   4.5402768595089522E-002   1.8795634899514406E-002  0.61171201999604852       0.10490466715844618        9.1152446957017269E-002   3.6251986578115979E-002   1.5802248114301882E-002
  0.46214157739439693       0.48874574333582127       0.52164717429577001       0.53949740540710156       0.56008548503261124       0.62234100172079343       0.60481890078420086       0.52478079450574722       0.49295500561401701       0.49729211728745576       0.48660505515491120       0.49414458709666564       0.54190450811088853     
   8.0370136823949758E-004  0.27408204616297427        2.4290835714096022E-002   3.1765058234336785E-002   2.6718342338657657E-002   2.7438834417826352E-002   7.4025750165410811E-002   3.8245888997949118E-002  0.69366970928484850       0.14095748668855651       0.14291404534888011        6.0270303772934457E-002   3.1273833907956197E-002
  0.57935534496648189       0.62269712749324990       0.51997363443827205       0.46968268489481457       0.47927332614156665       0.54828129279142335       0.45763388571611813       0.60979399791046085       0.58742522406190600       0.62495142611461219       0.47511223150430854       0.45453592887225469       0.60915989018325478     
   1.1792870814666418E-003  0.33619338764696793        3.8765977006671462E-002   4.6965650378926055E-002   4.1450800285526695E-002   4.1910100274782730E-002  0.11395096088675004        5.5235751506579320E-002  0.71596790748937478       0.15987329476751441       0.17629274669851031        8.6557429356746707E-002   4.6074685356229453E-002
  0.85350318055109786       0.67663016915590024       0.48196509240640395       0.54086479289158429       0.51711703915037255       0.61607759838039355       0.47109285917369825       0.77586242369058567       0.51490309614170560       0.61911972750641320       0.60335417318077655       0.52672293165808737       0.52717250080851485     
   1.5406012282281015E-003  0.38042252160630452        5.5760963518055963E-002   6.3366995965416062E-002   5.4790235893716482E-002   5.5857306714565819E-002  0.15430174549285697        7.1555174385218967E-002  0.73148621330609787       0.17240423818896486       0.20275527541457986       0.11970129025545696        6.0707410304986997E-002
  0.61343311232361430       0.50557956404104376       0.54479366597364765       0.55232905463996107       0.47259618150882188       0.58568488536076024       0.51416309158045215       0.72936856537585137       0.43573443552495766       0.51707606018902452       0.52758728020144541       0.58599901929810727       0.57304540349004740     
   1.8995892143266820E-003  0.41155260862593096        7.4043264695826103E-002   8.0840401458668942E-002   6.7041728676536780E-002   7.0124425881553432E-002  0.18645638151132998        8.7102890563728663E-002  0.75137527541482674       0.18264669689621088       0.22603664308380436       0.14951174703637674        7.5303145498796159E-002
  0.73474665579620757       0.53172491746008299       0.58328970663922475       0.61771317824820970       0.49407710844818092       0.49054384853902966       0.46149057381081698       0.63002861795258025       0.45711680214617489       0.59805112119798698       0.50792706732779469       0.58787309389783415       0.54083811992998387     
   2.2785020833951844E-003  0.43532087186889223        9.2512272875791501E-002   9.5985148440289297E-002   7.9735051046182864E-002   8.4891536985914173E-002  0.21435781079259869       0.10270765801454636       0.76883258353786110       0.19165256074381637       0.24669341281607157       0.17186197828970634        9.0688616576312928E-002
  0.64148983172318541       0.46962186621258289       0.60645351591479435       0.59544405954543156       0.59560798995447373       0.55594642154365459       0.47597650438643313       0.49268924883368781       0.44914335047554782       0.54617650859078803       0.54639102393816674       0.51898259400159752       0.44778479778413455     
   2.6953643509307276E-003  0.45217834075865526       0.11152433715725633       0.11014173698767080        9.2514293367714648E-002   9.9918574402386134E-002  0.24740099772527530       0.11786436935573882       0.78392673204396945       0.19918723556899617       0.26767424821194619       0.18962174432548215       0.10664140917832064     
  0.60579020466085332       0.55459958051275093       0.57847103132581490       0.53301177871869576       0.65165677149558576       0.51787277500405926       0.50090093864632490       0.56022904786483463       0.52016237451821756       0.56993139488974487       0.53064864873764561       0.43924718423407366       0.63777396145567711     
   3.1598011449754000E-003  0.47486159116026982       0.13030998734351049       0.12432943653373717       0.10490423321485974       0.11479441317043805       0.28046990147214035       0.13211756007703421       0.79684969080264245       0.20597205869556356       0.28712569073508154       0.20818340136261146       0.12282791046603768     
  0.55683493086911162       0.60748080072155586       0.64556488896127873       0.56616169312257991       0.56564178304504820       0.52330610738742067       0.53584761651478441       0.51496244852905138       0.52925836053835185       0.50823550365144721       0.53655115266102371       0.43948534154430752       0.60951680551057674     
   3.6603797764046442E-003  0.50078477522847309       0.14796650655933358       0.13934668672319961       0.11627101352346990       0.12812756118990976       0.30629226799816445       0.14727340831953098       0.80734300373097179       0.21257926530243126       0.30717069268403208       0.22959493693160432       0.13913452017392725     
  0.64421464356775249       0.52998365930443803       0.51156200532372276       0.52911060847645508       0.48465809235873242       0.53456333316831506       0.53034209707078539       0.53547640817221975       0.54492544128245013       0.48140437538361891       0.57408545218566054       0.56775072709649110       0.70231679443711781     
   4.1802500556012284E-003  0.52306925851205677       0.16664132523939504       0.15449469543329936       0.12657698257499064       0.14023065918691344       0.32989615143999629       0.16019245883031813       0.81779440554341665       0.22118130174516951       0.32610127946771972       0.24946826354029270       0.15470119030449389     
  0.52401837759920611       0.52029828494276942       0.61257262267635804       0.58588051342077418       0.54735953027352191       0.49841524265693499       0.54470099470759958       0.44227745615917291       0.55155196095697934       0.53249796487167245       0.54710748001556853       0.50430170739072933       0.58574553108269489     
   4.7197681924378209E-003  0.53983597176383835       0.18595930044219797       0.16793011555661827       0.13711719900732317       0.15097792471707527       0.35181118890964413       0.18033924037659002       0.82841827273442181       0.22980401995433059       0.34214695422351460       0.26598927652398774       0.16765032974364893     
  0.62198931703627858       0.57523858179201093       0.54232376929470238       0.51851003210696134       0.55547029769557710       0.45631715124898276       0.44221059845486405       0.56154868695069127       0.54957799233447902       0.55040333230014427       0.51576025832004158       0.50468419644482809       0.51542297354958899     
   5.3001688802317599E-003  0.55488436884829806       0.20422318097235331       0.18100453316256757       0.14878330692752034       0.16201706564057952       0.37448862995808346       0.19770583075554546       0.83830766968696968       0.23720220324897401       0.35540675094209739       0.28287193996865834       0.17981589766233641     
  0.65653797222359700       0.45903853591584481       0.56397367366371820       0.68625740207646713       0.50323713515663071       0.47986614833352026       0.49944453594828858       0.47713108932161791       0.60782388494820749       0.57803392919374219       0.50516569960320890       0.48959359667032609       0.55743345189467175     
   5.9445321510160866E-003  0.56946015905224134       0.22092069931091479       0.19539956194191491       0.16141557835316667       0.17719107251665225       0.39768915688356421       0.21315197873025216       0.84767603825260063       0.24411755488895417       0.37085944013717792       0.30236008931528868       0.19193067329198954     
  0.53865431326764668       0.50261026112761142       0.57740091354334278       0.52226494692366965       0.62118271873553887       0.55121809304806990       0.60685961225061358       0.56747737758464634       0.48798146037811585       0.55614200733195052       0.51497543274652302       0.60543811511685874       0.51833840202074299     
   6.6534131039298772E-003  0.58385864304186597       0.23673903957907108       0.21047961763867121       0.17394554759420289       0.19300072446052605       0.41939503794967192       0.22925349452925764       0.85651537237679776       0.25077605369739780       0.38986479064320434       0.32105390337400014       0.20361437770328833     
  0.57853635667688186       0.53069943213453885       0.47543609501814987       0.57900382105871651       0.74631436599305456       0.50726982014917377       0.51232675360541524       0.58330829539754292       0.59025038399064589       0.57453272838391511       0.53169449794056145       0.50559222313532348       0.49677176417943297     
   7.4451088172700908E-003  0.59771525367282585       0.25116472416025720       0.22527056548488275       0.18680773953168164       0.20794226678074601       0.44035671692890871       0.24579910524443505       0.86399193630220439       0.25725512959892344       0.40708009067607803       0.33717794150952163       0.21324187544956946     
  0.90524341599000568       0.52160371194142074       0.57254151773697703       0.49861259170963512       0.54803499605642836       0.58413878756790982       0.47911333697862268       0.54757633040208020       0.57345657042970877       0.53448662994482055       0.56150263358104313       0.62592393780671085       0.47941824362664692     
   8.2265882730840015E-003  0.61117530911779749       0.26668011322603169       0.23862251607662466       0.19982799472107837       0.22308885549938659       0.46102187606889550       0.26361329388255167       0.86982413201749198       0.26414376225503394       0.42299338169004636       0.35353699970684060       0.22519937085952352     
  0.51543692221123449       0.53754139543821977       0.48328232813647448       0.57824297203609554       0.46792006914859330       0.51745392381830502       0.52667356662569831       0.50094257625023231       0.45635648165544052       0.61797825996271116       0.56080015283698659       0.49272451514741394       0.57065171586219143     
   9.0827805189946410E-003  0.62418212244067572       0.28259149863320426       0.25243830932950523       0.21222618324103498       0.23970426859572191       0.48087249411961136       0.28213916281085055       0.87461582121463943       0.27164109596515340       0.43934002440984143       0.36985568681788872       0.23939060500374920     
  0.51640728277623105       0.48508023204816481       0.55670209534729376       0.51022082146049863       0.67434186821549225       0.60750177222090651       0.53138715440877915       0.55052607086610772       0.52298972173305680       0.57854420501750825       0.52420571017552064       0.47834205495707655       0.49230652375922784     
   9.7630100319348583E-003  0.63732309673419885       0.30002574559980705       0.26829341905954840       0.22430766102377003       0.25348953247313838       0.49927647514907042       0.30034358399545319       0.87926184736666702       0.27890826119350282       0.45379445945014601       0.38592792723213837       0.25475517421316174     
  0.57413754348906965       0.51966320467987615       0.53174013154101130       0.49880210954090043       0.54695815170335094       0.47207976810638769       0.63685165609287675       0.57769335142730116       0.58166798275452203       0.54394855364669414       0.50122984350130295       0.56733120401614812       0.53465976218373656     
   1.1064183739109975E-002  0.65128626250852317       0.31590994455975424       0.28241503040819704       0.23659742902227099       0.27314001464432514       0.51688136694993070       0.31816085749381395       0.88411224879661965       0.28560145929170344       0.46676625321802112       0.40200331421996399       0.27084712125371857     
  0.62715266260601976       0.53405867691692632       0.50924521378516197       0.56212786799816017       0.50786342110256577       0.58310639633274142       0.54494476925603341       0.51753668173680634       0.51781751168971069       0.58182129255124437       0.46715754084141181       0.51781911949576576       0.55663252041284794     
   1.2632263551922365E-002  0.66535186131119606       0.33055167954374864       0.29348592694548320       0.24807051767844374       0.29057186871075974       0.53290219037577846       0.33548990042394022       0.88886926516223519       0.29218999204503271       0.47710112867086585       0.41933846927516211       0.28685745817852665     
  0.69057373545480882       0.62510620946030448       0.61014527153010123       0.53083100712700781       0.49889728063589683       0.69105133604566538       0.68498567786121811       0.64980563283068904       0.56307506810483543       0.62333408384473832       0.50570943965181647       0.52841309465018782       0.55459572742831986     
   1.4216319017692290E-002  0.67890186121090867       0.34728126733293441       0.30573124161180748       0.25854988886644015       0.30928670757001209       0.54922732081907932       0.35236617570774004       0.89335931688161607       0.29877546002509142       0.48651373817548943       0.43706845276969597       0.30294289726178691     
  0.62336271505709018       0.55054825317936806       0.45770470183375500       0.61409459123342702       0.54891470815855070       0.60507627734205993       0.63843908423915874       0.68451894632610832       0.57124843163611394       0.50819218861860571       0.51223451083119786       0.58500634677187624       0.52151293294121859     
   1.5924025261174535E-002  0.69157486035146543       0.36432805661937023       0.32411336220447678       0.26926273803929901       0.32814526916841974       0.56539118218151296       0.36965280727804184       0.89771858019355422       0.30612433806963119       0.50318227636339963       0.45420091132552975       0.31953431140735666     
  0.62887804029061223       0.65002031176152764       0.62588471337817753       0.61724940299270692       0.55073773986842800       0.46416549002212409       0.57432714497564208       0.52619825247336194       0.53912581027442918       0.52659579393244960       0.59293876155610381       0.54286974406100930       0.54830981654534394     
   1.7786248716990933E-002  0.70342482978668330       0.38023750084832458       0.34403228555405541       0.27988817734290161       0.34742097325014665       0.57922135074441616       0.38797839564440834       0.90219643509004421       0.31271898389887454       0.52138686756644281       0.47075749334211570       0.33598565327451480     
  0.54881177759850563       0.51001166271405074       0.55051998602183538       0.52501348634797096       0.57281254469996623       0.57948858238347478       0.55903597451151266       0.50446403569368725       0.58514243660889553       0.59669878608059401       0.53593478480991874       0.54313461103724570       0.51673542762329894     
   1.9832532327450761E-002  0.71516847406511119       0.39390082843111568       0.35907180063584782       0.29224546575633670       0.36680738488202430       0.59254428977601648       0.40611146553579230       0.90615945740699866       0.31911193723559400       0.53823623391354758       0.48697906880217734       0.35344732349655311     
  0.61391798473528914       0.55530359399992024       0.45514941745912363       0.63648465483728045       0.53320666098595015       0.62021718066423803       0.63610590569650460       0.63703188935006494       0.53067102368687447       0.59080342005194764       0.60233223368517930       0.55515299369399496       0.58979312038898413     
   2.1978981457968689E-002  0.72676843503912991       0.40888409575261431       0.37482499395357732       0.30446094642917831       0.38611395000337634       0.60662199417284002       0.42350050121376009       0.90973931011661258       0.32505327082113128       0.55482538261768299       0.50252483891396738       0.37089170815836670     
  0.57757974978483662       0.72555290457558397       0.46091474716679398       0.68958225846039445       0.58767258834888847       0.54398034961761632       0.57134513284603317       0.57546014092995112       0.45466360796209043       0.50851009529071522       0.67959884408774784       0.57302233461426799       0.54258685645125415     
   2.4080024136743115E-002  0.73814733363602991       0.42520913978978936       0.39383355559322170       0.31663849870476413       0.40421903891415356       0.61944770026051343       0.44047404985462618       0.91336016270276288       0.33174589752024147       0.57081082833055674       0.51837215742715825       0.38870234240543183     
  0.49090486204634143       0.65900892545218481       0.45511100669284776       0.59371955814725486       0.65859194947424282       0.58181233889711748       0.52729840680529572       0.51714251014256440       0.55267373563702293       0.61540291916901046       0.53638681184415460       0.50436488566272430       0.63104546409336182     
   2.6316076804841874E-002  0.74896328271679558       0.44252180759792875       0.41433066965776422       0.32918588192750692       0.42231699393225552       0.62932971620554856       0.45760615848851471       0.91704293536032044       0.33944184209504608       0.58640209298340829       0.53508881367473371       0.40645022667776021     
  0.54479827608094933       0.54692822880977843       0.58714215475728193       0.59174936777332732       0.56452754673206684       0.53765260294711748       0.56119848592861465       0.56682773453701829       0.50552124577664892       0.65548199946599850       0.62474942132719069       0.63875909103889228       0.50467421240722377     
   2.8582911727492933E-002  0.75811740754607471       0.46222204671983491       0.43318714885870696       0.34197789304669529       0.44156755115352014       0.63935720516775651       0.47628848640547522       0.92010637806715578       0.34748440164769129       0.60177169838836875       0.55017210992790455       0.42475551124699934     
  0.53509813585036226       0.55379960197586819       0.61186934770856971       0.61496739430902381       0.55387543936241046       0.61512303316278416       0.61640388517862366       0.62729160021711328       0.55074622186410238       0.66979187070188018       0.51503481534925000       0.55539229026833370       0.63013894782209157     
   3.1061268215745716E-002  0.76596357878874233       0.48162438836099170       0.44989300613055733       0.35398569864841239       0.46134788110519387       0.65125158937411276       0.49452788104532702       0.92295005081367010       0.35541461379032158       0.61700446719251245       0.56264389659764846       0.44246585535567012     
  0.49720447955048747       0.63853621917132697       0.52179910294918475       0.55798990061195997       0.58435455352105325       0.59905024345992119       0.60840840211334746       0.61746593013438744       0.49838590651717757       0.61040025488376870       0.58683135864593949       0.61966756775892406       0.54067533492503261     
   3.4165439771828628E-002  0.77395380210868003       0.49884811800067519       0.46849314116216406       0.36557143923588364       0.48177674570820245       0.66304306949275305       0.51385462144498617       0.92558124230126038       0.36300760163126589       0.63239850674460563       0.57302038275562261       0.45988917041075689     
  0.51154888977366664       0.52095934175491432       0.52622482013121219       0.65982669564357310       0.53367896910092671       0.72722080979658865       0.46425594400565712       0.56193031364847845       0.58340166140625438       0.59903108740039057       0.67580918480211116       0.53682619330724901       0.57506131703772634     
   3.7635256943212708E-002  0.78234846444675021       0.51401315305643347       0.48807994447117570       0.37682525776597231       0.50014571565167432       0.67560517901073402       0.53474345211891228       0.92827635235526729       0.37047553011519518       0.64829399053503634       0.58355954744755600       0.47815231952181608     
  0.66263749890919854       0.53748682051519314       0.57011775989186797       0.63402948996130493       0.52521613192927696       0.65218581520486762       0.64252397329280841       0.62804095463780019       0.54576517946265479       0.63201339894159370       0.64827777438920831       0.47785982346203437       0.49745339810252487     
   4.1528322782449563E-002  0.79071391922974621       0.52605448581021574       0.50794175289480525       0.38690365969706719       0.51809816983226009       0.68884835065992045       0.55424639643352935       0.93101525374168914       0.37735347898660365       0.66287548176419064       0.59742921238018476       0.49443604963276305     
  0.54483878549176246       0.50307990153749627       0.52234833538208281       0.54477099788440575       0.53477564407616929       0.50440625229140190       0.55985226210415839       0.52878804084625053       0.71234472281101824       0.56937945144285462       0.69361348010388546       0.59254204078146677       0.57560393446956726     
   4.5913282230949870E-002  0.79869743588956610       0.53964253970222409       0.52740003099251032       0.39880962578034218       0.53690754893993575       0.70054296019909135       0.56813964915882653       0.93361166549329277       0.38365018079575580       0.67359973395741468       0.61397385354262313       0.51001158796976376     
  0.51273706884107462       0.63841102447147025       0.45364563647952538       0.71391205929947565       0.52059295924054749       0.63877277014738132       0.68981493780505831       0.58138419835917610       0.57865146929678923       0.69487418725573447       0.60641554503366657       0.56040259101926426       0.58306020076263965     
   5.0478389672375362E-002  0.80641804965263530       0.55660006794802097       0.54614857126644112       0.41193843422456961       0.55398928481906795       0.71145136274569620       0.58167455324009287       0.93625930952367953       0.38994061542154285       0.68558477111860960       0.62801474616427966       0.52613567119119975     
  0.56462242416407038       0.53388776215099143       0.56433230990349736       0.55752500455438014       0.59967539480886933       0.58338333674743714       0.57085378350541216       0.55694054260151193       0.51513280340288548       0.48038916732142756       0.44446277435632398       0.52590503363371066       0.57596412364375937     
   5.5166985539735383E-002  0.81416654283146550       0.57536940176351115       0.56535358810837910       0.42613420203426794       0.57015568095555647       0.72266416203113559       0.59394459775700137       0.93933256117440733       0.39655738310835764       0.69540699746898282       0.64043979624850378       0.54292095573924415     
  0.58625831448885768       0.54252862609862906       0.68803956917797626       0.71415076113414588       0.59764571658216248       0.57066566844071487       0.61232802760339489       0.66443459334657695       0.56079480504903856       0.60592274961633719       0.57340706044725132       0.55099237914394339       0.50224262651324680     
   6.0156830515393285E-002  0.82169185656708632       0.59185557084513674       0.58377825975879283       0.44242360299787709       0.58514992566157298       0.73465062401499026       0.60654908418971776       0.94218137394147261       0.40380857165048367       0.70606397894760342       0.65372765398051624       0.56033048910247385     
  0.53685479107834477       0.59240956250109100       0.59885977601497575       0.47493806929770693       0.53656426083292541       0.62190769453416839       0.68808086568085491       0.50391267175636678       0.63568016678939698       0.47383032034902395       0.53021622060527196       0.56231131669481715       0.60699596938901990     
   6.5776682646146944E-002  0.82868713410577632       0.60644871116266508       0.59969141221122779       0.45818689285324227       0.60090049262744705       0.74724105280241016       0.62058140348630719       0.94450885585916644       0.41186094430518466       0.71621392586819066       0.66734375657993827       0.57667511216592837     
  0.55317819162581583       0.55515699137689400       0.52782438419919653       0.54250769500077645       0.62115374411054158       0.57912869808367928       0.54584260376401950       0.54595986606103852       0.51618390342135989       0.51966532085601624       0.56259664198023951       0.71868911178884043       0.60501126992559273     
   7.2010005681997891E-002  0.83567979909182988       0.62172752043980772       0.61496531485906492       0.47641388341800034       0.61681120555653279       0.75974180109298384       0.63434077097362895       0.94655020101611043       0.41988549239706457       0.72561976907677939       0.67851913963815169       0.58992110561692213     
  0.55885432479195307       0.54618127101758840       0.53307604610404480       0.51450316853568678       0.65254929929539818       0.53498530433319369       0.59228951850328226       0.55649391960700600       0.59072918388692675       0.64525912090693083       0.62984057154993023       0.57192315552039974       0.51524693383333720     
   7.9120159064802728E-002  0.84312540778104195       0.63831125063002381       0.62956702695608402       0.49548166497805696       0.63352147845509266       0.77155825404978684       0.64800105504118133       0.94859498876184400       0.42664801913896166       0.73499297719172529       0.68924123815416993       0.60345427255625272     
  0.53637461724109392       0.63215997834540583       0.60560705581038676       0.48954420268406362       0.55618053369626419       0.63819815794031787       0.64218416662654176       0.47970797035439861       0.56747758250224556       0.47641238413260484       0.50222754339351205       0.53288896270171182       0.61039051111196863     
   8.7468065828254934E-002  0.85084135754294588       0.65619275294794011       0.64266298544548128       0.51408155875881645       0.65073817425249414       0.78244238017998180       0.66237135267420522       0.95079123434518797       0.43351715354818271       0.74353127123314011       0.70161699974711578       0.62088219753205509     
  0.50418205195470700       0.58085708680997217       0.48748398450877617       0.53458070619468212       0.68296550710760273       0.56138012498602785       0.55619962074469154       0.47801865333710658       0.64135294296366752       0.50480868027407833       0.46145325169893597       0.55668966356289451       0.65660171283934343     
   9.4410515802677591E-002  0.85800210198929849       0.67392626353394514       0.65582331205949385       0.53168799618341234       0.66700053137213511       0.79107121263981017       0.67734844786328718       0.95307081327624332       0.44088299368343142       0.75165861790868960       0.71436785929242774       0.63827919916109210     
  0.50942513488776087       0.67250865812343441       0.56927264708397118       0.50080044967425863       0.59090569699243123       0.57755935093046251       0.46253521137437786       0.51162680233200875       0.59748493084242438       0.47676609089538446       0.57804473828709924       0.55584825869393895       0.51457263214345295     
  0.10078027410721371       0.86432272479006345       0.69167568203697705       0.67092320554343832       0.54854670038609554       0.68229567943650615       0.80021053225851702       0.69280079012379248       0.95557054252808327       0.44897077128613261       0.76129251813527032       0.72949124796363007       0.65625140195452614     
  0.46885648489140913       0.48385083840271365       0.69512709959214514       0.51226885409680933       0.56429797943508009       0.61299132484292451       0.56784996160181422       0.50756559738954876       0.52259164007628689       0.65719971582931414       0.46233612754295667       0.63219489222848380       0.59339506696200994     
  0.10947519308644253       0.87021674027219542       0.70971328585386129       0.68581499174828076       0.56456425932005505       0.69696749886663201       0.80917338924949944       0.70776938002275824       0.95797153537571833       0.45781154800242846       0.77246116010122812       0.74502161641799047       0.67394595843590566     
  0.43054398969563096       0.50055908843384400       0.61469534555178662       0.62716889957540833       0.50637287727001457       0.54496219158637926       0.56731484682578226       0.64808256707238932       0.62627884283789070       0.61262555397064777       0.53480872176848926       0.57960761304823816       0.73271023091628029     
  0.12118710280118516       0.87622025703349449       0.72750390057998060       0.70080641042381353       0.57994620590917856       0.71171580085325115       0.81765449666967094       0.72315644570684812       0.96017437926843630       0.46674407224463166       0.78381376088494470       0.75915763189700014       0.68966511201724257     
  0.51331784546217296       0.58293360772151814       0.54056835838765249       0.50742151633320087       0.54970192049209954       0.54029917657925430       0.53158180682084233       0.47080640130570534       0.53560460146853839       0.59432875926700768       0.59171731585958753       0.62767773642908864       0.54165791207382330     
  0.13721357123288133       0.88246607345472516       0.74406398142612229       0.71532792123501310       0.59777069911503611       0.72566366037530006       0.82630996637984577       0.74006139830512974       0.96233377789127805       0.47557724256803835       0.79445341909631406       0.77149057221666850       0.70488188511122829     
  0.48891802359942738       0.51707626626641934       0.62472877488711109       0.66026439543679727       0.59596854529807719       0.45599935922271706       0.53659867447814480       0.63684667733167455       0.57203807296434295       0.47192679859254338       0.51859570528236887       0.56313549806644658       0.50482157989053666     
  0.15827757870351028       0.88894673109561606       0.75902213534722751       0.73197816877761424       0.61698445436355209       0.73841197860735097       0.83542278277004156       0.75529600596474167       0.96435589763485507       0.48464580874508167       0.80432744612368823       0.78316388719475150       0.72055495909672007     
  0.55389559032787072       0.62066347304035718       0.49828612610490081       0.52837564992417718       0.70262042377441192       0.54008395364894202       0.50326595579286937       0.50979997148911782       0.61940146450625311       0.53041131378765127       0.57220780859812537       0.47986623320218019       0.66645418762732811     
  0.18067454972073402       0.89514979678109419       0.77387204518047348       0.74366885484578304       0.63560573229157968       0.75103406955270591       0.84467641877488286       0.76967020210203929       0.96623656805681746       0.49413905581976919       0.81490828992255326       0.79436899526034122       0.73618252181004151     
  0.63788602697757069       0.62425083853988494       0.60952324975880523       0.49039485922539017       0.59753645221267060       0.54691326439913124       0.51778648402912952       0.66317423814577514       0.57029886245534078       0.60348609828999267       0.66346162598217451       0.61801793707705521       0.51651146310287388     
  0.20284755364468143       0.89954221344942786       0.78985368330084837       0.75553929996325675       0.64955538011000435       0.76438179957241104       0.85409076561326569       0.78185251410493850       0.96801494853930414       0.50401250369729178       0.82563637987631433       0.80530135476630249       0.75102652092152722     
  0.56579734602187592       0.53131366795390300       0.53414712981841750       0.49375873620789751       0.55830003139668416       0.56198698496272947       0.60172728193504288       0.50758628987158139       0.52936118087864259       0.50295169625520075       0.55115370330341573       0.60865755618681572       0.44979195258598914     
  0.22623093967034927       0.90374919524071962       0.80546936396824975       0.76776131531706382       0.66353358308569910       0.77898117049324389       0.86367365998722145       0.79199098664507739       0.96980779532445271       0.51413717601796205       0.83715268922965835       0.81778330307372682       0.76547632196774185     
  0.45438826373736357       0.55432187760679841       0.63124979003929205       0.59301020221648881       0.51276815256951103       0.58819009647412845       0.69608572666681157       0.49443776627032632       0.52802705998983857       0.69871321588280555       0.54237809253879465       0.64803723553906056       0.56044154776547817     
  0.26831822602404937       0.90845848396474560       0.82048931246233525       0.78234614297947835       0.67678082887647084       0.79367828164225251       0.87295719366914248       0.80420068381592924       0.97169203782095281       0.52436463728321014       0.84924898913008762       0.83097929196294329       0.77956416920636273     
  0.55198526517694402       0.49401073432711839       0.63729328854521350       0.55831256590256739       0.52110204124822013       0.48228020522566850       0.73282784762165754       0.51597483253101750       0.56072489675861148       0.67637454415120324       0.64770085962713075       0.72041055534649912       0.52370944461046032     
  0.33700871969920904       0.91346362724963870       0.83469368495334884       0.80117635727315972       0.69051267254282089       0.80731729037088551       0.88184393794601912       0.81914667348835069       0.97362338764498479       0.53473200504255758       0.86034215768554656       0.84368579592057402       0.79427989788113218     
  0.48979276505063440       0.52829019113115216       0.57243892392207907       0.61779637220003025       0.52224387590907073       0.55045232703735580       0.48824142113927521       0.52857612426735701       0.57877595521937131       0.53401418588792871       0.65014506320952303       0.49179705587682676       0.54576196849834979     
  0.40832560049542932       0.91857531463524622       0.84898863872580110       0.81898646221857652       0.70890627014711816       0.81845803256364624       0.89254041329977674       0.83571864570150323       0.97554352658367416       0.54575344448057128       0.87129322109939555       0.85660296399102465       0.80813541254782750     
  0.48599369153119915       0.61652762706509689       0.55663085960385150       0.60765454276375408       0.55911172656787878       0.53647410776483673       0.58947470875552277       0.54246658182906571       0.62499740715139795       0.51741002807878345       0.53811494940103366       0.54671106659152446       0.53461183308138016     
  0.46877540684608254       0.92374109169307805       0.86296721059728698       0.83475033640325802       0.72712698119140495       0.83167671354357742       0.90301628979671444       0.85299271048374858       0.97712351345259485       0.55805272097111092       0.88229214611341744       0.86965059389086952       0.82344345256822593     
  0.49525901605683553       0.60981119495779534       0.62939542561706852       0.54062236951530807       0.57233589615062008       0.60416452828584410       0.61267453202524491       0.72079390806984012       0.58177797435043477       0.45739439068802829       0.52941512746335417       0.58721591931271755       0.49276861017014745     
  0.52784622405730353       0.92817858433726275       0.87565552289793902       0.84989771322123031       0.74456351064012716       0.84709850712695500       0.91337405635462954       0.87015988963682289       0.97872115310505003       0.57096240626152817       0.89346946726819021       0.88216224196391735       0.83834656632341131     
  0.47191587283307740       0.55185914828168303       0.59076593271636446       0.61630563810943828       0.59459590222891689       0.53645902894683040       0.68004920791763368       0.61761500172587480       0.60243965088016360       0.45937825909208019       0.57249080429084653       0.61571496748370314       0.64542533264006008     
  0.58334001737223173       0.93249946377126758       0.88763362437429372       0.86380947190121793       0.76345228735829351       0.86370199449843155       0.92344956847728943       0.88513021224496358       0.98037316839925981       0.58432785208653060       0.90487568262326079       0.89434840808477789       0.85234186326014461     
  0.50035888167128539       0.48560829386623194       0.50087561716359330       0.48483733957521247       0.51728040453080670       0.54865723658699805       0.63820948775849284       0.58528255083086833       0.59069233774553387       0.58310784596924303       0.76178981093108933       0.56477471633718856       0.62209326983177371     
  0.63744954635479445       0.93691993144239449       0.90041798100483061       0.87706625393192417       0.78349744673170763       0.87980008857250602       0.93263021419930237       0.89743088253314718       0.98200857449797974       0.59826194343477335       0.91610191221152171       0.90620421722759570       0.86711908353269473     
  0.52954954280355870       0.51701683587031766       0.59967000321195196       0.50041782942686641       0.53206333711040610       0.61517587535967033       0.64594277799700150       0.52929575784872618       0.65395409623436762       0.58511732175519782       0.62392370390666818       0.62871782977281010       0.46560869982824876     
  0.68792154652613879       0.94205877714866371       0.91303538916531546       0.89125171478579934       0.80445812468201783       0.89843227171844731       0.93941079136209504       0.90878207321322169       0.98362651986662342       0.61341096132175410       0.92740227809967912       0.91793983080676478       0.88197320093068976     
  0.53942608933276504       0.63102987277672773       0.63206048092335243       0.55147522105083613       0.63341103736831772       0.48785599916778172       0.60829488000197030       0.56167565624884774       0.61312078485499266       0.56778902525535213       0.55300087690677135       0.50549478224026845       0.51413376913653486     
  0.73668513969742799       0.94740695276213371       0.92461090109831856       0.90678106344658183       0.82561364705194251       0.91268104576012143       0.94686329552973847       0.92064057683271849       0.98530302169619677       0.63047497462480495       0.93838920506367585       0.93043032585551233       0.89556108237244814     
  0.49551201714515369       0.55861004027621530       0.53260811543968978       0.53345690322225370       0.59337327356613534       0.57532372923176267       0.53975060597046831       0.48118050843214866       0.58249728792500599       0.61532029382194142       0.66991871790382895       0.61291940173975368       0.55823800655181022     
  0.78212993699297773       0.95345049604057042       0.93609150195918922       0.92236524790634378       0.84565169150370734       0.92289217737375451       0.95331806162885069       0.93266901904026389       0.98713326421352243       0.64511362618665591       0.94707920975287596       0.94168074623149201       0.91035417189813650     
  0.56895857163595587       0.64916836594760419       0.56402199412066834       0.52190396587111287       0.53707359114687359       0.52162527619116350       0.45970031518376692       0.51484536381130797       0.57380225140050178       0.49440156820368358       0.55718609951076092       0.57568467245919808       0.49755439080614189     
  0.82398549159955814       0.96041332023333592       0.94793441914488530       0.93716919614114191       0.87020734973877045       0.93688872625594111       0.95913485459592229       0.94608795507120569       0.98899018131431549       0.65988214806202350       0.95704483749852742       0.95281079744109465       0.92543072967375939     
  0.58977946396545600       0.67239060170918474       0.56920563839900051       0.52162598185283870       0.50641385902225799       0.55916974604016378       0.47966507046595802       0.55687763778943988       0.65199993304968318       0.47719475884548307       0.59442651578592132       0.57232946184218114       0.63105133956685255     
  0.86017605517614659       0.96756110783806593       0.96003749058440702       0.95330738605314580       0.89580120044843614       0.95052247396881329       0.96724649444342703       0.95944762317635990       0.99084178910624887       0.68223606594666775       0.96747491327737412       0.96408840934488349       0.94155593578862362     
  0.56639282446594663       0.49610484472962335       0.61552494446470329       0.51587896780770348       0.51931969233647546       0.46466848989959580       0.54644996315490724       0.50731102009384088       0.55721706363960333       0.51116441440156779       0.57757091524658033       0.52484087335404361       0.58973393811195052     
  0.89597656932092629       0.97488762959441422       0.97286004887768207       0.96905931834188652       0.92358130661349880       0.96465375290102917       0.97792085009996055       0.97378480322011529       0.99332090757415781       0.71809776040822326       0.97830931888189354       0.97581235227092855       0.96031697346976397     
  0.51801736314307922       0.51650496554720438       0.59552972270411819       0.58701867150122478       0.54028143176957300       0.53312824190741703       0.58968827637458510       0.55250259880409625       0.62863987210610561       0.68896229881117554       0.49575793216471825       0.65429179975264129       0.63489872520846402     
  0.94124631989208718       0.98487026647116638       0.98694407476058732       0.98476688856764771       0.95992796611087072       0.98229162113794621       0.98863691924606756       0.98699177020312245       0.99638880880128011       0.78612738211709909       0.98940824059110311       0.98811075806504656       0.98074474134100964     
  0.60953085895526737       0.61958702020974665       0.57100329295404950       0.50651822312556538       0.53621397926808845       0.60187917425862991       0.57224946258924003       0.58487261671639112       0.75852757736966481       0.55325754394696458       0.59726659884977895       0.66572691708468368       0.69258939071180692     
   1.0000000000000000        1.0000000000000000        1.0000000000000000        1.0000000000000000        1.0000000000000000        1.0000000000000000        1.0000000000000000        1.0000000000000000        1.0000000000000000        1.0000000000000000        1.0000000000000000        1.0000000000000000        1.0000000000000000     
  0.51169350232304334       0.57035909977389210       0.65088075578938842       0.55483106713187269       0.53219691426860416       0.67419291145443372       0.46241198833733826       0.58022116057042317       0.54097609666737068       0.43181576361976753       0.57237302410254598       0.67310511305002796       0.57225959862509690     
   8.6627232191107222        10.090850899741868        6.5070034624087709        6.6765259667242134        11.731984506567429        5.9186489121210428        11.112489263647692        10.975214586364176        0.0000000000000000        6.1613198968854288        10.697633220127951        10.190314344806316        9.5495083221794452     
   9.6857969021083470        7.9681647409913055        10.275578499090715        8.7379071212769546        14.437505548746616        9.8007338941515947        3.4030872943747541        9.0826606901937925        0.0000000000000000        6.5756562678556278        9.5492899910862459        8.6537903252769866        5.1567291703739055     
   7.7773378538902334        9.4071025667764587        9.0210839589659457        8.7725446043777495        8.9156589876370909        7.8752585586338730        8.7492004925516191        8.3786804643880597        10.050349679066359        9.2243459917597637        7.2212433765118762        9.6209014543597497        10.448232108175537     
   6.8130211568355818        10.103136206371440        12.183151893949695        10.524664813067689        9.6678806358197846        8.6956305463145345        7.6652915280414886        9.2557260707888549        9.7260507135889736        7.0464003295057056        9.0731578680937606        8.6911403599275694        8.7157547340216830     
   11.219377690507020        9.2461959856125286        9.9934227195099776        10.051394730850726        8.5832307241675085        10.758885872297476        10.302496816426682        5.6769156507201517        9.9441159944495929        9.2211453953653528        8.0535413980137793        5.7947217196647385        9.7882453920505910     
   11.176418592220719        10.240504997027610        9.4433458615305934        11.041327770401740        8.5506664036137483        9.8048478340976644        9.8743636385159714        9.0022930532025907        10.717637331786992        9.1177439588372362        10.730713111469322        7.7386499058330678        10.563822006165305     
   11.318824398731392        7.9300617786375627        8.4293791644086813        9.7848084457709597        6.4869032707122471        7.5264244473966642        8.2668306351075138        9.7243356626945587        11.482278272805360        7.4606247904934708        6.8974787749491115        10.902232223309721        11.481478711191851     
   12.175658406074739        8.0653198970977922        7.0173400478824108        6.9172447358372082        6.4995578834913026        10.903595953990445        12.913246945591816        8.7482388401290887        8.2462951678821597        7.4790235399057163        9.5185009091051551        9.0870874250954330        9.4810317948619023     
   9.1469297101096713E-006
           1           1           1           1           1           1           1           1           1           1           1           1           1
   8.6695727474851503E-006   7.5624951773796467E-006   1.4718817247027697E-008   8.3076772909520216        4.8178089553937844E-008   1.4695890951804224E-010
   2.0361588528681274E-007   1.9395277753177337E-007   6.1605798895048207E-009  0.24819149315422176        6.1588701699392944E-009   1.8589134550936714E-011
   5.0000000000000001E-003   8.5696457810029809     
