     
 Collinear #          61
 
 part:           1
 comp:           0
  0.99999999924626060        289.00005494783818        289.00005516566893     
  0.99999999992805633        289.00005514487719        289.00005516566893     
  0.99999999999283851        289.00005516359926        289.00005516566893     
  0.99999999999928446        289.00005516546213        289.00005516566893     
  0.99999999999992883        289.00005516564835        289.00005516566893     
  0.99999999999999312        289.00005516566694        289.00005516566893     
  0.99999999999999944        289.00005516566875        289.00005516566893     
   1.0000000000000002        289.00005516566898        289.00005516566893     
   1.0000000000000002        289.00005516566898        289.00005516566893     
   1.0000000000000000        289.00005516566893        289.00005516566893     
 comp:           1
   0.0000000000000000        0.0000000000000000     
   0.0000000000000000        0.0000000000000000     
   0.0000000000000000        0.0000000000000000     
   0.0000000000000000        0.0000000000000000     
   0.0000000000000000        0.0000000000000000     
   0.0000000000000000        0.0000000000000000     
   0.0000000000000000        0.0000000000000000     
   0.0000000000000000        0.0000000000000000     
   0.0000000000000000        0.0000000000000000     
   0.0000000000000000        0.0000000000000000     
 comp:           2
   0.0000000000000000        0.0000000000000000     
   0.0000000000000000        0.0000000000000000     
   0.0000000000000000        0.0000000000000000     
   0.0000000000000000        0.0000000000000000     
   0.0000000000000000        0.0000000000000000     
   0.0000000000000000        0.0000000000000000     
   0.0000000000000000        0.0000000000000000     
   0.0000000000000000        0.0000000000000000     
   0.0000000000000000        0.0000000000000000     
   0.0000000000000000        0.0000000000000000     
 comp:           3
  0.99999999924626060        289.00005494783818        289.00005516566893     
  0.99999999992805633        289.00005514487719        289.00005516566893     
  0.99999999999283851        289.00005516359926        289.00005516566893     
  0.99999999999928446        289.00005516546213        289.00005516566893     
  0.99999999999992883        289.00005516564835        289.00005516566893     
  0.99999999999999312        289.00005516566694        289.00005516566893     
  0.99999999999999944        289.00005516566875        289.00005516566893     
   1.0000000000000002        289.00005516566898        289.00005516566893     
   1.0000000000000002        289.00005516566898        289.00005516566893     
   1.0000000000000000        289.00005516566893        289.00005516566893     
 
 part:           2
 comp:           0
   1.0000000100068902        289.00000289199130        289.00000000000000     
   1.0000000009588579        289.00000027710990        289.00000000000000     
   1.0000000000954865        289.00000002759560        289.00000000000000     
   1.0000000000095448        289.00000000275844        289.00000000000000     
   1.0000000000009546        289.00000000027586        289.00000000000000     
   1.0000000000000957        289.00000000002763        289.00000000000000     
   1.0000000000000095        289.00000000000279        289.00000000000000     
   1.0000000000000009        289.00000000000028        289.00000000000000     
   1.0000000000000002        289.00000000000006        289.00000000000000     
   1.0000000000000000        289.00000000000000        289.00000000000000     
 comp:           1
   0.0000000000000000        0.0000000000000000     
   0.0000000000000000        0.0000000000000000     
   0.0000000000000000        0.0000000000000000     
   0.0000000000000000        0.0000000000000000     
   0.0000000000000000        0.0000000000000000     
   0.0000000000000000        0.0000000000000000     
   0.0000000000000000        0.0000000000000000     
   0.0000000000000000        0.0000000000000000     
   0.0000000000000000        0.0000000000000000     
   0.0000000000000000        0.0000000000000000     
 comp:           2
   0.0000000000000000        0.0000000000000000     
   0.0000000000000000        0.0000000000000000     
   0.0000000000000000        0.0000000000000000     
   0.0000000000000000        0.0000000000000000     
   0.0000000000000000        0.0000000000000000     
   0.0000000000000000        0.0000000000000000     
   0.0000000000000000        0.0000000000000000     
   0.0000000000000000        0.0000000000000000     
   0.0000000000000000        0.0000000000000000     
   0.0000000000000000        0.0000000000000000     
 comp:           3
   1.0000000100068902       -289.00000289199130       -289.00000000000000     
   1.0000000009588579       -289.00000027710990       -289.00000000000000     
   1.0000000000954865       -289.00000002759560       -289.00000000000000     
   1.0000000000095448       -289.00000000275844       -289.00000000000000     
   1.0000000000009546       -289.00000000027586       -289.00000000000000     
   1.0000000000000957       -289.00000000002763       -289.00000000000000     
   1.0000000000000095       -289.00000000000279       -289.00000000000000     
   1.0000000000000009       -289.00000000000028       -289.00000000000000     
   1.0000000000000002       -289.00000000000006       -289.00000000000000     
   1.0000000000000000       -289.00000000000000       -289.00000000000000     
 
 part:           3
 comp:           0
   1.0000000178271480        291.64591670479285        291.64591150557806     
   1.0000000055282374        291.64591311786592        291.64591150557806     
   1.0000000017448345        291.64591201445188        291.64591150557806     
   1.0000000005516596        291.64591166646733        291.64591150557806     
   1.0000000001744467        291.64591155645473        291.64591150557806     
   1.0000000000551648        291.64591152166662        291.64591150557806     
   1.0000000000174447        291.64591151066571        291.64591150557806     
   1.0000000000055165        291.64591150718690        291.64591150557806     
   1.0000000000017444        291.64591150608680        291.64591150557806     
   1.0000000000005516        291.64591150573892        291.64591150557806     
 comp:           1
  0.99999874780488396       -4.4720303777943275       -4.4720359776559375     
  0.99999961169155938       -4.4720342411266207       -4.4720359776559375     
  0.99999987744123120       -4.4720354295687139       -4.4720359776559375     
  0.99999996125092738       -4.4720358043686907       -4.4720359776559375     
  0.99999998774670174       -4.4720359228587467       -4.4720359776559375     
  0.99999999612517432       -4.4720359603275774       -4.4720359776559375     
  0.99999999877467283       -4.4720359721762302       -4.4720359776559375     
  0.99999999961251762       -4.4720359759231023       -4.4720359776559375     
  0.99999999987746735       -4.4720359771079670       -4.4720359776559375     
  0.99999999996125177       -4.4720359774826539       -4.4720359776559375     
 comp:           2
   1.0000000846474633        134.94191203839418        134.94190061590461     
   1.0000000262493631        134.94190415804357        134.94190061590461     
   1.0000000082848821        134.94190173388236        134.94190061590461     
   1.0000000026194087        134.94190096937260        134.94190061590461     
   1.0000000008283139        134.94190072767887        134.94190061590461     
   1.0000000002619354        134.94190065125068        134.94190061590461     
   1.0000000000828313        134.94190062708202        134.94190061590461     
   1.0000000000261935        134.94190061943922        134.94190061590461     
   1.0000000000082832        134.94190061702236        134.94190061590461     
   1.0000000000026192        134.94190061625807        134.94190061590461     
 comp:           3
   1.0000000000000000       -241.89413119441608       -241.89413119441608     
   1.0000000000000000       -241.89413119441608       -241.89413119441608     
   1.0000000000000000       -241.89413119441608       -241.89413119441608     
   1.0000000000000000       -241.89413119441608       -241.89413119441608     
   1.0000000000000000       -241.89413119441608       -241.89413119441608     
   1.0000000000000000       -241.89413119441608       -241.89413119441608     
   1.0000000000000000       -241.89413119441608       -241.89413119441608     
   1.0000000000000000       -241.89413119441608       -241.89413119441608     
   1.0000000000000000       -241.89413119441608       -241.89413119441608     
   1.0000000000000000       -241.89413119441608       -241.89413119441608     
 
 part:           4
 comp:           0
  0.99999998010337776        278.01389015022244        278.01389568175989     
  0.99999999383001392        278.01389396641804        278.01389568175989     
  0.99999999805261519        278.01389514035986        278.01389568175989     
  0.99999999938430062        278.01389551058691        278.01389568175989     
  0.99999999980530241        278.01389562763126        278.01389568175989     
  0.99999999993843147        278.01389566464297        278.01389568175989     
  0.99999999998053024        278.01389567634703        278.01389568175989     
  0.99999999999384326        278.01389568004822        278.01389568175989     
  0.99999999999805311        278.01389568121863        278.01389568175989     
  0.99999999999938438        278.01389568158874        278.01389568175989     
 comp:           1
  0.99999591542122390       -1.3068894353454825       -1.3068947734601368     
  0.99999873336319522       -1.3068931180991168       -1.3068947734601368     
  0.99999960022128487       -1.3068942509914234       -1.3068947734601368     
  0.99999987360305109       -1.3068946082726249       -1.3068947734601368     
  0.99999996003053970       -1.3068947212242581       -1.3068947734601368     
  0.99999998736057094       -1.3068947569417331       -1.3068947734601368     
  0.99999999600306233       -1.3068947682365599       -1.3068947734601368     
  0.99999999873605738       -1.3068947718082968       -1.3068947734601368     
  0.99999999960030617       -1.3068947729377791       -1.3068947734601368     
  0.99999999987360566       -1.3068947732949527       -1.3068947734601368     
 comp:           2
  0.99999992255292691       -140.59385192749238       -140.59386281607556     
  0.99999997598349344       -140.59385943950213       -140.59386281607556     
  0.99999999241985693       -140.59386175035397       -140.59386281607556     
  0.99999999760340674       -140.59386247912926       -140.59386281607556     
  0.99999999924214511       -140.59386270952581       -140.59386281607556     
  0.99999999976034581       -140.59386278238165       -140.59386281607556     
  0.99999999992421462       -140.59386280542060       -140.59386281607556     
  0.99999999997603461       -140.59386281270616       -140.59386281607556     
  0.99999999999242140       -140.59386281501006       -140.59386281607556     
  0.99999999999760347       -140.59386281573862       -140.59386281607556     
 comp:           3
   1.0000000000000000        239.84033012955535        239.84033012955535     
   1.0000000000000000        239.84033012955535        239.84033012955535     
   1.0000000000000000        239.84033012955535        239.84033012955535     
   1.0000000000000000        239.84033012955535        239.84033012955535     
   1.0000000000000000        239.84033012955535        239.84033012955535     
   1.0000000000000000        239.84033012955535        239.84033012955535     
   1.0000000000000000        239.84033012955535        239.84033012955535     
   1.0000000000000000        239.84033012955535        239.84033012955535     
   1.0000000000000000        239.84033012955535        239.84033012955535     
   1.0000000000000000        239.84033012955535        239.84033012955535     
 
 part:           5
 comp:           0
   1.0000000398459812        8.3401931449851769        8.3401928126620106     
   1.0000000123563257        8.3401929157161501        8.3401928126620106     
   1.0000000038999308        8.3401928451881862        8.3401928126620106     
   1.0000000012330303        8.3401928229457223        8.3401928126620106     
   1.0000000003899112        8.3401928159139445        8.3401928126620106     
   1.0000000001233005        8.3401928136903596        8.3401928126620106     
   1.0000000000389910        8.3401928129872029        8.3401928126620106     
   1.0000000000123301        8.3401928127648457        8.3401928126620106     
   1.0000000000038991        8.3401928126945304        8.3401928126620106     
   1.0000000000012330        8.3401928126722940        8.3401928126620106     
 comp:           1
   1.0000000277108603        5.7789309112552161        5.7789307511160741     
   1.0000000085931984        5.7789308007755720        5.7789307511160741     
   1.0000000027122042        5.7789307667897143        5.7789307511160741     
   1.0000000008575103        5.7789307560715661        5.7789307511160741     
   1.0000000002711633        5.7789307526831086        5.7789307511160741     
   1.0000000000857492        5.7789307516116128        5.7789307511160741     
   1.0000000000271163        5.7789307512727772        5.7789307511160741     
   1.0000000000085749        5.7789307511656283        5.7789307511160741     
   1.0000000000027116        5.7789307511317443        5.7789307511160741     
   1.0000000000008575        5.7789307511210293        5.7789307511160741     
 comp:           2
   1.0000000577938628        5.6519625268196778        5.6519622001709493     
   1.0000000179220030        5.6519623014654332        5.6519622001709493     
   1.0000000056565821        5.6519622321417380        5.6519622001709493     
   1.0000000017884261        5.6519622102790663        5.6519622001709493     
   1.0000000005655392        5.6519622033673551        5.6519622001709493     
   1.0000000001788389        5.6519622011817399        5.6519622001709493     
   1.0000000000565539        5.6519622004905896        5.6519622001709493     
   1.0000000000178839        5.6519622002720284        5.6519622001709493     
   1.0000000000056553        5.6519622002029131        5.6519622001709493     
   1.0000000000017883        5.6519622001810568        5.6519622001709493     
 comp:           3
   1.0000000000000000        2.0538010648607070        2.0538010648607070     
   1.0000000000000000        2.0538010648607070        2.0538010648607070     
   1.0000000000000000        2.0538010648607070        2.0538010648607070     
   1.0000000000000000        2.0538010648607070        2.0538010648607070     
   1.0000000000000000        2.0538010648607070        2.0538010648607070     
   1.0000000000000000        2.0538010648607070        2.0538010648607070     
   1.0000000000000000        2.0538010648607070        2.0538010648607070     
   1.0000000000000000        2.0538010648607070        2.0538010648607070     
   1.0000000000000000        2.0538010648607070        2.0538010648607070     
   1.0000000000000000        2.0538010648607070        2.0538010648607070     
 
 part:           6
 comp:           0
   1.0484750730620547        5.7839828809025886E-005   5.5165668974948148E-005
   1.0046463337557194        5.5421987084863299E-005   5.5165668974948148E-005
   1.0004627123701142        5.5191194812388485E-005   5.5165668974948148E-005
   1.0000462521135962        5.5168220503736185E-005   5.5165668974948148E-005
   1.0000046250202128        5.5165924117282214E-005   5.5165668974948148E-005
   1.0000004625001095        5.5165694489076095E-005   5.5165668974948148E-005
   1.0000000462499923        5.5165671526359907E-005   5.5165668974948148E-005
   1.0000000046249997        5.5165669230089352E-005   5.5165668974948148E-005
   1.0000000004624998        5.5165669000462258E-005   5.5165668974948148E-005
   1.0000000000462497        5.5165668977499540E-005   5.5165668974948148E-005
 comp:           1
  -1.1098115406414955E-005  -0.0000000000000000     
  -3.4415498346487524E-006  -0.0000000000000000     
  -1.0862295772987501E-006  -0.0000000000000000     
  -3.4343025068026244E-007  -0.0000000000000000     
  -1.0860010391154205E-007  -0.0000000000000000     
  -3.4342302570036260E-008  -0.0000000000000000     
  -1.0859987541765866E-008  -0.0000000000000000     
  -3.4342295421406078E-009  -0.0000000000000000     
  -1.0859987165084215E-009  -0.0000000000000000     
  -3.4342296693946475E-010  -0.0000000000000000     
 comp:           2
  -2.2637721456609586E-005  -0.0000000000000000     
  -7.0200068825006277E-006  -0.0000000000000000     
  -2.2156701122973050E-006  -0.0000000000000000     
  -7.0052239231352429E-007  -0.0000000000000000     
  -2.2152039445249441E-007  -0.0000000000000000     
  -7.0050765493906822E-008  -0.0000000000000000     
  -2.2151992837508419E-008  -0.0000000000000000     
  -7.0050750912269039E-009  -0.0000000000000000     
  -2.2151992069160461E-009  -0.0000000000000000     
  -7.0050753507972364E-010  -0.0000000000000000     
 comp:           3
  0.94362758369712452        5.2055846917865749E-005   5.5165668974948148E-005
  0.99459987231598501        5.4867767318709326E-005   5.5165668974948148E-005
  0.99946224984851895        5.5136003628100318E-005   5.5165668974948148E-005
  0.99994624750747230        5.5162703682738786E-005   5.5165668974948148E-005
  0.99999462497587155        5.5165372458146347E-005   5.5165668974948148E-005
  0.99999946249983795        5.5165639323392137E-005   5.5165668974948148E-005
  0.99999994625000665        5.5165666009793808E-005   5.5165668974948148E-005
  0.99999999462500133        5.5165668678432752E-005   5.5165668974948148E-005
  0.99999999946249984        5.5165668945296594E-005   5.5165668974948148E-005
  0.99999999994624955        5.5165668971982970E-005   5.5165668974948148E-005
 
 part: i_fks+j_fks
 comp:           0
   1.0000000084994054        289.00011278766698        289.00011033133791     
   1.0000000008149699        289.00011056686429        289.00011033133791     
   1.0000000000811631        289.00011035479406        289.00011033133791     
   1.0000000000081133        289.00011033368264        289.00011033133791     
   1.0000000000008116        289.00011033157244        289.00011033133791     
   1.0000000000000815        289.00011033136144        289.00011033133791     
   1.0000000000000082        289.00011033134030        289.00011033133791     
   1.0000000000000009        289.00011033133819        289.00011033133791     
   1.0000000000000002        289.00011033133796        289.00011033133791     
   1.0000000000000000        289.00011033133791        289.00011033133791     
 comp:           1
  -1.1098115406414955E-005   0.0000000000000000     
  -3.4415498346487524E-006   0.0000000000000000     
  -1.0862295772987501E-006   0.0000000000000000     
  -3.4343025068026244E-007   0.0000000000000000     
  -1.0860010391154205E-007   0.0000000000000000     
  -3.4342302570036260E-008   0.0000000000000000     
  -1.0859987541765866E-008   0.0000000000000000     
  -3.4342295421406078E-009   0.0000000000000000     
  -1.0859987165084215E-009   0.0000000000000000     
  -3.4342296693946475E-010   0.0000000000000000     
 comp:           2
  -2.2637721456609586E-005   0.0000000000000000     
  -7.0200068825006277E-006   0.0000000000000000     
  -2.2156701122973050E-006   0.0000000000000000     
  -7.0052239231352429E-007   0.0000000000000000     
  -2.2152039445249441E-007   0.0000000000000000     
  -7.0050765493906822E-008   0.0000000000000000     
  -2.2151992837508419E-008   0.0000000000000000     
  -7.0050750912269039E-009   0.0000000000000000     
  -2.2151992069160461E-009   0.0000000000000000     
  -7.0050753507972364E-010   0.0000000000000000     
 comp:           3
  0.99999998848563487        289.00010700368512        289.00011033133791     
  0.99999999889725522        289.00011001264454        289.00011033133791     
  0.99999999989019039        289.00011029960291        289.00011033133791     
  0.99999999998902389        289.00011032816582        289.00011033133791     
  0.99999999999890266        289.00011033102078        289.00011033133791     
  0.99999999999989042        289.00011033130625        289.00011033133791     
  0.99999999999998923        289.00011033133478        289.00011033133791     
  0.99999999999999922        289.00011033133768        289.00011033133791     
   1.0000000000000000        289.00011033133791        289.00011033133791     
   1.0000000000000000        289.00011033133791        289.00011033133791     
     
 Collinear #          50
 
 part:           1
 comp:           0
  0.99999999612469603        289.00028251222528        289.00028363218922     
  0.99999999963010588        289.00028352528972        289.00028363218922     
  0.99999999996317823        289.00028362154774        289.00028363218922     
  0.99999999999631972        289.00028363112563        289.00028363218922     
  0.99999999999963218        289.00028363208293        289.00028363218922     
  0.99999999999996336        289.00028363217865        289.00028363218922     
  0.99999999999999623        289.00028363218814        289.00028363218922     
  0.99999999999999956        289.00028363218911        289.00028363218922     
  0.99999999999999978        289.00028363218917        289.00028363218922     
  0.99999999999999978        289.00028363218917        289.00028363218922     
 comp:           1
   0.0000000000000000        0.0000000000000000     
   0.0000000000000000        0.0000000000000000     
   0.0000000000000000        0.0000000000000000     
   0.0000000000000000        0.0000000000000000     
   0.0000000000000000        0.0000000000000000     
   0.0000000000000000        0.0000000000000000     
   0.0000000000000000        0.0000000000000000     
   0.0000000000000000        0.0000000000000000     
   0.0000000000000000        0.0000000000000000     
   0.0000000000000000        0.0000000000000000     
 comp:           2
   0.0000000000000000        0.0000000000000000     
   0.0000000000000000        0.0000000000000000     
   0.0000000000000000        0.0000000000000000     
   0.0000000000000000        0.0000000000000000     
   0.0000000000000000        0.0000000000000000     
   0.0000000000000000        0.0000000000000000     
   0.0000000000000000        0.0000000000000000     
   0.0000000000000000        0.0000000000000000     
   0.0000000000000000        0.0000000000000000     
   0.0000000000000000        0.0000000000000000     
 comp:           3
  0.99999999612469603        289.00028251222528        289.00028363218922     
  0.99999999963010588        289.00028352528972        289.00028363218922     
  0.99999999996317823        289.00028362154774        289.00028363218922     
  0.99999999999631972        289.00028363112563        289.00028363218922     
  0.99999999999963218        289.00028363208293        289.00028363218922     
  0.99999999999996336        289.00028363217865        289.00028363218922     
  0.99999999999999623        289.00028363218814        289.00028363218922     
  0.99999999999999956        289.00028363218911        289.00028363218922     
  0.99999999999999978        289.00028363218917        289.00028363218922     
  0.99999999999999978        289.00028363218917        289.00028363218922     
 
 part:           2
 comp:           0
   1.0000000514500265        289.00001486905762        288.99999999999994     
   1.0000000049299291        289.00000142474948        288.99999999999994     
   1.0000000004909402        289.00000014188163        288.99999999999994     
   1.0000000000490739        289.00000001418232        288.99999999999994     
   1.0000000000049074        289.00000000141819        288.99999999999994     
   1.0000000000004912        289.00000000014188        288.99999999999994     
   1.0000000000000493        289.00000000001421        288.99999999999994     
   1.0000000000000051        289.00000000000142        288.99999999999994     
   1.0000000000000007        289.00000000000011        288.99999999999994     
   1.0000000000000000        288.99999999999994        288.99999999999994     
 comp:           1
   0.0000000000000000        0.0000000000000000     
   0.0000000000000000        0.0000000000000000     
   0.0000000000000000        0.0000000000000000     
   0.0000000000000000        0.0000000000000000     
   0.0000000000000000        0.0000000000000000     
   0.0000000000000000        0.0000000000000000     
   0.0000000000000000        0.0000000000000000     
   0.0000000000000000        0.0000000000000000     
   0.0000000000000000        0.0000000000000000     
   0.0000000000000000        0.0000000000000000     
 comp:           2
   0.0000000000000000        0.0000000000000000     
   0.0000000000000000        0.0000000000000000     
   0.0000000000000000        0.0000000000000000     
   0.0000000000000000        0.0000000000000000     
   0.0000000000000000        0.0000000000000000     
   0.0000000000000000        0.0000000000000000     
   0.0000000000000000        0.0000000000000000     
   0.0000000000000000        0.0000000000000000     
   0.0000000000000000        0.0000000000000000     
   0.0000000000000000        0.0000000000000000     
 comp:           3
   1.0000000514500265       -289.00001486905762       -288.99999999999994     
   1.0000000049299291       -289.00000142474948       -288.99999999999994     
   1.0000000004909402       -289.00000014188163       -288.99999999999994     
   1.0000000000490739       -289.00000001418232       -288.99999999999994     
   1.0000000000049074       -289.00000000141819       -288.99999999999994     
   1.0000000000004912       -289.00000000014188       -288.99999999999994     
   1.0000000000000493       -289.00000000001421       -288.99999999999994     
   1.0000000000000051       -289.00000000000142       -288.99999999999994     
   1.0000000000000007       -289.00000000000011       -288.99999999999994     
   1.0000000000000000       -288.99999999999994       -288.99999999999994     
 
 part:           3
 comp:           0
   1.0000001045521967        296.15196618042557        296.15193521709023     
   1.0000000324218588        296.15194481888642        296.15193521709023     
   1.0000000102330582        296.15193824763020        296.15193521709023     
   1.0000000032353580        296.15193617524778        296.15193521709023     
   1.0000000010230905        296.15193552008049        296.15193521709023     
   1.0000000003235290        296.15193531290396        296.15193521709023     
   1.0000000001023088        296.15193524738919        296.15193521709023     
   1.0000000000323528        296.15193522667158        296.15193521709023     
   1.0000000000102307        296.15193522012009        296.15193521709023     
   1.0000000000032356        296.15193521804844        296.15193521709023     
 comp:           1
   1.0000000764505286       -272.49972805761684       -272.49970722487018     
   1.0000000237074747       -272.49971368515008       -272.49970722487018     
   1.0000000074826056       -272.49970926387800       -272.49970722487018     
   1.0000000023657551       -272.49970786953776       -272.49970722487018     
   1.0000000007481031       -272.49970742872807       -272.49970722487018     
   1.0000000002365705       -272.49970728933556       -272.49970722487018     
   1.0000000000748102       -272.49970724525593       -272.49970722487018     
   1.0000000000236571       -272.49970723131673       -272.49970722487018     
   1.0000000000074811       -272.49970722690875       -272.49970722487018     
   1.0000000000023657       -272.49970722551484       -272.49970722487018     
 comp:           2
   1.0000011386330578       -55.386471926504640       -55.386408861708553     
   1.0000003530925798       -55.386428418238552       -55.386408861708553     
   1.0000001114438604       -55.386415034183763       -55.386408861708553     
   1.0000000352349019       -55.386410813243238       -55.386408861708553     
   1.0000000111420413       -55.386409478826202       -55.386408861708553     
   1.0000000035234160       -55.386409056857914       -55.386408861708553     
   1.0000000011142018       -55.386408923420191       -55.386408861708553     
   1.0000000003523415       -55.386408881223488       -55.386408861708553     
   1.0000000001114202       -55.386408867879716       -55.386408861708553     
   1.0000000000352347       -55.386408863660073       -55.386408861708553     
 comp:           3
   1.0000000000000000        45.463971060514275        45.463971060514275     
   1.0000000000000000        45.463971060514275        45.463971060514275     
   1.0000000000000000        45.463971060514275        45.463971060514275     
   1.0000000000000000        45.463971060514275        45.463971060514275     
   1.0000000000000000        45.463971060514275        45.463971060514275     
   1.0000000000000000        45.463971060514275        45.463971060514275     
   1.0000000000000000        45.463971060514275        45.463971060514275     
   1.0000000000000000        45.463971060514275        45.463971060514275     
   1.0000000000000000        45.463971060514275        45.463971060514275     
   1.0000000000000000        45.463971060514275        45.463971060514275     
 
 part:           4
 comp:           0
  0.99999989004816403        281.63058464587851        281.63061561168178     
  0.99999996590369056        281.63060600911717        281.63061561168178     
  0.99999998923844680        281.63061258089891        281.63061561168178     
  0.99999999659754890        281.63061465344737        281.63061561168178     
  0.99999999892407110        281.63061530866725        281.63061561168178     
  0.99999999965976216        281.63061551586037        281.63061561168178     
  0.99999999989240729        281.63061558138037        281.63061561168178     
  0.99999999996597622        281.63061560209962        281.63061561168178     
  0.99999999998924072        281.63061560865162        281.63061561168178     
  0.99999999999659783        281.63061561072362        281.63061561168178     
 comp:           1
  0.99999992726642373        272.38099460801180        272.38101441925710     
  0.99999997744515867        272.38100827574652        272.38101441925710     
  0.99999999288119090        272.38101248022866        272.38101441925710     
  0.99999999774926551        272.38101380619975        272.38101441925710     
  0.99999999928826888        272.38101422539506        272.38101441925710     
  0.99999999977493137        272.38101435795267        272.38101441925710     
  0.99999999992882704        272.38101439987093        272.38101441925710     
  0.99999999997749311        272.38101441312665        272.38101441925710     
  0.99999999999288280        272.38101441731851        272.38101441925710     
  0.99999999999774924        272.38101441864404        272.38101441925710     
 comp:           2
  0.99999891819157494        55.437215614421703        55.437275586933495     
  0.99999966452883682        55.437256989326173        55.437275586933495     
  0.99999989411784773        55.437269717115441        55.437275586933495     
  0.99999996652352774        55.437273731089078        55.437275586933495     
  0.99999998941401236        55.437275000075182        55.437275586933495     
  0.99999999665242312        55.437275401352956        55.437275586933495     
  0.99999999894140346        55.437275528247788        55.437275586933495     
  0.99999999966524244        55.437275568375448        55.437275586933495     
  0.99999999989414035        55.437275581064924        55.437275586933495     
  0.99999999996652478        55.437275585077721        55.437275586933495     
 comp:           3
   1.0000000000000000       -45.289017534604262       -45.289017534604262     
   1.0000000000000000       -45.289017534604262       -45.289017534604262     
   1.0000000000000000       -45.289017534604262       -45.289017534604262     
   1.0000000000000000       -45.289017534604262       -45.289017534604262     
   1.0000000000000000       -45.289017534604262       -45.289017534604262     
   1.0000000000000000       -45.289017534604262       -45.289017534604262     
   1.0000000000000000       -45.289017534604262       -45.289017534604262     
   1.0000000000000000       -45.289017534604262       -45.289017534604262     
   1.0000000000000000       -45.289017534604262       -45.289017534604262     
   1.0000000000000000       -45.289017534604262       -45.289017534604262     
 
 part:           5
 comp:           0
   1.0000000114165684       0.21744917371055905       0.21744917122803573     
   1.0000000035402974       0.21744917199787045       0.21744917122803573     
   1.0000000011173960       0.21744917147101256       0.21744917122803573     
   1.0000000003532838       0.21744917130485703       0.21744917122803573     
   1.0000000001117160       0.21744917125232829       0.21744917122803573     
   1.0000000000353277       0.21744917123571769       0.21744917122803573     
   1.0000000000111715       0.21744917123046498       0.21744917122803573     
   1.0000000000035327       0.21744917122880392       0.21744917122803573     
   1.0000000000011171       0.21744917122827864       0.21744917122803573     
   1.0000000000003535       0.21744917122811261       0.21744917122803573     
 comp:           1
  0.99999987112600275       0.11869279031665186       0.11869280561306816     
  0.99999996003589287       0.11869280086961616       0.11869280561306816     
  0.99999998738644003       0.11869280411592935       0.11869280561306816     
  0.99999999601200507       0.11869280513972186       0.11869280561306816     
  0.99999999873890943       0.11869280546338579       0.11869280561306816     
  0.99999999960120889       0.11869280556573453       0.11869280561306816     
  0.99999999987389121       0.11869280559809996       0.11869280561306816     
  0.99999999996012090       0.11869280560833480       0.11869280561306816     
  0.99999999998738920       0.11869280561157135       0.11869280561306816     
  0.99999999999601208       0.11869280561259482       0.11869280561306816     
 comp:           2
   1.0000009103248084       -5.0866771530189182E-002  -5.0866725224947285E-002
   1.0000002822937060       -5.0866739584303662E-002  -5.0866725224947285E-002
   1.0000000890981640       -5.0866729757079114E-002  -5.0866725224947285E-002
   1.0000000281699242       -5.0866726657859074E-002  -5.0866725224947285E-002
   1.0000000089079417       -5.0866725678065113E-002  -5.0866725224947285E-002
   1.0000000028169331       -5.0866725368235451E-002  -5.0866725224947285E-002
   1.0000000008907923       -5.0866725270258970E-002  -5.0866725224947285E-002
   1.0000000002816933       -5.0866725239276100E-002  -5.0866725224947285E-002
   1.0000000000890792       -5.0866725229478452E-002  -5.0866725224947285E-002
   1.0000000000281692       -5.0866725226380166E-002  -5.0866725224947285E-002
 comp:           3
   1.0000000000000000      -0.17495352591001687      -0.17495352591001687     
   1.0000000000000000      -0.17495352591001687      -0.17495352591001687     
   1.0000000000000000      -0.17495352591001687      -0.17495352591001687     
   1.0000000000000000      -0.17495352591001687      -0.17495352591001687     
   1.0000000000000000      -0.17495352591001687      -0.17495352591001687     
   1.0000000000000000      -0.17495352591001687      -0.17495352591001687     
   1.0000000000000000      -0.17495352591001687      -0.17495352591001687     
   1.0000000000000000      -0.17495352591001687      -0.17495352591001687     
   1.0000000000000000      -0.17495352591001687      -0.17495352591001687     
   1.0000000000000000      -0.17495352591001687      -0.17495352591001687     
 
 part:           6
 comp:           0
   1.0484750306823090        2.9738126828635466E-004   2.8363218921182115E-004
   1.0046463295067600        2.8495003782162296E-004   2.8363218921182115E-004
   1.0004627119452001        2.8376342921381269E-004   2.8363218921182115E-004
   1.0000462520711046        2.8364530778800413E-004   2.8363218921182115E-004
   1.0000046250159635        2.8363350101522403E-004   2.8363218921182115E-004
   1.0000004624996850        2.8363232039161929E-004   2.8363218921182115E-004
   1.0000000462499496        2.8363220232979563E-004   2.8363218921182115E-004
   1.0000000046249953        2.8363219052361866E-004   2.8363218921182115E-004
   1.0000000004624992        2.8363218934300078E-004   2.8363218921182115E-004
   1.0000000000462497        2.8363218922493902E-004   2.8363218921182115E-004
 comp:           1
   4.0659288414972411E-005   0.0000000000000000     
   1.2608533951305419E-005   0.0000000000000000     
   3.9795333903781875E-006   0.0000000000000000     
   1.2581982466559102E-006   0.0000000000000000     
   3.9786961123910260E-007   0.0000000000000000     
   1.2581717770457214E-007   0.0000000000000000     
   3.9786877412341424E-008   0.0000000000000000     
   1.2581715151467833E-008   0.0000000000000000     
   3.9786876032321926E-009   0.0000000000000000     
   1.2581715617678375E-009   0.0000000000000000     
 comp:           2
   1.2308361312088567E-004   0.0000000000000000     
   3.8168496680147353E-005   0.0000000000000000     
   1.2046825395069761E-005   0.0000000000000000     
   3.8088120146181820E-006   0.0000000000000000     
   1.2044290790951887E-006   0.0000000000000000     
   3.8087318859345036E-007   0.0000000000000000     
   1.2044265449823810E-007   0.0000000000000000     
   3.8087310931152287E-008   0.0000000000000000     
   1.2044265032064934E-008   0.0000000000000000     
   3.8087312342462724E-009   0.0000000000000000     
 comp:           3
  0.94362761985839327        2.6764316762117624E-004   2.8363218921182115E-004
  0.99459987596926813        2.8210054021096930E-004   2.8363218921182115E-004
  0.99946225021411561        2.8347966606280257E-004   2.8363218921182115E-004
  0.99994624754403449        2.8361694328506013E-004   2.8363218921182115E-004
  0.99999462497952751        2.8363066468299749E-004   2.8363218921182115E-004
  0.99999946250020377        2.8363203675957723E-004   2.8363218921182115E-004
  0.99999994625004329        2.8363217396660325E-004   2.8363218921182115E-004
  0.99999999462500477        2.8363218768729948E-004   2.8363218921182115E-004
  0.99999999946250007        2.8363218905936888E-004   2.8363218921182115E-004
  0.99999999994624977        2.8363218919657586E-004   2.8363218921182115E-004
 
 part: i_fks+j_fks
 comp:           0
   1.0000000436992746        289.00057989349358        289.00056726437845     
   1.0000000041901271        289.00056847532755        289.00056726437845     
   1.0000000004172951        289.00056738497693        289.00056726437845     
   1.0000000000417126        289.00056727643340        289.00056726437845     
   1.0000000000041711        289.00056726558392        289.00056726437845     
   1.0000000000004174        289.00056726449907        289.00056726437845     
   1.0000000000000417        289.00056726439050        289.00056726437845     
   1.0000000000000042        289.00056726437964        289.00056726437845     
   1.0000000000000002        289.00056726437850        289.00056726437845     
  0.99999999999999978        289.00056726437839        289.00056726437845     
 comp:           1
   4.0659288414972411E-005   0.0000000000000000     
   1.2608533951305419E-005   0.0000000000000000     
   3.9795333903781875E-006   0.0000000000000000     
   1.2581982466559102E-006   0.0000000000000000     
   3.9786961123910260E-007   0.0000000000000000     
   1.2581717770457214E-007   0.0000000000000000     
   3.9786877412341424E-008   0.0000000000000000     
   1.2581715151467833E-008   0.0000000000000000     
   3.9786876032321926E-009   0.0000000000000000     
   1.2581715617678375E-009   0.0000000000000000     
 comp:           2
   1.2308361312088567E-004   0.0000000000000000     
   3.8168496680147353E-005   0.0000000000000000     
   1.2046825395069761E-005   0.0000000000000000     
   3.8088120146181820E-006   0.0000000000000000     
   1.2044290790951887E-006   0.0000000000000000     
   3.8087318859345036E-007   0.0000000000000000     
   1.2044265449823810E-007   0.0000000000000000     
   3.8087310931152287E-008   0.0000000000000000     
   1.2044265032064934E-008   0.0000000000000000     
   3.8087312342462724E-009   0.0000000000000000     
 comp:           3
  0.99999994079947407        289.00055015539289        289.00056726437845     
  0.99999999433029318        289.00056562582995        289.00056726437845     
  0.99999999943541751        289.00056710121379        289.00056726437845     
  0.99999999994356581        289.00056724806893        289.00056726437845     
  0.99999999999435696        289.00056726274761        289.00056726437845     
  0.99999999999943590        289.00056726421542        289.00056726437845     
  0.99999999999994360        289.00056726436213        289.00056726437845     
  0.99999999999999434        289.00056726437680        289.00056726437845     
  0.99999999999999922        289.00056726437822        289.00056726437845     
  0.99999999999999978        289.00056726437839        289.00056726437845     
     
 Collinear #          43
 
 part:           1
 comp:           0
  0.99999999936692396        289.00004615139295        289.00004633435196     
  0.99999999993957345        289.00004631688870        289.00004633435196     
  0.99999999999398459        289.00004633261352        289.00004633435196     
  0.99999999999939870        289.00004633417819        289.00004633435196     
  0.99999999999993960        289.00004633433451        289.00004633435196     
  0.99999999999999367        289.00004633435015        289.00004633435196     
  0.99999999999999900        289.00004633435168        289.00004633435196     
  0.99999999999999978        289.00004633435191        289.00004633435196     
  0.99999999999999956        289.00004633435185        289.00004633435196     
   1.0000000000000000        289.00004633435196        289.00004633435196     
 comp:           1
   0.0000000000000000        0.0000000000000000     
   0.0000000000000000        0.0000000000000000     
   0.0000000000000000        0.0000000000000000     
   0.0000000000000000        0.0000000000000000     
   0.0000000000000000        0.0000000000000000     
   0.0000000000000000        0.0000000000000000     
   0.0000000000000000        0.0000000000000000     
   0.0000000000000000        0.0000000000000000     
   0.0000000000000000        0.0000000000000000     
   0.0000000000000000        0.0000000000000000     
 comp:           2
   0.0000000000000000        0.0000000000000000     
   0.0000000000000000        0.0000000000000000     
   0.0000000000000000        0.0000000000000000     
   0.0000000000000000        0.0000000000000000     
   0.0000000000000000        0.0000000000000000     
   0.0000000000000000        0.0000000000000000     
   0.0000000000000000        0.0000000000000000     
   0.0000000000000000        0.0000000000000000     
   0.0000000000000000        0.0000000000000000     
   0.0000000000000000        0.0000000000000000     
 comp:           3
  0.99999999936692396        289.00004615139295        289.00004633435196     
  0.99999999993957345        289.00004631688870        289.00004633435196     
  0.99999999999398459        289.00004633261352        289.00004633435196     
  0.99999999999939870        289.00004633417819        289.00004633435196     
  0.99999999999993960        289.00004633433451        289.00004633435196     
  0.99999999999999367        289.00004633435015        289.00004633435196     
  0.99999999999999900        289.00004633435168        289.00004633435196     
  0.99999999999999978        289.00004633435191        289.00004633435196     
  0.99999999999999956        289.00004633435185        289.00004633435196     
   1.0000000000000000        289.00004633435196        289.00004633435196     
 
 part:           2
 comp:           0
   1.0000000084049152        289.00000242902047        289.00000000000000     
   1.0000000008053569        289.00000023274816        289.00000000000000     
   1.0000000000802003        289.00000002317790        289.00000000000000     
   1.0000000000080169        289.00000000231688        289.00000000000000     
   1.0000000000008016        289.00000000023164        289.00000000000000     
   1.0000000000000802        289.00000000002314        289.00000000000000     
   1.0000000000000078        289.00000000000227        289.00000000000000     
   1.0000000000000009        289.00000000000023        289.00000000000000     
  0.99999999999999978        288.99999999999994        289.00000000000000     
   1.0000000000000000        289.00000000000000        289.00000000000000     
 comp:           1
   0.0000000000000000        0.0000000000000000     
   0.0000000000000000        0.0000000000000000     
   0.0000000000000000        0.0000000000000000     
   0.0000000000000000        0.0000000000000000     
   0.0000000000000000        0.0000000000000000     
   0.0000000000000000        0.0000000000000000     
   0.0000000000000000        0.0000000000000000     
   0.0000000000000000        0.0000000000000000     
   0.0000000000000000        0.0000000000000000     
   0.0000000000000000        0.0000000000000000     
 comp:           2
   0.0000000000000000        0.0000000000000000     
   0.0000000000000000        0.0000000000000000     
   0.0000000000000000        0.0000000000000000     
   0.0000000000000000        0.0000000000000000     
   0.0000000000000000        0.0000000000000000     
   0.0000000000000000        0.0000000000000000     
   0.0000000000000000        0.0000000000000000     
   0.0000000000000000        0.0000000000000000     
   0.0000000000000000        0.0000000000000000     
   0.0000000000000000        0.0000000000000000     
 comp:           3
   1.0000000084049152       -289.00000242902047       -289.00000000000000     
   1.0000000008053569       -289.00000023274816       -289.00000000000000     
   1.0000000000802003       -289.00000002317790       -289.00000000000000     
   1.0000000000080169       -289.00000000231688       -289.00000000000000     
   1.0000000000008016       -289.00000000023164       -289.00000000000000     
   1.0000000000000802       -289.00000000002314       -289.00000000000000     
   1.0000000000000078       -289.00000000000227       -289.00000000000000     
   1.0000000000000009       -289.00000000000023       -289.00000000000000     
  0.99999999999999978       -288.99999999999994       -289.00000000000000     
   1.0000000000000000       -289.00000000000000       -289.00000000000000     
 
 part:           3
 comp:           0
   1.0000000005817760        294.01386573908138        294.01386556803118     
   1.0000000001804099        294.01386562107422        294.01386556803118     
   1.0000000000569413        294.01386558477270        294.01386556803118     
   1.0000000000180032        294.01386557332432        294.01386556803118     
   1.0000000000056930        294.01386556970499        294.01386556803118     
   1.0000000000018003        294.01386556856050        294.01386556803118     
   1.0000000000005693        294.01386556819858        294.01386556803118     
   1.0000000000001801        294.01386556808410        294.01386556803118     
   1.0000000000000568        294.01386556804789        294.01386556803118     
   1.0000000000000180        294.01386556803646        294.01386556803118     
 comp:           1
  0.99999996915052203        142.91732036134104        142.91732477026591     
  0.99999999043350940        142.91732340304867        142.91732477026591     
  0.99999999698060305        142.91732433874176        142.91732477026591     
  0.99999999904536552        142.91732463383210        142.91732477026591     
  0.99999999969812381        142.91732472712258        142.91732477026591     
  0.99999999990453847        142.91732475662280        142.91732477026591     
  0.99999999996981237        142.91732476595158        142.91732477026591     
  0.99999999999045397        142.91732476890161        142.91732477026591     
  0.99999999999698119        142.91732476983447        142.91732477026591     
  0.99999999999904543        142.91732477012948        142.91732477026591     
 comp:           2
   1.0000001419563995        69.231800662965810        69.231790835070043     
   1.0000000440209897        69.231793882722002        69.231790835070043     
   1.0000000138940022        69.231791796976694        69.231790835070043     
   1.0000000043928288        69.231791139193447        69.231790835070043     
   1.0000000013891079        69.231790931240468        69.231790835070043     
   1.0000000004392735        69.231790865481742        69.231790835070043     
   1.0000000001389104        69.231790844687069        69.231790835070043     
   1.0000000000439273        69.231790838111209        69.231790835070043     
   1.0000000000138911        69.231790836031749        69.231790835070043     
   1.0000000000043927        69.231790835374156        69.231790835070043     
 comp:           3
   1.0000000000000000       -230.02282326007511       -230.02282326007511     
   1.0000000000000000       -230.02282326007511       -230.02282326007511     
   1.0000000000000000       -230.02282326007511       -230.02282326007511     
   1.0000000000000000       -230.02282326007511       -230.02282326007511     
   1.0000000000000000       -230.02282326007511       -230.02282326007511     
   1.0000000000000000       -230.02282326007511       -230.02282326007511     
   1.0000000000000000       -230.02282326007511       -230.02282326007511     
   1.0000000000000000       -230.02282326007511       -230.02282326007511     
   1.0000000000000000       -230.02282326007511       -230.02282326007511     
   1.0000000000000000       -230.02282326007511       -230.02282326007511     
 
 part:           4
 comp:           0
  0.99999999936977657        281.73283038244142        281.73283055999605     
  0.99999999980456633        281.73283050493598        281.73283055999605     
  0.99999999993831667        281.73283054261782        281.73283055999605     
  0.99999999998049771        281.73283055450162        281.73283055999605     
  0.99999999999383293        281.73283055825857        281.73283055999605     
  0.99999999999804978        281.73283055944660        281.73283055999605     
  0.99999999999938316        281.73283055982228        281.73283055999605     
  0.99999999999980493        281.73283055994108        281.73283055999605     
  0.99999999999993827        281.73283055997865        281.73283055999605     
  0.99999999999998046        281.73283055999053        281.73283055999605     
 comp:           1
   1.0000000292826268       -144.27541304783162       -144.27540882306869     
   1.0000000090806065       -144.27541013317690       -144.27540882306869     
   1.0000000028660412       -144.27540923656795       -144.27540882306869     
   1.0000000009061485       -144.27540895380363       -144.27540882306869     
   1.0000000002865439       -144.27540886440991       -144.27540882306869     
   1.0000000000906129       -144.27540883614191       -144.27540882306869     
   1.0000000000286542       -144.27540882720280       -144.27540882306869     
   1.0000000000090612       -144.27540882437600       -144.27540882306869     
   1.0000000000028655       -144.27540882348211       -144.27540882306869     
   1.0000000000009062       -144.27540882319943       -144.27540882306869     
 comp:           2
  0.99999986553444098       -70.035634534784649       -70.035643952166666     
  0.99999995830193633       -70.035641031815928       -70.035643952166666     
  0.99999998683916491       -70.035643030439104       -70.035643952166666     
  0.99999999583897459       -70.035643660746572       -70.035643952166666     
  0.99999999868419343       -70.035643860013309       -70.035643952166666     
  0.99999999958390628       -70.035643923025276       -70.035643952166666     
  0.99999999986841970       -70.035643942951353       -70.035643952166666     
  0.99999999995839073       -70.035643949252531       -70.035643952166666     
  0.99999999998684197       -70.035643951245135       -70.035643952166666     
  0.99999999999583911       -70.035643951875258       -70.035643952166666     
 comp:           3
   1.0000000000000000        231.63117838600479        231.63117838600479     
   1.0000000000000000        231.63117838600479        231.63117838600479     
   1.0000000000000000        231.63117838600479        231.63117838600479     
   1.0000000000000000        231.63117838600479        231.63117838600479     
   1.0000000000000000        231.63117838600479        231.63117838600479     
   1.0000000000000000        231.63117838600479        231.63117838600479     
   1.0000000000000000        231.63117838600479        231.63117838600479     
   1.0000000000000000        231.63117838600479        231.63117838600479     
   1.0000000000000000        231.63117838600479        231.63117838600479     
   1.0000000000000000        231.63117838600479        231.63117838600479     
 
 part:           5
 comp:           0
   1.0000000028867730        2.2533038784775337        2.2533038719727569     
   1.0000000008951946        2.2533038739899025        2.2533038719727569     
   1.0000000002825431        2.2533038726094126        2.2533038719727569     
   1.0000000000893310        2.2533038721740466        2.2533038719727569     
   1.0000000000282483        2.2533038720364091        2.2533038719727569     
   1.0000000000089329        2.2533038719928853        2.2533038719727569     
   1.0000000000028249        2.2533038719791221        2.2533038719727569     
   1.0000000000008933        2.2533038719747700        2.2533038719727569     
   1.0000000000002824        2.2533038719733933        2.2533038719727569     
   1.0000000000000893        2.2533038719729581        2.2533038719727569     
 comp:           1
  0.99999997511956329        1.3580840190130750        1.3580840528027993     
  0.99999999228452219        1.3580840423245319        1.3580840528027993     
  0.99999999756482383        1.3580840494956254        1.3580840528027993     
  0.99999999923007687        1.3580840517571791        1.3580840528027993     
  0.99999999975653364        1.3580840524721516        1.3580840528027993     
  0.99999999992300925        1.3580840526982394        1.3580840528027993     
  0.99999999997565348        1.3580840527697347        1.3580840528027993     
  0.99999999999230083        1.3580840527923432        1.3580840528027993     
  0.99999999999756539        1.3580840527994928        1.3580840528027993     
  0.99999999999923006        1.3580840528017537        1.3580840528027993     
 comp:           2
   1.0000000936991806       0.80385319241700393       0.80385311709662544     
   1.0000000290563207       0.80385314045363931       0.80385311709662544     
   1.0000000091708203       0.80385312446861790       0.80385311709662544     
   1.0000000028995133       0.80385311942740822       0.80385311709662544     
   1.0000000009168890       0.80385311783366953       0.80385311709662544     
   1.0000000002899452       0.80385311732969877       0.80385311709662544     
   1.0000000000916887       0.80385311717032970       0.80385311709662544     
   1.0000000000289946       0.80385311711993279       0.80385311709662544     
   1.0000000000091689       0.80385311710399587       0.80385311709662544     
   1.0000000000028995       0.80385311709895613       0.80385311709662544     
 comp:           3
   1.0000000000000000       -1.6083551259296502       -1.6083551259296502     
   1.0000000000000000       -1.6083551259296502       -1.6083551259296502     
   1.0000000000000000       -1.6083551259296502       -1.6083551259296502     
   1.0000000000000000       -1.6083551259296502       -1.6083551259296502     
   1.0000000000000000       -1.6083551259296502       -1.6083551259296502     
   1.0000000000000000       -1.6083551259296502       -1.6083551259296502     
   1.0000000000000000       -1.6083551259296502       -1.6083551259296502     
   1.0000000000000000       -1.6083551259296502       -1.6083551259296502     
   1.0000000000000000       -1.6083551259296502       -1.6083551259296502     
   1.0000000000000000       -1.6083551259296502       -1.6083551259296502     
 
 part:           6
 comp:           0
   1.0484750747002347        4.8580413079981319E-005   4.6334351909959087E-005
   1.0046463339199621        4.6549636780897784E-005   4.6334351909959087E-005
   1.0004627123865393        4.6355791388510096E-005   4.6334351909959087E-005
   1.0000462521152387        4.6336494971743136E-005   4.6334351909959087E-005
   1.0000046250203769        4.6334566207280816E-005   4.6334351909959087E-005
   1.0000004625001260        4.6334373339602682E-005   4.6334351909959087E-005
   1.0000000462499936        4.6334354052922567E-005   4.6334351909959087E-005
   1.0000000046249993        4.6334352124255434E-005   4.6334351909959087E-005
   1.0000000004624994        4.6334351931388695E-005   4.6334351909959087E-005
   1.0000000000462497        4.6334351912102033E-005   4.6334351909959087E-005
 comp:           1
   8.6674775347520658E-006   0.0000000000000000     
   2.6878037219978249E-006   0.0000000000000000     
   8.4833056072608172E-007   0.0000000000000000     
   2.6821436574785015E-007   0.0000000000000000     
   8.4815207551189212E-008   0.0000000000000000     
   2.6820872313677243E-008   0.0000000000000000     
   8.4815029100572687E-009   0.0000000000000000     
   2.6820866730694249E-009   0.0000000000000000     
   8.4815026158740140E-010   0.0000000000000000     
   2.6820867724531042E-010   0.0000000000000000     
 comp:           2
  -1.9320598173535950E-005  -0.0000000000000000     
  -5.9913597091936125E-006  -0.0000000000000000     
  -1.8910062144842823E-006  -0.0000000000000000     
  -5.9787429090028214E-007  -0.0000000000000000     
  -1.8906083546583470E-007  -0.0000000000000000     
  -5.9786171300540487E-008  -0.0000000000000000     
  -1.8906043768313008E-008  -0.0000000000000000     
  -5.9786158855562057E-009  -0.0000000000000000     
  -1.8906043112551693E-009  -0.0000000000000000     
  -5.9786161070914946E-010  -0.0000000000000000     
 comp:           3
  0.94362758229931865        4.3722372470200508E-005   4.6334351909959087E-005
  0.99459987217476820        4.6084140486946032E-005   4.6334351909959087E-005
  0.99946224983438703        4.6309435604545937E-005   4.6334351909959087E-005
  0.99994624750605876        4.6331861322988777E-005   4.6334351909959087E-005
  0.99999462497572977        4.6334102861693027E-005   4.6334351909959087E-005
  0.99999946249982385        4.6334327005236773E-005   4.6334351909959087E-005
  0.99999994625000510        4.6334349419487906E-005   4.6334351909959087E-005
  0.99999999462500089        4.6334351660911986E-005   4.6334351909959087E-005
  0.99999999946249962        4.6334351885054353E-005   4.6334351909959087E-005
  0.99999999994624977        4.6334351907468606E-005   4.6334351909959087E-005
 
 part: i_fks+j_fks
 comp:           0
   1.0000000071387596        289.00009473180603        289.00009266870387     
   1.0000000006845038        289.00009286652551        289.00009266870387     
   1.0000000000681697        289.00009268840489        289.00009266870387     
   1.0000000000068141        289.00009267067315        289.00009266870387     
   1.0000000000006812        289.00009266890072        289.00009266870387     
   1.0000000000000679        289.00009266872348        289.00009266870387     
   1.0000000000000064        289.00009266870575        289.00009266870387     
   1.0000000000000007        289.00009266870404        289.00009266870387     
  0.99999999999999956        289.00009266870376        289.00009266870387     
   1.0000000000000000        289.00009266870387        289.00009266870387     
 comp:           1
   8.6674775347520658E-006   0.0000000000000000     
   2.6878037219978249E-006   0.0000000000000000     
   8.4833056072608172E-007   0.0000000000000000     
   2.6821436574785015E-007   0.0000000000000000     
   8.4815207551189212E-008   0.0000000000000000     
   2.6820872313677243E-008   0.0000000000000000     
   8.4815029100572687E-009   0.0000000000000000     
   2.6820866730694249E-009   0.0000000000000000     
   8.4815026158740140E-010   0.0000000000000000     
   2.6820867724531042E-010   0.0000000000000000     
 comp:           2
  -1.9320598173535950E-005   0.0000000000000000     
  -5.9913597091936125E-006   0.0000000000000000     
  -1.8910062144842823E-006   0.0000000000000000     
  -5.9787429090028214E-007   0.0000000000000000     
  -1.8906083546583470E-007   0.0000000000000000     
  -5.9786171300540487E-008   0.0000000000000000     
  -1.8906043768313008E-008   0.0000000000000000     
  -5.9786158855562057E-009   0.0000000000000000     
  -1.8906043112551693E-009   0.0000000000000000     
  -5.9786161070914946E-010   0.0000000000000000     
 comp:           3
  0.99999999032893583        289.00008987376543        289.00009266870387     
  0.99999999907379034        289.00009240102918        289.00009266870387     
  0.99999999990776911        289.00009264204914        289.00009266870387     
  0.99999999999078071        289.00009266603951        289.00009266870387     
  0.99999999999907796        289.00009266843739        289.00009266870387     
  0.99999999999990752        289.00009266867715        289.00009266870387     
  0.99999999999999034        289.00009266870109        289.00009266870387     
  0.99999999999999900        289.00009266870359        289.00009266870387     
  0.99999999999999956        289.00009266870376        289.00009266870387     
   1.0000000000000000        289.00009266870387        289.00009266870387     
     
 Collinear #          35
 
 part:           1
 comp:           0
  0.99999999911286086        289.00006467267389        289.00006492905715     
  0.99999999991532318        289.00006490458554        289.00006492905715     
  0.99999999999157063        289.00006492662106        289.00006492905715     
  0.99999999999915756        289.00006492881369        289.00006492905715     
  0.99999999999991562        289.00006492903276        289.00006492905715     
  0.99999999999999156        289.00006492905470        289.00006492905715     
  0.99999999999999900        289.00006492905686        289.00006492905715     
  0.99999999999999978        289.00006492905709        289.00006492905715     
  0.99999999999999978        289.00006492905709        289.00006492905715     
   1.0000000000000000        289.00006492905715        289.00006492905715     
 comp:           1
   0.0000000000000000        0.0000000000000000     
   0.0000000000000000        0.0000000000000000     
   0.0000000000000000        0.0000000000000000     
   0.0000000000000000        0.0000000000000000     
   0.0000000000000000        0.0000000000000000     
   0.0000000000000000        0.0000000000000000     
   0.0000000000000000        0.0000000000000000     
   0.0000000000000000        0.0000000000000000     
   0.0000000000000000        0.0000000000000000     
   0.0000000000000000        0.0000000000000000     
 comp:           2
   0.0000000000000000        0.0000000000000000     
   0.0000000000000000        0.0000000000000000     
   0.0000000000000000        0.0000000000000000     
   0.0000000000000000        0.0000000000000000     
   0.0000000000000000        0.0000000000000000     
   0.0000000000000000        0.0000000000000000     
   0.0000000000000000        0.0000000000000000     
   0.0000000000000000        0.0000000000000000     
   0.0000000000000000        0.0000000000000000     
   0.0000000000000000        0.0000000000000000     
 comp:           3
  0.99999999911286086        289.00006467267389        289.00006492905715     
  0.99999999991532318        289.00006490458554        289.00006492905715     
  0.99999999999157063        289.00006492662106        289.00006492905715     
  0.99999999999915756        289.00006492881369        289.00006492905715     
  0.99999999999991562        289.00006492903276        289.00006492905715     
  0.99999999999999156        289.00006492905470        289.00006492905715     
  0.99999999999999900        289.00006492905686        289.00006492905715     
  0.99999999999999978        289.00006492905709        289.00006492905715     
  0.99999999999999978        289.00006492905709        289.00006492905715     
   1.0000000000000000        289.00006492905715        289.00006492905715     
 
 part:           2
 comp:           0
   1.0000000117779395        289.00000340382456        289.00000000000006     
   1.0000000011285590        289.00000032615361        289.00000000000006     
   1.0000000001123857        289.00000003247953        289.00000000000006     
   1.0000000000112337        289.00000000324661        289.00000000000006     
   1.0000000000011231        289.00000000032463        289.00000000000006     
   1.0000000000001124        289.00000000003251        289.00000000000006     
   1.0000000000000111        289.00000000000324        289.00000000000006     
   1.0000000000000009        289.00000000000028        289.00000000000006     
   1.0000000000000000        289.00000000000006        289.00000000000006     
   1.0000000000000000        289.00000000000006        289.00000000000006     
 comp:           1
   0.0000000000000000        0.0000000000000000     
   0.0000000000000000        0.0000000000000000     
   0.0000000000000000        0.0000000000000000     
   0.0000000000000000        0.0000000000000000     
   0.0000000000000000        0.0000000000000000     
   0.0000000000000000        0.0000000000000000     
   0.0000000000000000        0.0000000000000000     
   0.0000000000000000        0.0000000000000000     
   0.0000000000000000        0.0000000000000000     
   0.0000000000000000        0.0000000000000000     
 comp:           2
   0.0000000000000000        0.0000000000000000     
   0.0000000000000000        0.0000000000000000     
   0.0000000000000000        0.0000000000000000     
   0.0000000000000000        0.0000000000000000     
   0.0000000000000000        0.0000000000000000     
   0.0000000000000000        0.0000000000000000     
   0.0000000000000000        0.0000000000000000     
   0.0000000000000000        0.0000000000000000     
   0.0000000000000000        0.0000000000000000     
   0.0000000000000000        0.0000000000000000     
 comp:           3
   1.0000000117779395       -289.00000340382456       -289.00000000000006     
   1.0000000011285590       -289.00000032615361       -289.00000000000006     
   1.0000000001123857       -289.00000003247953       -289.00000000000006     
   1.0000000000112337       -289.00000000324661       -289.00000000000006     
   1.0000000000011231       -289.00000000032463       -289.00000000000006     
   1.0000000000001124       -289.00000000003251       -289.00000000000006     
   1.0000000000000111       -289.00000000000324       -289.00000000000006     
   1.0000000000000009       -289.00000000000028       -289.00000000000006     
   1.0000000000000000       -289.00000000000006       -289.00000000000006     
   1.0000000000000000       -289.00000000000006       -289.00000000000006     
 
 part:           3
 comp:           0
  0.99999997630090032        112.56157903852291        112.56158170613105     
  0.99999999265085726        112.56158087889992        112.56158170613105     
  0.99999999768044712        112.56158144503851        112.56158170613105     
  0.99999999926663341        112.56158162358214        112.56158170613105     
  0.99999999976809351        112.56158168002729        112.56158170613105     
  0.99999999992666488        112.56158169787633        112.56158170613105     
  0.99999999997680944        112.56158170352069        112.56158170613105     
  0.99999999999266653        112.56158170530558        112.56158170613105     
  0.99999999999768097        112.56158170587001        112.56158170613105     
  0.99999999999926659        112.56158170604850        112.56158170613105     
 comp:           1
   1.0000000443316355       -7.5501093056647113       -7.5501089709560318     
   1.0000000137473370       -7.5501090747499253       -7.5501089709560318     
   1.0000000043389650       -7.5501090037156908       -7.5501089709560318     
   1.0000000013718386       -7.5501089813135636       -7.5501089709560318     
   1.0000000004338052       -7.5501089742313088       -7.5501089709560318     
   1.0000000001371809       -7.5501089719917633       -7.5501089709560318     
   1.0000000000433804       -7.5501089712835592       -7.5501089709560318     
   1.0000000000137181       -7.5501089710596050       -7.5501089709560318     
   1.0000000000043381       -7.5501089709887843       -7.5501089709560318     
   1.0000000000013718       -7.5501089709663889       -7.5501089709560318     
 comp:           2
  0.99999989008392143       -52.486224402322499       -52.486230171403101     
  0.99999996591478368       -52.486228382398593       -52.486230171403101     
  0.99999998924194833       -52.486229606753525       -52.486230171403101     
  0.99999999659865613       -52.486229992879380       -52.486230171403101     
  0.99999999892442126       -52.486230114950025       -52.486230171403101     
  0.99999999965987274       -52.486230153551105       -52.486230171403101     
  0.99999999989244226       -52.486230165757803       -52.486230171403101     
  0.99999999996598732       -52.486230169617905       -52.486230171403101     
  0.99999999998924427       -52.486230170838574       -52.486230171403101     
  0.99999999999659883       -52.486230171224584       -52.486230171403101     
 comp:           3
   1.0000000000000000        39.281672941808381        39.281672941808381     
   1.0000000000000000        39.281672941808381        39.281672941808381     
   1.0000000000000000        39.281672941808381        39.281672941808381     
   1.0000000000000000        39.281672941808381        39.281672941808381     
   1.0000000000000000        39.281672941808381        39.281672941808381     
   1.0000000000000000        39.281672941808381        39.281672941808381     
   1.0000000000000000        39.281672941808381        39.281672941808381     
   1.0000000000000000        39.281672941808381        39.281672941808381     
   1.0000000000000000        39.281672941808381        39.281672941808381     
   1.0000000000000000        39.281672941808381        39.281672941808381     
 
 part:           4
 comp:           0
   1.0000000414738888        245.73460511681725        245.73459492524802     
   1.0000000128611433        245.73459808567586        245.73459492524802     
   1.0000000040592623        245.73459592274921        245.73459492524802     
   1.0000000012834058        245.73459524062525        245.73459492524802     
   1.0000000004058409        245.73459502497715        245.73459492524802     
   1.0000000001283380        245.73459495678509        245.73459492524802     
   1.0000000000405840        245.73459493522091        245.73459492524802     
   1.0000000000128337        245.73459492840172        245.73459492524802     
   1.0000000000040583        245.73459492624531        245.73459492524802     
   1.0000000000012834        245.73459492556339        245.73459492524802     
 comp:           1
   1.0000000047021176       -155.39950035552374       -155.39949962481703     
   1.0000000014581369       -155.39949985141078       -155.39949962481703     
   1.0000000004602205       -155.39949969633506       -155.39949962481703     
   1.0000000001455067       -155.39949964742868       -155.39949962481703     
   1.0000000000460123       -155.39949963196733       -155.39949962481703     
   1.0000000000145504       -155.39949962707814       -155.39949962481703     
   1.0000000000046012       -155.39949962553206       -155.39949962481703     
   1.0000000000014551       -155.39949962504315       -155.39949962481703     
   1.0000000000004601       -155.39949962488853       -155.39949962481703     
   1.0000000000001457       -155.39949962483965       -155.39949962481703     
 comp:           2
   1.0000000663452098        189.83364752011806        189.83363492556575     
   1.0000000205737944        189.83363883116391        189.83363492556575     
   1.0000000064935464        189.83363615825925        189.83363492556575     
   1.0000000020530468        189.83363531530310        189.83363492556575     
   1.0000000006492180        189.83363504880916        189.83363492556575     
   1.0000000002053004        189.83363496453867        189.83363492556575     
   1.0000000000649216        189.83363493789005        189.83363492556575     
   1.0000000000205300        189.83363492946305        189.83363492556575     
   1.0000000000064921        189.83363492679817        189.83363492556575     
   1.0000000000020530        189.83363492595547        189.83363492556575     
 comp:           3
   1.0000000000000000        14.130736370735908        14.130736370735908     
   1.0000000000000000        14.130736370735908        14.130736370735908     
   1.0000000000000000        14.130736370735908        14.130736370735908     
   1.0000000000000000        14.130736370735908        14.130736370735908     
   1.0000000000000000        14.130736370735908        14.130736370735908     
   1.0000000000000000        14.130736370735908        14.130736370735908     
   1.0000000000000000        14.130736370735908        14.130736370735908     
   1.0000000000000000        14.130736370735908        14.130736370735908     
   1.0000000000000000        14.130736370735908        14.130736370735908     
   1.0000000000000000        14.130736370735908        14.130736370735908     
 
 part:           5
 comp:           0
  0.99999996575407646        219.70381584466060        219.70382336862093     
  0.99999998938026413        219.70382103542437        219.70382336862093     
  0.99999999664817529        219.70382263221222        219.70382336862093     
  0.99999999894026270        219.70382313579259        219.70382336862093     
  0.99999999966488795        219.70382329499554        219.70382336862093     
  0.99999999989402844        219.70382334533858        219.70382336862093     
  0.99999999996648881        219.70382336125840        219.70382336862093     
  0.99999999998940292        219.70382336629271        219.70382336862093     
  0.99999999999664879        219.70382336788467        219.70382336862093     
  0.99999999999894029        219.70382336838810        219.70382336862093     
 comp:           1
  0.99999999599076905        162.94960794247044        162.94960859577304     
  0.99999999875672874        162.94960839318247        162.94960859577304     
  0.99999999960759600        162.94960853183096        162.94960859577304     
  0.99999999987593469        162.94960857555665        162.94960859577304     
  0.99999999996076783        162.94960858938018        162.94960859577304     
  0.99999999998759370        162.94960859375144        162.94960859577304     
  0.99999999999607680        162.94960859513375        162.94960859577304     
  0.99999999999875933        162.94960859557088        162.94960859577304     
  0.99999999999960776        162.94960859570912        162.94960859577304     
  0.99999999999987599        162.94960859575284        162.94960859577304     
 comp:           2
  0.99999991801515620       -137.34739349375712       -137.34740475416265     
  0.99999997457632062       -137.34740126228627       -137.34740475416265     
  0.99999999197572187       -137.34740365204888       -137.34740475416265     
  0.99999999746298573       -137.34740440571034       -137.34740475416265     
  0.99999999919774107       -137.34740464397447       -137.34740475416265     
  0.99999999974630382       -137.34740471931815       -137.34740475416265     
  0.99999999991977440       -137.34740474314387       -137.34740475416265     
  0.99999999997463040       -137.34740475067821       -137.34740475416265     
  0.99999999999197742       -137.34740475306077       -137.34740475416265     
  0.99999999999746303       -137.34740475381420       -137.34740475416265     
 comp:           3
   1.0000000000000000       -53.412409312544291       -53.412409312544291     
   1.0000000000000000       -53.412409312544291       -53.412409312544291     
   1.0000000000000000       -53.412409312544291       -53.412409312544291     
   1.0000000000000000       -53.412409312544291       -53.412409312544291     
   1.0000000000000000       -53.412409312544291       -53.412409312544291     
   1.0000000000000000       -53.412409312544291       -53.412409312544291     
   1.0000000000000000       -53.412409312544291       -53.412409312544291     
   1.0000000000000000       -53.412409312544291       -53.412409312544291     
   1.0000000000000000       -53.412409312544291       -53.412409312544291     
   1.0000000000000000       -53.412409312544291       -53.412409312544291     
 
 part:           6
 comp:           0
   1.0484750712509778        6.8076497782343018E-005   6.4929057112553200E-005
   1.0046463335741418        6.5230739170552631E-005   6.4929057112553200E-005
   1.0004627123519556        6.4959100589280015E-005   6.4929057112553200E-005
   1.0000462521117801        6.4932060218560547E-005   6.4929057112553200E-005
   1.0000046250200310        6.4929357410742930E-005   6.4929057112553200E-005
   1.0000004625000913        6.4929087142248049E-005   6.4929057112553200E-005
   1.0000000462499901        6.4929060115521449E-005   6.4929057112553200E-005
   1.0000000046249991        6.4929057412850029E-005   6.4929057112553200E-005
   1.0000000004624994        6.4929057142582849E-005   6.4929057112553200E-005
   1.0000000000462494        6.4929057115556128E-005   6.4929057112553200E-005
 comp:           1
   1.7187180212652022E-006   0.0000000000000000     
   5.3297821304821711E-007   0.0000000000000000     
   1.6821976343311687E-007   0.0000000000000000     
   5.3185585010924582E-008   0.0000000000000000     
   1.6818437069354114E-008   0.0000000000000000     
   5.3184466108917470E-009   0.0000000000000000     
   1.6818401683475080E-009   0.0000000000000000     
   5.3184455038136955E-010   0.0000000000000000     
   1.6818401100124183E-010   0.0000000000000000     
   5.3184457008866250E-011   0.0000000000000000     
 comp:           2
  -2.9624038463944194E-005  -0.0000000000000000     
  -9.1864790433522509E-006  -0.0000000000000000     
  -2.8994568513745192E-006  -0.0000000000000000     
  -9.1671338555650679E-007  -0.0000000000000000     
  -2.8988468176950189E-007  -0.0000000000000000     
  -9.1669410002177328E-008  -0.0000000000000000     
  -2.8988407185407156E-008  -0.0000000000000000     
  -9.1669390920441759E-009  -0.0000000000000000     
  -2.8988406179936269E-009  -0.0000000000000000     
  -9.1669394317215394E-010  -0.0000000000000000     
 comp:           3
  0.94362758524245616        6.1268849375188100E-005   6.4929057112553200E-005
  0.99459987247210568        6.4578431923879479E-005   6.4929057112553200E-005
  0.99946224986414256        6.4894141503269828E-005   6.4929057112553200E-005
  0.99994624750903438        6.4925567013997352E-005   6.4929057112553200E-005
  0.99999462497602742        6.4928708117314703E-005   6.4929057112553200E-005
  0.99999946249985350        6.4929022213175487E-005   6.4929057112553200E-005
  0.99999994625000799        6.4929053622616900E-005   6.4929057112553200E-005
  0.99999999462500111        6.4929056763559593E-005   6.4929057112553200E-005
  0.99999999946249973        6.4929057077653816E-005   6.4929057112553200E-005
  0.99999999994624955        6.4929057109063234E-005   6.4929057112553200E-005
 
 part: i_fks+j_fks
 comp:           0
   1.0000000100036543        289.00013274917166        289.00012985811424     
   1.0000000009592054        289.00013013532470        289.00012985811424     
   1.0000000000955274        289.00012988572166        289.00012985811424     
   1.0000000000095490        289.00012986087393        289.00012985811424     
   1.0000000000009548        289.00012985839015        289.00012985811424     
   1.0000000000000957        289.00012985814186        289.00012985811424     
   1.0000000000000095        289.00012985811696        289.00012985811424     
   1.0000000000000009        289.00012985811452        289.00012985811424     
   1.0000000000000000        289.00012985811424        289.00012985811424     
   1.0000000000000000        289.00012985811424        289.00012985811424     
 comp:           1
   1.7187180212652022E-006   0.0000000000000000     
   5.3297821304821711E-007   0.0000000000000000     
   1.6821976343311687E-007   0.0000000000000000     
   5.3185585010924582E-008   0.0000000000000000     
   1.6818437069354114E-008   0.0000000000000000     
   5.3184466108917470E-009   0.0000000000000000     
   1.6818401683475080E-009   0.0000000000000000     
   5.3184455038136955E-010   0.0000000000000000     
   1.6818401100124183E-010   0.0000000000000000     
   5.3184457008866250E-011   0.0000000000000000     
 comp:           2
  -2.9624038463944194E-005   0.0000000000000000     
  -9.1864790433522509E-006   0.0000000000000000     
  -2.8994568513745192E-006   0.0000000000000000     
  -9.1671338555650679E-007   0.0000000000000000     
  -2.8988468176950189E-007   0.0000000000000000     
  -9.1669410002177328E-008   0.0000000000000000     
  -2.8988407185407156E-008   0.0000000000000000     
  -9.1669390920441759E-009   0.0000000000000000     
  -2.8988406179936269E-009   0.0000000000000000     
  -9.1669394317215394E-010   0.0000000000000000     
 comp:           3
  0.99999998644778820        289.00012594152327        289.00012985811424     
  0.99999999870208789        289.00012948301747        289.00012985811424     
  0.99999999987075561        289.00012982076260        289.00012985811424     
  0.99999999998708122        289.00012985438070        289.00012985811424     
  0.99999999999870814        289.00012985774089        289.00012985811424     
  0.99999999999987077        289.00012985807689        289.00012985811424     
  0.99999999999998701        289.00012985811048        289.00012985811424     
  0.99999999999999867        289.00012985811384        289.00012985811424     
  0.99999999999999978        289.00012985811418        289.00012985811424     
   1.0000000000000000        289.00012985811424        289.00012985811424     
