   0.0000000000000000        0.0000000000000000        0.0000000000000000        0.0000000000000000        0.0000000000000000        0.0000000000000000        0.0000000000000000        0.0000000000000000        0.0000000000000000        0.0000000000000000        0.0000000000000000        0.0000000000000000        0.0000000000000000     
  0.12563977424778330       0.13870201164713938        8.0170752167534522E-003   1.5557650190107478E-002   1.8995927614991009E-002   1.4312946073081399E-002   6.3732373095762903E-003   1.5722497767037893E-002  0.48537483105537810        9.2262047110338669E-002   6.2732489841741429E-002   3.7431843111430017E-002   1.5319951678020962E-002
  0.24889778243569327       0.25286987180401405       0.29830764133070398       0.29952234258585736       0.30451592372502206       0.30589890684687032       0.36416710996825824       0.29334688539391973       0.24889778243569327       0.26252893742467870       0.26252893742467870       0.27610100364536866       0.30863887533804502     
  0.19488002124662962       0.18793107072957785        1.6140395724081866E-002   3.1498899451527299E-002   3.8401721295009829E-002   2.8740793777257398E-002   1.1987079093469598E-002   3.1501336864576526E-002  0.60999198294284329       0.13474010598208316       0.11072025496843915        7.7217152993758434E-002   3.0566698606970560E-002
  0.26154654637326058       0.28561162263108131       0.30013277799458987       0.32586018583493587       0.35246172673039966       0.29573260964743453       0.38017331341078625       0.34152525317770865       0.29312058237781846       0.25293415993696938       0.27690661729032406       0.28618769288675910       0.28326849122712827     
  0.24831600389413344       0.22349250666847975        2.4686220285131087E-002   4.8106599478215800E-002   5.8709070929355303E-002   4.3814570304820430E-002   1.6722776679167144E-002   4.6599934595373559E-002  0.65862700791045192       0.16097147314552845       0.14962974860016057       0.10556562500472991        4.6992094908846621E-002
  0.27166084125083451       0.32468006772960550       0.32999154618554749       0.31849710877275922       0.30598823548268322       0.29951009586777561       0.31614967313914699       0.30270059066216204       0.29932059362214503       0.26403174854744105       0.35211090316404725       0.29280536995772471       0.37560109602996222     
  0.29153622108133426       0.25191868876242757        3.3616270894265471E-002   6.4663861296640104E-002   7.8491420441610504E-002   5.9137506883834574E-002   2.1366061233292943E-002   6.1040459559554353E-002  0.68474821900916683       0.18061429538682119       0.18341053982296118       0.13787087388373118        6.3041462731359285E-002
  0.31969403609261782       0.29571233104887024       0.30733821115850674       0.29688734343287976       0.30944466876178633       0.33707805712866085       0.29419268449706465       0.30860668805349228       0.26252893742467870       0.36230788140784825       0.33456792527651258       0.30638156469671368       0.30331620725709602     
  0.32475433662900716       0.27384480198156658        4.3380306585434368E-002   8.1880846068484517E-002   9.8794266474216991E-002   7.4810168062782165E-002   2.6005965006213029E-002   7.5097139790277614E-002  0.70639657452800253       0.19384475410784313       0.21386372644222493       0.16689544733826117        7.9247992168667805E-002
  0.28127526818424736       0.26900306135926005       0.34558267321871594       0.36414421678426728       0.28642766634348032       0.27533580245725037       0.34847028395802504       0.33062376664317394       0.27788931088265617       0.29673279608844921       0.30664956764724721       0.32244866199976779       0.34808413986265530     
  0.35128571197970826       0.29516226734363943        5.3809705911587964E-002   9.9648368630966905E-002  0.11977006567493061        9.0662992289272853E-002   3.0683753718392260E-002   8.9392710852259805E-002  0.73112916199236444       0.20533902708799140       0.23958573806508676       0.19572763492446205        9.5602487404553085E-002
  0.26864338661674447       0.38205472124824208       0.34057874235480595       0.28144292191144643       0.31954891802518681       0.32430660174499742       0.33972923602976579       0.31119437783022841       0.26697156984529902       0.29831582364288212       0.35234338531437931       0.29540914994216355       0.32719935705394287     
  0.37147897176552314       0.31605861229553567        6.4878656354315500E-002  0.11694145971095316       0.14005504729839360       0.10617563219424836        3.5662221503406880E-002  0.10348739754146023       0.75384847863282045       0.21590808948941256       0.26456682360982053       0.22478890715082689       0.11213889467109506     
  0.31548110389388717       0.29854483508432172       0.34951330024039917       0.37694968370452830       0.30466712511849287       0.34839019760277590       0.36211531874687214       0.34113631240976366       0.29096192130813436       0.32488488101551760       0.32183705401596741       0.30100950372620688       0.32665153705401467     
  0.39082066205450500       0.33564787446448818        7.6239464614690250E-002  0.13452468786611665       0.16011479425206324       0.12229876449249004        4.0723772417694058E-002  0.11752798184907204       0.77344519419499580       0.22555462948289595       0.27974305462314808       0.25165149972517142       0.12859052639591367     
  0.27112574197369960       0.38591624049061063       0.38603665037353802       0.29813860169757594       0.29403210392051571       0.30630353643599101       0.30397820132649800       0.32294931780651603       0.31373579306415794       0.32957728691551824       0.30314152156731622       0.36004023823493941       0.35223735317816035     
  0.40955615995580902       0.35416322969668185        8.7528642735483622E-002  0.15058133093112105       0.18013431364500665       0.13777715577091521        4.5784481401321825E-002  0.13150793256640636       0.78801811556224677       0.23484508998398376       0.29582810832101375       0.27581925530280343       0.14443713432417390     
  0.26489165501879541       0.36099653751639849       0.29739083793511573       0.30112463950527191       0.31507106191522877       0.29306197043072230       0.37756343799479825       0.29265455113252781       0.26099461922370376       0.30616301873085061       0.29132307875595920       0.32079467975170395       0.30530374977567215     
  0.42723814361919127       0.37047306891035287        9.8876327648007870E-002  0.16759238708471258       0.20022011806638862       0.15306778689445943        5.0764959133267229E-002  0.14493387189220691       0.80028289640211014       0.24354871865221803       0.31219624868955592       0.29854228269198729       0.15911123372731931     
  0.33157731237879018       0.35295679777745703       0.29410352036153670       0.32638536792694767       0.26964548340279437       0.28382996062949745       0.31468125046164258       0.28850540057841384       0.28019811624578483       0.29717998019904879       0.32762714917824942       0.32311916866060064       0.33707103609359806     
  0.44431243455917646       0.38540470796772774       0.10986167503714440       0.18116285542745442       0.22055133420765563       0.16875499250982470        5.5553635060972426E-002  0.15983437622067251       0.81132362367216992       0.25228718424974300       0.32809539409616373       0.32008767683952810       0.17451100123108190     
  0.29804083087160937       0.31068549017927521       0.28499956019748485       0.29391497258866517       0.34973644509018792       0.32087224546457976       0.36006948816711887       0.27200375945376687       0.29531380150620962       0.33628230866472941       0.31116342042995410       0.29756569971684166       0.28897536375856525     
  0.45974607956104652       0.39845853930856617       0.12030074390201725       0.19454505556068055       0.24006847573906800       0.18431461298312390        6.0671825276996189E-002  0.17485672677974362       0.82213607025262170       0.26099093211272634       0.34391139894733924       0.34023647919814398       0.19058399297123632     
  0.29509327184486972       0.33853682686400571       0.33952914460130990       0.33667879730493294       0.30176223647787059       0.28552217244939582       0.31762655775899740       0.31059357396124770       0.33254176104853495       0.33387514661916423       0.29613230865442025       0.32437469379293127       0.30022284660487447     
  0.47489979705496499       0.40954697335859325       0.13077579850006271       0.20878963140409598       0.25936519641990735       0.19831831037876488        6.6209088778203209E-002  0.19093066276160398       0.83136033975666523       0.26946975153694369       0.35910399752219285       0.35978797935094264       0.20545231474527054     
  0.29533808882198126       0.35192789445513384       0.29228993905718853       0.33189390487955772       0.30632191205061876       0.33654228743750864       0.26743186017043225       0.31321974085828114       0.28484363721184752       0.31429989341680620       0.27755701897979435       0.31032178990500731       0.26340524440253266     
  0.48783456303783640       0.42005031911792723       0.14095495243236669       0.22295558474211485       0.27860226133673677       0.21353132461284352        7.1559029034247545E-002  0.20718676793163818       0.84022910659429373       0.27730807353606596       0.37391322969892848       0.37903689361872855       0.22056387155425916     
  0.39305012404066891       0.30427982677667748       0.30367197679392244       0.36320824449711786       0.32882034862696380       0.32444143169966877       0.29977324521622656       0.31691837976302462       0.30802299920122572       0.32910708518959825       0.37500522088676269       0.36229277228303808       0.29168336170940862     
  0.50031736737241561       0.42984599620459735       0.15150652064435988       0.23535306352627502       0.29783727009292760       0.23005768443296182        7.6390744736151553E-002  0.22427317648111100       0.84843168028296601       0.28491748769680925       0.38896364142337686       0.39817767181708791       0.23515394718474883     
  0.29229640735985646       0.32492319790416863       0.26157334597084292       0.31539505911153143       0.32376111205056690       0.31313936462136699       0.31165749191026720       0.34514492501630006       0.33839259464542448       0.30109823978343053       0.30387895077371313       0.34308637762140692       0.34892264475703250     
  0.51235978245300440       0.43967331863009801       0.16224603564951143       0.24803755080975309       0.31618293531617092       0.24640285753399688        8.1132915166472974E-002  0.24205188870256994       0.85602245327325865       0.29211483750480005       0.40363872153638020       0.41537876737203500       0.24999631514020371     
  0.34806854103759644       0.31679324158257965       0.31574124281163535       0.32606369627043241       0.31264020206034265       0.36192887662003381       0.30741167168000000       0.31435978685108745       0.30701444646911608       0.30723372305421326       0.29207758372852083       0.30643005728468686       0.32321043109392966     
  0.52396544936054290       0.44947544369836934       0.17310656518441470       0.26095421314721085       0.33458643240354458       0.26279704724806041        8.5945399605342712E-002  0.25807807055016907       0.86222241839896852       0.29946463949843022       0.41672893731371174       0.42957984680031741       0.26508337624454914     
  0.28487129600922140       0.32125262833968360       0.30568301727198072       0.32635582729787110       0.36421723852454863       0.32344618747608039       0.31641097895289855       0.32898028729896178       0.33378458423371288       0.29590176370692001       0.30739748623320690       0.28515011666552315       0.27931948040320043     
  0.53502941323445141       0.45918530225476539       0.18395991643616011       0.27493718000452128       0.34935872386673078       0.27910743726605669        9.0821882250507094E-002  0.27385276326519553       0.86795169125824001       0.30657756067950459       0.42938777249855387       0.44348750643251594       0.28041728227784024     
  0.31307598131866243       0.35074804278945121       0.34158837626467253       0.31589620778356942       0.30232386442499787       0.27808103032228099       0.26941959483964689       0.26635913276826112       0.29916691128794370       0.30507874196747492       0.28036122177897493       0.31286332175572978       0.33913974254900187     
  0.54601784741073289       0.46869671500319049       0.19430428559831775       0.28991807838192457       0.36400485251599962       0.29531431169766897        9.5975766746751540E-002  0.28780892282032644       0.87159728656656665       0.31387010401210430       0.44244737877394902       0.45711314375852763       0.29612331433118921     
  0.28007103931089866       0.31690178678278635       0.26457961397544211       0.34164097052074865       0.26993880209472998       0.32887530361373035       0.29941602805098072       0.37277740793666653       0.28035095053526599       0.33703624760877254       0.37698555531469896       0.30431650705136842       0.33528413913668620     
  0.55707898415404211       0.47787641300586792       0.20464255252551744       0.30407047535767068       0.37804881154027647       0.31155066077607996       0.10129318251390232       0.30166217989885880       0.87540933600105419       0.32072176034512012       0.45623276441268845       0.47144641201973392       0.31171974004611130     
  0.29055883348883227       0.29604950275727243       0.29558531666354709       0.35897362980097103       0.28623311990929767       0.30312997466253899       0.29513527810307916       0.31851589036004813       0.28403203150677880       0.32757720579071359       0.30858996447947651       0.34282497770682435       0.30811693758057052     
  0.56807490856594678       0.48740370295130175       0.21471777894900615       0.31760868936959930       0.39208591890081629       0.32745321685822326       0.10693387475179982       0.31537358093510409       0.87912035530386856       0.32718276195133084       0.47030000765941893       0.48601539617742606       0.32486006763006059     
  0.28435622293685681       0.28309880079427963       0.30163910867200994       0.29539437242413807       0.31739919581627629       0.30902816445283271       0.33832578336546842       0.27624529945099868       0.28382190265305623       0.28077858840650499       0.26719650940027945       0.35634727738877908       0.34936861985389184     
  0.57911420497397614       0.49606992709736586       0.22514346597148455       0.33072205381292080       0.40575364457021135       0.34343672321703472       0.11274882752724343       0.32946664909836587       0.88260558179160209       0.33397985819694181       0.48490271434444931       0.49976914613752238       0.33839307633721588     
  0.29905512037269116       0.32947019916312353       0.29592995334207384       0.28400596672394968       0.30309318601219476       0.39088273089643694       0.30930674888113718       0.25582304057473798       0.26252893742467870       0.29223799025893366       0.30532445599814190       0.32332792530787041       0.28286085611841866     
  0.58982888937699673       0.50486759389776281       0.23631415791100724       0.34394097653437672       0.41929465913260316       0.35906812571421232       0.11892273686835000       0.34370700569984802       0.88600601172785387       0.34068738207578292       0.49949432632790464       0.51373355395943199       0.35285508651586306     
  0.30511770451446585       0.31655474094181268       0.32310600379241006       0.31937482214176105       0.33811300605922034       0.31643497392897080       0.33441689397903673       0.31936782318121493       0.28241452163531744       0.33126585661346786       0.33821983213647144       0.27405162938982697       0.28288816351611956     
  0.60026894561995259       0.51290787397728810       0.24693310797680054       0.35831903599958553       0.43273174980546780       0.37482446367534955       0.12510827044239176       0.35762448043894435       0.88953659762658677       0.34726636646535824       0.51340947033551221       0.52576186779047729       0.36730741031915570     
  0.30772541844989737       0.34443716078409181       0.34241572668974923       0.26915674869026707       0.26473935668171961       0.32790074937305080       0.34253344469561375       0.31281986010144308       0.28870673055127433       0.30914128122693768       0.32499231291763858       0.34651625714401912       0.29153672346278137     
  0.60996900350659122       0.52054747644749122       0.25705860730646796       0.37263273333799335       0.44608504700176865       0.39090553765707992       0.13116934223857948       0.37115255092547944       0.89304277805502186       0.35396349524658460       0.52755605261578620       0.53733892965796726       0.38178452265000118     
  0.29141631175626070       0.25374961582696753       0.37078405457471286       0.29800997396003026       0.26528838303513996       0.33849580228002762       0.29276958704646633       0.28314024143521782       0.31668821677241960       0.32616107768540631       0.26774508964564142       0.31875509408470926       0.35628984065852093     
  0.61891810634426481       0.52767538416366078       0.26783506975306109       0.38681648005108238       0.45927685835795018       0.40726980963299608       0.13757401997177052       0.38445742630881924       0.89682158265145939       0.36054397565955049       0.54071455547202107       0.54699939698444189       0.39599733863918724     
  0.26652633644343948       0.29022583655794026       0.32908328708464163       0.30815861849805515       0.34126898659368454       0.39756732646634851       0.28521605019730989       0.29034036614048708       0.31047371552346875       0.28590488885813303       0.34592107873665662       0.30520518382349471       0.35017363744075380     
  0.62868490593003201       0.53471030946935827       0.27864661493329818       0.40107437473407015       0.47270628535664083       0.42354099082570007       0.14438969057046178       0.39749715267903962       0.90050961633367210       0.36711261282067331       0.55325408220920769       0.55635205239534991       0.41000496848508539     
  0.28005676235765636       0.32873124975137258       0.30812801300342335       0.28877217986085174       0.30359594459273020       0.32040707268931040       0.34373472264218285       0.29613838148609789       0.29009595248752351       0.31810786895644189       0.29705583496494320       0.32602858005506785       0.31456474961369107     
  0.63904139195544929       0.54156715642460251       0.29123071720700378       0.41780359846099308       0.48611873510600206       0.43929120151484474       0.15174597821276486       0.40979112499985493       0.90415749411146373       0.37364002419010289       0.56461131502649198       0.56527327501157476       0.42426645565117027     
  0.27007765761844205       0.28021841115780993       0.29024359595526017       0.33451754777288428       0.29890222045434206       0.32032183472919601       0.33904608048155571       0.29812242526696719       0.28472455518036299       0.30516371820357274       0.28863499252151070       0.30413497793025085       0.26232233355782963     
  0.64918753284194008       0.54879874607221113       0.30318671085202220       0.43423971648441362       0.49921786053014899       0.45432947531231027       0.15959138831689909       0.42118694569179888       0.90765910891558310       0.38018625247300819       0.57572593625036506       0.57356884395398378       0.43876694417177858     
  0.32500690598063980       0.30497277910753939       0.29073865973750762       0.32939140209409651       0.36096643840141091       0.29244174275325119       0.31562761114017462       0.29071326960954119       0.30088556878739836       0.31691259257417387       0.29539378513057668       0.28242609377996081       0.32592538466615545     
  0.65929903104956966       0.55706790478323998       0.31399016443919647       0.45096695669529940       0.51284496408971858       0.46974403313805041       0.16733848698967152       0.43277754256454193       0.91090695719617853       0.38671187391004475       0.58732583841932839       0.58210514427313598       0.45370035589212970     
  0.31111521279379289       0.32082287132670145       0.28784007466113143       0.35533590962371203       0.26008081155210905       0.30864796056210231       0.32691094872851945       0.27059908552552631       0.27872914284680672       0.32480785539129675       0.34027266638264808       0.27521983336529221       0.30026400839158957     
  0.66953131291832935       0.56484027067311249       0.32516132156334809       0.46737973839007591       0.52705375095374574       0.48516966455714178       0.17534160302974133       0.44421030435990427       0.91403936882167192       0.39298872900401366       0.59921632827114557       0.59092519387314368       0.46930984818626248     
  0.33826488179591030       0.33770024894820000       0.30757842425138771       0.35988384996669076       0.28620405637014207       0.34838061064020209       0.30682543375165267       0.28917648171806898       0.29273941567365430       0.33608608962050673       0.29485045380124109       0.30806732767488920       0.29673288642746243     
  0.67971932337946150       0.57329818456802950       0.33708211962140622       0.48380501641109452       0.54149782322024997       0.50046985735623184       0.18325011861704041       0.45738808818384996       0.91697508841962194       0.39970029149642899       0.61414494182655543       0.60043407263219462       0.48485533602651143     
  0.28242169568142450       0.30510215871186974       0.30409820758972655       0.37730978814709942       0.29693007784504366       0.29677578777713504       0.30448082764224388       0.28536990269182089       0.29371269611148337       0.36144408222998137       0.28527609125596287       0.31008970812877690       0.30870546555538980     
  0.68979382982768900       0.58167796712241082       0.34889816885922181       0.49981925310536007       0.55644154438496096       0.51615210611929652       0.19086416578994364       0.47087082835515615       0.92009286939900836       0.40731345029521165       0.62878160865484489       0.61220570536591212       0.50114670575593567     
  0.30156567096616838       0.24968162510201139       0.31183747066375433       0.31534039809304820       0.34174610865163663       0.31848470918993510       0.28620560169088816       0.29854182423266751       0.35937510130208844       0.32400000258154704       0.33316927153950554       0.27520121761676664       0.36204435352884834     
  0.69969947315986825       0.59021038364159228       0.36071430354039802       0.51620090404604146       0.57078683981913614       0.53170144324985813       0.19875859621086570       0.48340432070092770       0.92316332343525320       0.41487298404622563       0.64346839339421946       0.62466368124675264       0.51746610431058959     
  0.38346676835538818       0.33254327584686671       0.33228687954069158       0.36507364255435831       0.31049396884499714       0.29953022154508674       0.31842386641886578       0.27967589565322176       0.28153909010835204       0.32550768422841009       0.33767315192068204       0.31971812451605142       0.32002079380697174     
  0.70967025889454916       0.59888715817117766       0.37470214251127232       0.53293551887758595       0.58370043996740129       0.54810782173926142       0.20784338513184858       0.49757264169581927       0.92616636250980489       0.42234737835163272       0.65822656048577632       0.63768888239614185       0.53445229887324186     
  0.32091195605036726       0.31634569519554301       0.36057588323042089       0.29906142375378025       0.31059928414507609       0.36180740815481460       0.33057422966757916       0.30420574616416385       0.30536749247038530       0.38638248773242645       0.28884581337033405       0.29838367056710297       0.34149785024903112     
  0.71863515369831832       0.60816158996346947       0.39156532076899159       0.55032336446803398       0.59720843532573731       0.56411948780400112       0.21690673715336697       0.51319268219189562       0.92916140864585228       0.42969513010591531       0.67236105198577112       0.64963960795521325       0.55166650913411652     
  0.32682576110121092       0.32097281203172606       0.39728611683275139       0.34573417051756189       0.31833320597308856       0.28271910374148040       0.34442310635496276       0.32121753863029323       0.29223313148120872       0.31176618243165050       0.32345591027608361       0.33182003713525438       0.29825054745325424     
  0.72742515561419308       0.61787851833910978       0.40733339734793333       0.56842118878067993       0.61187568879587528       0.58030930293595162       0.22662161620891039       0.52835271951547180       0.93207943361005718       0.43692101399683947       0.68607155205612047       0.66082764008890493       0.56757658891322516     
  0.30481088045384791       0.26640512153087209       0.36353971935588902       0.28777112428303370       0.32052631656765374       0.29515420149955168       0.31579651726499403       0.30843734490707980       0.28671047754522638       0.30441874679871828       0.35657692338433999       0.30085285814657942       0.32947673867745186     
  0.73691100357201089       0.62721794580057366       0.42431023697314540       0.58619953477005937       0.62669664500411459       0.59657976019008330       0.23624832741308127       0.54385955468466485       0.93489671667982233       0.44416913038088068       0.69928011263924950       0.67231727413964915       0.58313880867394541     
  0.33629319270633939       0.28922375706295556       0.32900056298787922       0.31856665445515775       0.34471440463024178       0.34786742636593887       0.33201038512819436       0.36971783986819790       0.28835964317729290       0.31102388175025247       0.32533140008343353       0.34291585685553733       0.30268449831207861     
  0.74630031646299810       0.63616451681490405       0.44126984695916688       0.60361093307495217       0.64155650982397061       0.61203387684749933       0.24870445743409630       0.56000072820602331       0.93765538629906597       0.45129080075152167       0.71200143450695574       0.68472330301005357       0.60283274609686177     
  0.31808033711942879       0.32256574424381801       0.29659886353106907       0.35846188692005898       0.31444127710420627       0.30878534351561249       0.31535697579704874       0.33564799893351815       0.30122142046436845       0.30510947757723350       0.29623052139218797       0.32486614051538887       0.33094499569733227     
  0.75533040452018074       0.64498590664359046       0.45982992876748935       0.62148295305667145       0.65592666928180177       0.62818943217659751       0.26142521492486892       0.57688770958660762       0.94038288257182401       0.45823592168198585       0.72474965586016160       0.69709438438922500       0.62219325290795213     
  0.29680823567051984       0.31840713353424682       0.32434220864387014       0.35127370752451365       0.35336390878776019       0.30208375936235699       0.30883345722472938       0.30594878695006322       0.34585579128879856       0.32266239061913921       0.37045799105914112       0.30832181137897102       0.30106125511977644     
  0.76415265210331973       0.65351835034249173       0.47889149866391617       0.63919163173266236       0.67044146688236395       0.64360652005011121       0.27423813159137944       0.59352328730272685       0.94301910688131996       0.46602516161588808       0.73489463427412272       0.71015375023471827       0.64158546866695232     
  0.31608313056262854       0.33354062225259778       0.36813519615876283       0.29639394080880965       0.32587342696910443       0.31459284744806348       0.36608726317975221       0.35016789920432584       0.32761769188521567       0.30779129675518174       0.33677080901154594       0.33515940072523981       0.41442528392996975     
  0.77290633342402237       0.66183841534494026       0.49976064380480861       0.65608551534887749       0.68436957727019188       0.65899531524211974       0.28694750211741316       0.61011194225729148       0.94566561844062202       0.47387193805515299       0.74620118000250080       0.72295467230162769       0.66088549306204647     
  0.32076772222451694       0.28108013162357748       0.35880660380222790       0.35742300888781459       0.37609250958140655       0.29611533533812712       0.33873795927946143       0.33649952073300876       0.33285781194227793       0.32151231964655930       0.30861262344392654       0.27163916026052715       0.35470219126109903     
  0.78209397642828227       0.67070951010782132       0.52084634530086582       0.67390698246375724       0.69762137370414823       0.67468095157144214       0.29990727664958866       0.62691308424565895       0.94815047791795615       0.48185375242988565       0.75771167406297735       0.73544129992380780       0.67916864079954331     
  0.35660318372240157       0.35464042614281582       0.31977996553586607       0.29538377949864941       0.28144027064234445       0.30817245710268604       0.35497365738820041       0.30232478242773242       0.34181480558542671       0.31447785445608267       0.35277677197005014       0.31664039316088927       0.35980521963797507     
  0.79138946615080030       0.67979223465544281       0.54120596476344762       0.69240338656721601       0.71050173219256940       0.69149339519455844       0.31306419622443354       0.64497843314595193       0.95063841139173932       0.49013139314698018       0.76895993444025945       0.74781348848527107       0.69670388321854226     
  0.30849928928054904       0.36731438702843278       0.31072654474119943       0.36740217056941338       0.33783116750553405       0.33275470226355053       0.33946090062753093       0.32074596318261733       0.32233424478270295       0.34605745671293564       0.29493694475583970       0.32783102664126573       0.33741667863845820     
  0.80081955529957605       0.68926384702716303       0.56133837895024807       0.71175828314733314       0.72341167898006697       0.70763254323750890       0.32610401557201002       0.66394764596760603       0.95311453563560944       0.49847422219076004       0.78133333788509240       0.76060907185283333       0.71425961715089425     
  0.37212633854389154       0.30315861379656706       0.31534966066649994       0.33822967134307930       0.30308962491514124       0.29469790072450458       0.34199370449958355       0.34001014195180662       0.30148680151409590       0.37739941474260102       0.31959674205794664       0.27489159266816504       0.40855211800994512     
  0.81044961744059485       0.69993320285138649       0.58127750923118693       0.73202918730498867       0.73569315400030022       0.72343868660937716       0.33904853894519493       0.68122891092209170       0.95550304881937276       0.50665525972510173       0.79364865469477708       0.77265631610815910       0.73176572560259356     
  0.39583504101650524       0.34040167407092015       0.31136015766937353       0.31517451858307199       0.27966416656806153       0.34295559313060459       0.34359632634778903       0.34927745730325854       0.34442534339273556       0.32511070477523196       0.31246912271897687       0.34441967667432066       0.33695367968121664     
  0.82009694306563108       0.71070259891829146       0.60082674903788569       0.75036670191412558       0.74875315032110812       0.73874810483314191       0.35331470867629972       0.69835857087791220       0.95784694224737055       0.51524224532416396       0.80514165637736379       0.78675031470160839       0.74897464017547621     
  0.39229495024240840       0.30869578982151724       0.29030623977292119       0.31415937833765056       0.32516874672166501       0.32770193406549142       0.28098552451255010       0.33164424058586012       0.30542037894611973       0.28763929961303841       0.30170060936568677       0.31062624347246254       0.30869419875950072     
  0.82923762707855531       0.72054478902535801       0.62087142979774612       0.76564282325987865       0.76210132409361331       0.75353894114030628       0.36899560504620926       0.71616118574157295       0.96030411581880226       0.52368911476333191       0.81643736512968323       0.80085052691935843       0.76344819267721631     
  0.35250123526676691       0.33653328137261218       0.35381958730590846       0.29846713295768612       0.31024251051616142       0.29534106567150875       0.27739012035568461       0.32823413358456477       0.38718822671386560       0.30264646843555021       0.30286310394209170       0.34879651873079215       0.29640202007056088     
  0.83890253830834127       0.73070460749319899       0.64146913947781348       0.78138060355388728       0.77546542889894032       0.76884541538738738       0.38535698641631577       0.73407554705497513       0.96263649977895105       0.53207707424912665       0.82801406263907973       0.81410748232584829       0.77832814907794867     
  0.36987673167893725       0.32919196194115330       0.29887408308085162       0.31979612100550076       0.33952077806615083       0.35774675212840695       0.32317060827372829       0.34835949966079011       0.36491408762194888       0.28480686952944545       0.33163399460312304       0.33213368420746181       0.34201119687814846     
  0.84814694382976319       0.74009624938019647       0.66244489424946140       0.79937099634123587       0.79007240853190985       0.78435233620219158       0.40245602157552091       0.75260242974873759       0.96509941935505317       0.54184989399239902       0.83961168455095392       0.82703968478717371       0.79428073215002981     
  0.34846480344382347       0.30154392502123123       0.27149513442419393       0.32385848913308296       0.37008543711870984       0.30206894782195198       0.30736616668448696       0.37530150992259237       0.40538945880098143       0.33341484801867155       0.34629263116969577       0.33640330479829073       0.34494831495913586     
  0.85758838600286169       0.74949330576850814       0.68554668301849586       0.81763550008077257       0.80472667172967116       0.80182538791608704       0.42099984698679815       0.77079821604127252       0.96761224610266527       0.55159939243861078       0.85074448334723174       0.83928429006214145       0.81051728533757028     
  0.35436023468499206       0.32772079258125891       0.33522072968123473       0.29931595823212542       0.34446554197316853       0.30353362716505200       0.32134181939475714       0.44885067274445289       0.37138528026646273       0.33864797581777595       0.31993460613853125       0.28675827799750592       0.34240778944764882     
  0.86680988849895402       0.75982290838873434       0.70819892333367085       0.83403067514766704       0.81975325866391358       0.81871066203008691       0.44139342802753095       0.78871583323959271       0.97008287288506734       0.56172279628201505       0.86148667013964964       0.85108382919987369       0.82636630665877886     
  0.33094301638869283       0.32736108171814515       0.36194200233180979       0.35678621665310606       0.30740963653447850       0.38851391940264879       0.33213190062757186       0.38717731036128977       0.36950470359119436       0.31772793222064927       0.31154983905655270       0.28685454068534244       0.28949148333322278     
  0.87598674238603547       0.77075624836456347       0.73007865940431205       0.85056454721939190       0.83530472501518094       0.83379260466741567       0.46226073762674713       0.80671570143830418       0.97236811127463696       0.57251104531388197       0.87215510637205196       0.86311902573353994       0.84247494203046080     
  0.35903821636384936       0.28527736171108437       0.26989990655703977       0.32342801504065688       0.40112216803038270       0.31822533996694857       0.29822007987951532       0.32967131886762518       0.33096530428781640       0.38030539371463201       0.29459967734790976       0.31630580535793912       0.34059637670197929     
  0.88516441914846733       0.78201103872739985       0.75186414224686660       0.86352954348385969       0.85057598214246877       0.84884169752717165       0.48383283860670628       0.82511032415891716       0.97475637000137738       0.58323294016725102       0.88235838398483968       0.87559424772714567       0.85704921691255842     
  0.35260286362713733       0.26706283193956065       0.34335907904728552       0.31624317852396655       0.35719918689415714       0.32064626706073229       0.35331941850176007       0.29448827806240774       0.42862048289354526       0.31708220679641286       0.30523242728471095       0.40959583228274216       0.33285780193827286     
  0.89437202096836710       0.79341842228618853       0.77384115854338831       0.87721095429660378       0.86475495373129729       0.86370533381151104       0.50809454941172372       0.84369697029055002       0.97682754060192589       0.59589036367697179       0.89265441881228069       0.88847571263691982       0.87151085613049817     
  0.35756149761932998       0.29719532271135274       0.31244981989242682       0.31344108882642036       0.34226256947860106       0.37154272118010756       0.36415045381870653       0.30993473509182068       0.38833902137561355       0.36410363778412597       0.30399116395052950       0.34425798429681742       0.32729238925854659     
  0.90348894010982517       0.80535621329193385       0.79617018158907671       0.89123968946628862       0.87824617528434568       0.87838102250659789       0.53704007434657430       0.86177735903699759       0.97883652233276475       0.60886433147965524       0.90466469938179350       0.90236633305999370       0.88615156061722644     
  0.30971848003040009       0.37957602284717912       0.31077049258215339       0.27727413564680753       0.36420823001967551       0.32105078654311958       0.33514122283688830       0.37761808122846197       0.32576461536223089       0.33191140354362419       0.40063396568919224       0.37270451972591417       0.28714787760890215     
  0.91189105900545819       0.81821527140490202       0.81848198808706740       0.90543414238371456       0.89193883600517943       0.89364229063364442       0.56744736753703862       0.87994613997121496       0.98089214288495263       0.62266770862920184       0.91604614658370365       0.91579713373392502       0.90044247367602026     
  0.40109211704035136       0.33679669511822780       0.36222358615192640       0.30960233834330003       0.41137060349783250       0.30975533068705818       0.32946290741332285       0.33864053028797031       0.36308585479561739       0.33517506689341275       0.37577101735205359       0.36237653860088875       0.29018225732483865     
  0.92069855563909098       0.83194366899751671       0.84191696620894585       0.92004351103256865       0.90574356821893154       0.90921493515747753       0.59964578261488688       0.89807126913220103       0.98297108097770713       0.63610209578355725       0.92794021093195722       0.92896197725482432       0.91429733779831290     
  0.36789558474755718       0.30405947078474899       0.30896228751670868       0.33358763001755104       0.30071897917940316       0.35773935264422058       0.32747205341201630       0.34910054799334272       0.35612924782027305       0.31600802906155223       0.35764921977619885       0.30275512581318870       0.28961601616002219     
  0.92968647963550344       0.85075052337642054       0.86863605271464284       0.93412293479236008       0.91997942648302922       0.92443473734839809       0.63524043888048698       0.91596919067358851       0.98497121706710733       0.65427221355253040       0.93954482979196563       0.94230557807419779       0.92834151748000360     
  0.36210615490701609       0.42991920407721496       0.35729629803276125       0.29238470481339568       0.34184136961285833       0.30072304386170678       0.30920810243177355       0.34508727269248324       0.35186148176671012       0.35734671438604337       0.30825468604505818       0.43129453784496374       0.28128215958849018     
  0.93903514372770935       0.86907552088937734       0.89540636122402206       0.94776530334043774       0.93509809213907880       0.93955149709042352       0.67818133255238988       0.93326276627516735       0.98741129584657250       0.67809791657106799       0.95139694620415727       0.95476169325433347       0.94273994020512641     
  0.38765694585299437       0.37306256772290741       0.29435183272786769       0.30097417354312755       0.33233867385290539       0.33821457138764033       0.28441210071418066       0.37967322014712568       0.44481645256271918       0.40560640261699127       0.40836400246713256       0.34072117185883044       0.31861309185633535     
  0.95214489481088860       0.89285743042640087       0.92217393157593952       0.96129833255483721       0.94916447878856958       0.95552900460034174       0.73072462216544531       0.94977655795027727       0.98974404936266613       0.70305648698484124       0.96356222522255097       0.96660544319276065       0.95731644310343800     
  0.34878230257353038       0.43178202020056267       0.37420603001808955       0.28738677129659307       0.40896510470340708       0.28026676302904202       0.28752136715239573       0.35467938934463389       0.47260747315976953       0.36752095795901180       0.35784263164834118       0.42374481324390262       0.31782466210794663     
  0.96553245496777373       0.91855115898568784       0.94822391506854409       0.97479093133612404       0.96253838420098214       0.97086119806597093       0.79797597656193897       0.96616136024328247       0.99262749061263134       0.74509607891910246       0.97574895326161515       0.97806390570108803       0.97214297454833176     
  0.38580688682379022       0.37920571245527768       0.32904234057685661       0.30084456285228856       0.26729532505017262       0.31581668183397299       0.29006529019296934       0.33166737637408339       0.46147971458259579       0.30873525686966607       0.35168567388905403       0.36545026648936874       0.33593540224236851     
  0.98280755601145608       0.95392578688624741       0.97386048148072124       0.98748422395449564       0.98087944574356856       0.98562981084295265       0.88716705454460709       0.98288098948349412       0.99633043371907271       0.80854781198865033       0.98772431868899913       0.98898713300003926       0.98610139426867327     
  0.35348661135568715       0.32665698385028019       0.34172460820056150       0.28459016987447622       0.34938171778717531       0.34855538029376809       0.29260887649122314       0.28562237406402685       0.38760714974144389       0.36338435481241771       0.34058994699624223       0.28242503770105049       0.29245370105396801     
   1.0000000000000000        1.0000000000000000        1.0000000000000000        1.0000000000000000        1.0000000000000000        1.0000000000000000        1.0000000000000000        1.0000000000000000        1.0000000000000000        1.0000000000000000        1.0000000000000000        1.0000000000000000        1.0000000000000000     
  0.29207170627112000       0.28465528127123074       0.29165114360488970       0.31168759420515374       0.29772241349193096       0.31839748636731147       0.26254174482019232       0.33334662508863339       0.34671399528981212       0.24889778243569327       0.33548966155985732       0.30042193499371500       0.31056777824011700     
   5.9960178807913849        4.5557421664982138        9.9638168629171027        6.5075885974542942        6.7608184031050227        8.3512148733052420        12.859920544169411        8.8503031792854383        0.0000000000000000        6.3911980626574740        10.671627889956898        7.0458870563473148        14.830053886378314     
   5.8955347610845799        5.3376053552116982        12.641623969911009        8.5121576798476006        7.0998348987483872        7.2653677852333214        8.3850081442750817        8.2862224691273685        0.0000000000000000        13.253858762723297        7.7078562352563615        8.8094284123135118        8.2769368695757510     
   7.4154385448665678        7.3673268742765581        8.8541208761866681        13.036683030725909        8.8555500613972828        9.3393468559578281        6.0998773290216093        10.493887262461511        6.4808024841806189        8.7488301938817941        7.4324780823769512        7.9389127036661105        9.5539169292816357     
   13.544840393189618        8.6825214023675059        8.3588546850618570        9.2330272542912653        7.7014824313403851        7.1611242744633588        5.2292531763703112        9.8688833599152481        9.0719043388697944        9.3057201528832127        7.8899826317079471        7.1955191628211628        7.2194034978310961     
   8.0399990833539281        9.1688817612844886        7.7751054849684218        9.4133195222939481        7.1794511561258947        8.8394395991251766        6.5311971778383722        11.503718658544473        8.0231944112137281        7.6807475770669233        8.2522078348531220        10.402241597372083        8.8879091576792231     
   10.696552325745074        8.7623106048616020        6.1921505760519571        8.3874332592736618        12.798836268986792        10.311518865650799        5.4988105856117366        7.6410264181638645        9.7990103308014529        6.4061415302186226        7.3996720279248596        10.730587306803891        11.259273760602049     
   7.4101412449014976        14.135813994199321        6.3763842112363216        10.136741823507199        7.6399421488056758        10.465875613601874        7.4042792141214084        7.1717250834848301        8.6952235143692764        7.5390487815163523        9.4501802057627220        10.513965045393153        8.3593933869838342     
   10.564147063592218        7.3747214903076292        7.6020947761129634        9.4094123415692668        12.996817961520630        11.785887426598647        7.9475245477654060        8.8813295406762798        9.8798704962144335        4.9286766787219163        14.567864178867238        8.2237750616832557        10.081470973322237     
   6.7985384763269101E-009
           1           1           1           1           1           1           1           1           1           1           1           1           1
   1.3878691146305713E-008   1.2677670135460029E-008  -3.4990295552228771E-011   8.0576573781003162        3.3935889598712368E-010   7.4532880735355641E-013
   2.2051827884761327E-010   2.2226628084085365E-010   4.6947172524844754E-011  0.23883892501610182        4.6925417908233304E-011   9.7159522141005110E-014
   5.0000000000000001E-003   9.1238272105646736     
