   0.0000000000000000        0.0000000000000000        0.0000000000000000        0.0000000000000000        0.0000000000000000        0.0000000000000000        0.0000000000000000        0.0000000000000000        0.0000000000000000        0.0000000000000000     
  0.31935905297879430        5.5674553857067467E-003   7.2114179124904334E-003   1.4510114217520914E-002   2.0379024377631248E-002  0.34007437395755874       0.14149399170467439        6.5561790339195389E-002   2.7832480716445011E-002   1.3428224287681751E-002
  0.94415496719859060        1.6133617246882914        1.4842366508025040        1.5278458863202260        1.2880211581129286        1.0119202383652737       0.88092773351963727        1.2764945405441839        1.4094926387822686        1.1555826440044181     
  0.49341850843182983        9.7792749273990995E-003   1.4236977152215058E-002   2.9451046552558178E-002   3.8484882370661777E-002  0.45398342206471942       0.21374040158609686       0.12495591734545633        5.1902702388492039E-002   2.7437097469477978E-002
   2.2511893142445043        1.5617592715028594        1.1177774242905332        1.3153863077949259        1.0904934303351717        1.8763621294550383        1.3907510991031427        1.1301531523806114        1.6486882674191092        1.2204838832862110     
  0.53594503115438985        1.3153345542959502E-002   2.1943838962962127E-002   4.6248120747115810E-002   5.4923128788451174E-002  0.50811283897022708       0.24499704800668740       0.16516310792640515        7.1488489636186855E-002   4.2538372426116147E-002
  0.96530022630024825        1.2450235475275675        1.0639056384230379        1.6216258058965425        1.4170033899356682        1.8313388785858091        1.4129439365405223        1.3361455821550448        1.3543172409762652        1.5199384703959264     
  0.57221591284626350        1.6424981358494545E-002   2.9320303933528441E-002   6.1947863095438767E-002   7.0728315908062306E-002  0.53896968415765667       0.26728809548961868       0.19748516888357151        9.1467008977240194E-002   5.9276445821414489E-002
   1.1765728363953001        1.6802023674515818        1.2406402499936904        1.1364085437557063        1.1397041679171018        1.0645855712507570        1.4596453513463561        1.6145953992810453        1.4487491797256646        1.5527494439636513     
  0.60264050488679854        1.9937401085210419E-002   3.6589173166063971E-002   7.7159950207099787E-002   8.6773999171610786E-002  0.56506910587156844       0.28261088630232867       0.21542148149083698       0.11108002843065405        7.6459411977509537E-002
   1.6287655131063654        1.1117840130328343        1.2814382243708795        1.2631227475589324        1.2501807604333754        1.1082844690691946        1.1936595247444883        1.4477591807868651        1.4806553634946156        1.5810578783228133     
  0.62665880107770100        2.4085315023211068E-002   4.4153833615166331E-002   9.2510427291969746E-002  0.10256096156328769       0.58742467268395404       0.29689296243444324       0.23254723786270939       0.12839556567373780        9.3104858772429383E-002
   1.1195252971603789        1.1488591565986410        1.4333309133858763        1.2461854343311995        1.3742756040939119        1.4268913295584351        1.3082292440132601        1.3680763981701780        1.4989861609510258        1.5891061432087246     
  0.64614927872683736        2.8628402184259029E-002   5.1390912062273551E-002  0.10822410390053519       0.11851323916630288       0.60756337607094046       0.30904344251835941       0.24613138733076409       0.14197060055080285       0.10947355585413344     
   1.1194940155131321        1.5819269913150811        1.1080794844657236        1.3211646948400060        1.2695710292867566        1.3309577267433197        1.4932492865160130        1.1406805461147937        1.1879325341022251        1.2126212121299489     
  0.66367823731973630        3.3749858264882374E-002   5.8490704945005238E-002  0.12282520570848861       0.13565953809769038       0.62757647038841491       0.31985059099216828       0.25938004287908983       0.15550431122124098       0.12597099343759710     
   1.1350636994409369        1.1396155953394185        1.0128941197742130       0.98588530904184857        1.2004442480068043        1.5268577850198448        1.0366353551019973        1.4990186377233210        1.0584113407369047        1.2359514003987750     
  0.68017856335788041        3.8928383724206019E-002   6.5814420347289584E-002  0.13655615851816774       0.15200531083443647       0.64238486320364974       0.32928476618680291       0.27210220722209560       0.16990537106957693       0.14273581127160709     
  0.99943650730886735        1.4008414942693290        1.0765840809990614        1.0457097677409837        1.4355824326179198        1.0132057368741494        1.1249705960442571        1.3167721078817027        1.4715432763125429        1.0076361484942138     
  0.69603659912524629        4.3680307497816248E-002   7.4035968406990546E-002  0.14953834350117934       0.16753408236380127       0.65807451756956536       0.33955011781477640       0.28401186165650866       0.18458628030772092       0.15891508149107578     
  0.99699802644340452        1.3644729681455332        1.6786671311027477        1.1751588832655491        1.2103927472429656        1.4738437758934424        1.2826930945209674        1.2144334762403706        1.1978173069183726        1.4737134725196301     
  0.71049352203314786        4.8622344515437947E-002   8.2442538707188484E-002  0.16331743448255540       0.18189303506979149       0.67097173635790308       0.34984935712539011       0.29574986339567882       0.19907550085928810       0.17177573238322488     
  0.96890534367547199        1.3137085996134368        1.2297239488098504        1.2195011520146684        1.1623911131983973        1.3366098752385422        1.3452012244254907        1.2959106941621246        1.0348932928687518        1.1325368142839136     
  0.72311571475328540        5.3691405408717578E-002   9.1352798445823127E-002  0.17744097878150128       0.19514079640489318       0.68324053537122797       0.35919894409756931       0.30810420051324200       0.21399529595073397       0.18322887914125652     
   1.0332577182185980        1.1379658495294116        1.2374900702533009        1.2148823108959959        1.2096856413437269        1.3206719857110703        1.4022924520967674        1.0859214091346638        1.1272146955332065        1.0404937946483368     
  0.73689084289847762        5.8856296269442727E-002  0.10057762199563321       0.19301066962593966       0.20726322505907732       0.69437099369347355       0.36677060855763521       0.32134895484161857       0.22950391803619460       0.19405608408861144     
   1.1272796368283127        1.3744949357410483        1.3389662248065100        1.4666961888858521        1.2449416158960349        1.1043283831728457        1.0874500509499003        1.6398418573077009        1.0328057682270164       0.97179325917537551     
  0.75057502566027567        6.4313178584409630E-002  0.11004317196710096       0.20783951991246494       0.22111203372580412       0.70492987016814790       0.37396014610595429       0.33451863291185990       0.24758517393335119       0.20505882055758012     
   1.0898693053042392        1.1769469825683918        1.1588930487082183        1.1606276640110211        1.2478281194939331        1.3665168180646858        1.2050866039837034        1.5006062415305306        1.5358026702830281        1.1604620830599361     
  0.76372491527681230        6.9713131039668308E-002  0.11966920692376976       0.22210666300779455       0.23648496776479683       0.71440388509995334       0.38049094573449332       0.34827511757796548       0.26690829444657593       0.21827823554062137     
   1.1418865699493135        1.3141876238742314        1.4330033528632844        1.1702726718310434        1.3355417073363347        1.1933088274436254        1.2748212766560592        1.2866669483602684        1.1842501505013079        1.3053203069286043     
  0.77576448056408143        7.5187289539526372E-002  0.13001506756857695       0.23568844811608744       0.25245738154173075       0.72351754223451248       0.38741480516500382       0.36339768054708971       0.28433373599408096       0.23342655336149448     
   1.5596229715105983        1.4867319214115651        1.2124758513046321        1.3152127307793013        1.3251756268395380        1.1326551923809396       0.97741620830967835        1.4795830288790321        1.2004279773527395        1.2885598061434700     
  0.78730527597332245        8.0960451403685366E-002  0.14040250083107231       0.24848515887362294       0.26821850602673486       0.73188884988244429       0.39449843804928797       0.37806888036802599       0.30161993779715779       0.24961720615113470     
   1.0305915755884931        1.3391658226202192        1.1152362831518265        1.2704949044962019        1.2268330089980803       0.94983653536179224        1.2872309724121711        1.3942946634594215        1.4085009139607727        1.3209011098882517     
  0.79691948353308995        8.6659273892689362E-002  0.15125712337812619       0.26199512094117217       0.28359000913187288       0.74082306893242400       0.40134754873932238       0.39125196148560387       0.31719230996943182       0.26609709758224498     
   1.1096373277801757        1.2323055742468332        1.3605410805429852        1.1617243782039210        1.0840681600977600        1.2659655053981176        1.0761221390433546        1.5963103477369038        1.2045463291898075        1.4750513451925558     
  0.80573408637514798        9.1965092701318737E-002  0.16232887386406439       0.27690458573626670       0.29857320824598438       0.74823493366601679       0.40806183929536033       0.40513206932031282       0.33308371594452868       0.28289293550108269     
   1.1492864850855846        1.1793457124386213        1.1957259011198971        1.3105810753858467        1.2591845895089586        1.1820176945584921        1.3951733971344440        1.0920275904589638        1.4859706288041394        1.1752041472713399     
  0.81507406879798827        9.7638215003620826E-002  0.17299163533845638       0.29242687029674758       0.31475569836649903       0.75575867096366334       0.41485443947470291       0.41805547920694802       0.34984868852871409       0.29981212108741451     
   1.4249399197569019        1.2365546466420356        1.3896160214513320        1.3106649632529945        1.4334093922392059        1.0572889087167174        1.4359488390876465        1.5509826571625180        1.0884943077597993        1.1681019378915845     
  0.82493779716581339       0.10381731420872757       0.18391356052740176       0.30844836386380320       0.33200903488737238       0.76261149914045845       0.42128436875659964       0.43107165231620009       0.36686576975843943       0.31707098349817969     
   1.6642082587201155        1.2472511855184838        1.4442617390870507        1.0752450048900208        1.1589062754869057        1.3948519121984617        1.0408904024758105        1.0736405085458811        1.1907887780121045        1.1425940168847704     
  0.83376987402613456       0.11065638792579087       0.19553348230943249       0.32518867942242091       0.34930145034152160       0.76961168504999156       0.42726990018748162       0.44438601188559435       0.38372618072729225       0.33490797662390209     
   1.0709989540132019        1.4119935920134794        1.2978135957530270        1.1084852160550398        1.3394928404374575        1.2098410800600161        1.1291590890397889        1.0542011057136556        1.2017950183843364        1.1174898251971637     
  0.84236243015525036       0.11790727222035735       0.20885512866352229       0.34203622492299185       0.36653303430889000       0.77700009972262341       0.43285387050668744       0.45745581190037393       0.39974001467927039       0.35174702706371064     
   1.5804349066785672        1.4503992913963979        1.0527154057829182        1.3403916933434028        1.1872670019670017        1.0772128905728280        1.2329697283286261        1.3349496526430380        1.1903151131334395        1.2496885526081165     
  0.84952625524189107       0.12540594559949844       0.22276628999038744       0.35901889041398555       0.38255799608116275       0.78400544588874543       0.43830072987817775       0.47026072147629172       0.41703868235350078       0.36756910697562550     
   1.1622660263782556        1.5267401477530833        1.2383031091140102        1.4619728412748854        1.1996868254222948        1.3591122506172122        1.3277159890821719        1.1566743389819907        1.2502935338623282        1.1289153823911111     
  0.85658971743184398       0.13297005428833286       0.23625873560233099       0.37626050503274472       0.39704172318630321       0.79069374705674511       0.44385038902952983       0.48330141197350540       0.43362366203609093       0.38327771895769802     
   1.3872973163798408        1.1291896309654221        1.2541560569457719        1.2855511485385227        1.0119202383652737        1.2290092920563278        1.3567878754748148        1.1144043102351153        1.2453077492225784        1.0153814380213118     
  0.86213858963551615       0.14065215756266128       0.25044328038443897       0.39213572409453301       0.41155642101612416       0.79680319852806802       0.44954257997724584       0.49656879818058453       0.45128682814201060       0.39833442991487800     
   1.2488676826886260        1.1504264378619349        1.1558981913362034        1.5429092709585448        1.0744567619132070        1.2092170536358666        1.0737698313670245        1.1745352415943751        1.4394177937386412        1.0902729433578182     
  0.86780291729821168       0.14828672444801569       0.26435441715577446       0.40602166116467847       0.42650063020484053       0.80225643594306706       0.45603250413086849       0.51078150642563269       0.46956614070714769       0.41315034416148910     
   1.1868625312122740        1.4311815809419628        1.4399484977116734        1.3213070856962232        1.4249356758255733        1.2630015860636814        1.0535163688792124        1.2362882265820272        1.3336861421857964        1.2431429933190394     
  0.87390918173593735       0.15592552738272433       0.27753633731406308       0.41905204464793178       0.44243059136859830       0.80755953442751416       0.46326146679376301       0.52556968133870496       0.48624233508674197       0.42776078152747654     
   1.1461885752574192        1.3968394469904568        1.1413711818582664        1.2458199482140626        1.0975956253075863        1.1454911337992724        1.0550451464974195        1.1528879719349623        1.5239873049741217        1.1167168962554770     
  0.87982554120262968       0.16391240896556358       0.29184676133647630       0.43370663704075224       0.45985902535958745       0.81293870499212439       0.47048996996680809       0.53902770663983546       0.50157430739808417       0.44282110409641506     
   1.2889627339158969        1.0087565365273801        1.4510371153468891        1.0982908555820086        1.6831915205141967        1.1566763936477313        1.3618654433536677        1.1904729081197616        1.4703521412615304        1.3973398006512119     
  0.88542518013335514       0.17238733319736554       0.30699551620524596       0.45065669749762571       0.47796824554987166       0.81933478450261643       0.47793631738967202       0.55089874379101078       0.51603669513729655       0.45912921872395901     
   1.1848622141706933        1.0543012498533912        1.2694742599888933        1.3260929231393681        1.3611221890711938        1.1995510713736834        1.3062327984853850        1.0174700470220730        1.3352367595941712        1.3171269834724224     
  0.89038524204117697       0.18133054819800351       0.32198400412849792       0.46628521563390385       0.49608219172506196       0.82554277733684722       0.48513969823007136       0.56130558109619966       0.53052703876587315       0.47674801450538501     
   1.1026566421695323        1.2577501801971933        1.1639477923000885       0.99274346790811407        1.4187900115834899        1.1368267153348659        1.2482124229454854        1.0732348466792314        1.0347871979831467        1.4655633988064813     
  0.89519885154840417       0.19048790986498917       0.33622073626460391       0.48123064910810620       0.51320556228321179       0.83141545032261344       0.49117961773799007       0.57266132156240357       0.54445834554904993       0.49429131047781233     
   1.3921404170258922        1.4102548647423443        1.2594714963275404        1.2241196332958422        1.3978698860525782        1.2791111355887728        1.4623300352790383        1.0754488772430286        1.4206394166836309        1.1930351761306845     
  0.89975812889421314       0.19986511864570411       0.34993414127216954       0.49731456600419294       0.53010008788018059       0.83675858541113135       0.49725514339594812       0.58536394014400661       0.55732250390544946       0.51256383221484847     
   1.1372785738625486        1.4628420665267470        1.2525281602477714        1.5835584387801684        1.4226339755255717        1.2462986981581947        1.1575369012038530        1.2686807579068817        1.2481095738404067        1.3740780275370350     
  0.90429340533449620       0.20960500970018914       0.36263911817582462       0.51254557753547536       0.54696576420304988       0.84190879043507527       0.50404098128276409       0.60010754419103340       0.56829431155134946       0.53101660894737546     
   1.3272963601923233        1.2751575902443675        1.1174639562741289        1.0195124247462937        1.0800821622693575        1.1228453699069014        1.6866362223572129        1.0104950144247404        1.0238510713835587        1.7416620813508856     
  0.90894822484944970       0.22027687068648719       0.37598591819617816       0.52719509302027190       0.56346637580410430       0.84709530277676626       0.51102070856489368       0.61609234079984432       0.58026910957113442       0.54873415147006266     
   1.1695800719917606        1.0851985776188955        1.0222176682431054        1.1128715433164309        1.7907071549743738        1.1904285114381656        1.1522153420763457        1.3132327560798152        1.2029526425712560        1.4094923020784940     
  0.91354804673241097       0.23219739397536046       0.38957155067579036       0.54210440320567843       0.57986566818539220       0.85225157195386381       0.51747066226481253       0.63262838676669930       0.59289715999971948       0.56627129013673250     
   1.0717891857949478        1.3298844578851050        1.2671023118220981        1.1686534764589454        1.1981788082166984        1.2833609350077748        1.6285619409568990        1.0674466241154859        1.3793936344196587        1.5106458518464827     
  0.91805248521948768       0.24434685735842310       0.40550260031520780       0.55640519095726571       0.59586653631852549       0.85694376808392192       0.52379328557095062       0.64875292612106694       0.60555883314311609       0.58353031465090277     
   1.4618825101139110        1.3420081522501814        1.3908013390482035        1.1520211589917737        1.2171433627025834        1.1057077080966071        1.3280460140746226        1.2121334950575311        1.0480646890867336        1.2145303848218705     
  0.92228374676444924       0.25674879281218799       0.42220458263478206       0.57147550026046612       0.61241382712533576       0.86131461551561916       0.52983987223386364       0.66515696812877179       0.61771191993892904       0.60045901864531470     
   1.0771895932648836        1.2680847655089751        1.1798465743808322        1.2153208490538847        1.3369784455758527        1.1362020015867911        1.1646130112825432        1.1455247896751721        1.1485093962732249        1.5770600742431324     
  0.92640343736661090       0.26877981242930621       0.43950288254812103       0.58733482348066912       0.62976889804073322       0.86550542121548901       0.53546794811077636       0.68031896414972592       0.62970867797831631       0.61848373353421482     
   1.1743699312370839        1.2497366714206009        1.3567185457716102        1.4059269594603894        1.3620290504992774        1.2911024880870199        1.2936239774391440        1.1640903662595912        1.0259217060860402        1.3418355774820583     
  0.93058033009958463       0.28046033049908775       0.45676683564143916       0.60361835446498069       0.64612073599072384       0.86999608577078358       0.54111904157175794       0.69450451374153221       0.64151449560843088       0.63611416317240566     
   1.3440972408670875        1.2606331840122575        1.3546081812378148        1.2370008364881304        1.1691470954719276        1.3886550047397013        1.2433686138942150        1.0678914186823703        1.0763753059943750        1.0845492576833005     
  0.93460502551149638       0.29305424320060480       0.47322342098498282       0.62071500196026763       0.66059068090939943       0.87479858804767463       0.54719023661536548       0.70614528238850061       0.65415974440481395       0.65385602592386671     
   1.2419843773674575        1.0845492576833005        1.1485793084851983        1.4055684317585673        1.2748627723156785        1.1704746637749939        1.3738268103815265        1.0463923416976488        1.1126236263774556        1.4799369363586452     
  0.93859828905489828       0.30515580899116418       0.48970249257012816       0.63885609963739320       0.67389415743048342       0.87955231747380469       0.55346047903752338       0.71814205618096250       0.66757900417491634       0.67121666310182604     
   1.1346316693078333        1.2356100714174112        1.1294441893766987        1.3586318449094466        1.4349580345879185        1.0902617947393956        1.1955418303863408        1.0729901575451846        1.2661046658786435        1.4508230531718598     
  0.94256459986082686       0.31907206902875296       0.50574931658408917       0.65736161509985291       0.68640830920204510       0.88427140231467138       0.55978119641368640       0.73143703249962388       0.68124013351106794       0.68836305726954927     
   1.0217401781328004        1.2254060327068814        1.1073609131639310        1.1524531516085010        1.0383465883808998        1.2398291908814671        1.3417924324060784        1.2221532189214224        1.1244601097598939        1.4312337632150685     
  0.94614435997806623       0.33295147603216185       0.52296461040406461       0.67619794832249658       0.69877094930471562       0.88923022396247264       0.56618150605823625       0.74605386412600239       0.69531782163633593       0.70501303522234826     
   1.4105670278671911        1.1139275774404296        1.2613995399825180        1.3317680796968481        1.1466886216167347        1.4763533252370924        1.2494922296384456        1.3902444405985164        1.2555453318914498        1.1119954864237047     
  0.94949752716067704       0.34728786723180577       0.54272416329746409       0.69488061505202159       0.70974426922883405       0.89405825516620252       0.57269465930830721       0.76048111275442465       0.70995079910789360       0.72010692393725551     
   1.0820325432088966        1.0754267855463915        1.4348981579405726        1.0957702680273158        1.0285469036874708        1.4264112760020822        1.2779512637954373        1.3347521954224189        1.6024693238988352        1.1757980828803407     
  0.95299809490671605       0.36056656576262258       0.56126047763348752       0.71059423368942565       0.72263637716602203       0.89890501055004290       0.57880954586987188       0.77393469391653258       0.72554635591632444       0.73418142013171861     
   1.2120637530208953        1.1976641323095722        1.3311963503550672        1.4590307965267426        1.1905567151960390        1.1137569837738523        1.2687879628452077        1.0232590763733806        1.1740614311523241        1.2382708218892333     
  0.95634944523673049       0.37409346153848450       0.57870738477724448       0.72679068670104352       0.73698290283611478       0.90356247401700096       0.58420141485897226       0.78777387995214998       0.74239835229487483       0.74652423837406301     
   1.4686873259688953        1.0457138106210400        1.1898196347977181        1.1906627201108648        1.1616493497299751        1.1738896793047140        1.3507373496968773        1.4822081289001920        1.0858985965790149        1.1200398345411331     
  0.95950096913203287       0.38841750635461103       0.59806728094174400       0.74272779982664971       0.75158718425515680       0.90810517834879600       0.58973826204350177       0.80205052236713181       0.75933391848555132       0.75939481201384673     
   1.2831177341319038        1.1059961040911426        1.2852895168048319        1.5831979852985765        1.1623911131983973        1.2736576811767828        1.0273087272591348        1.3783713241485280       0.98923080131785002        1.0590302011662978     
  0.96265354194766017       0.40472543559308205       0.61916308340913473       0.75959379542839689       0.76554472691098319       0.91255886301040534       0.59554136157536020       0.81545721941060800       0.77608446064945202       0.77303670938907587     
   1.3457465090873100        1.2040633417561082        1.1832673561036045        1.0238048295512847        1.6025657031664471        1.1750455797170765        1.1182322823782000        1.2716294000377486        1.2900102698491367        1.2122661010886577     
  0.96537893338550718       0.42354549765672556       0.63928709173980813       0.77806913245325593       0.77924719083523142       0.91700699556177734       0.60249666485113695       0.82864520905099570       0.79244159475901021       0.78862876887575650     
   1.2372090291624485        1.1188435675691919        1.0660700809032218        1.1904595652728276        1.2823003717117836        1.2406927214703101        1.2784049763555245        1.0495857972843787        1.2061116913148495       0.97600014925748202     
  0.96789332418321772       0.44577321303401440       0.65721590440405486       0.79634294262181626       0.79344074368782813       0.92173522357924964       0.61010203615914660       0.84204618313808821       0.80742491803159733       0.80435758424120096     
   1.1268552870859954        1.0750845507936295        1.2748674070566304        1.3383855729909351       0.96429982995186569        1.3806760161201534        1.0073564795402525        1.2487459385938313        1.0978693453477599        1.1630866798601438     
  0.97056949378867952       0.46765878535338845       0.67591461815433673       0.81494415055890679       0.80872126804320488       0.92663918175604443       0.61802434375657245       0.85609171302812426       0.82286151433788690       0.81966709291995432     
   1.5019289268080334        1.3615925867289045        1.1810923140799330        1.1600196416586914        1.0905400461054660        1.2522423584216249        1.4791526818702998        1.2889253377317837        1.3395467096897908        1.1482821480651111     
  0.97322636099703785       0.48882005493194580       0.69594062808467450       0.83236112933065987       0.82378446292329999       0.93154113627031965       0.62582698837159556       0.86961495876101491       0.83828106585504947       0.83484088842684490     
   1.2755601049500622        1.3223239063201124        1.1679613959169279        1.2602441654506555        1.3186014576040654        1.4033875240546085        1.4396662837655254        1.3159631814347841        1.1329823122184874        1.0326891193510330     
  0.97581412891041353       0.51165504291916986       0.71926698868159589       0.84963840440366201       0.83807964924583289       0.93649940123425413       0.63404803387516107       0.88182104828909980       0.85392524791550362       0.85041482630448195     
   1.5196398081379194        1.0486708260985966        1.2664457149047514        1.2847593573801306        1.1278708447676042        1.1432615514421838        1.3694822257916899        1.2443384618737767        1.4133815664159997        1.0064602324818375     
  0.97839925927621296       0.53865187137434711       0.74359021624349753       0.86642017420242423       0.85256093194946414       0.94126493568295111       0.64241252919546188       0.89312553927596894       0.87007957165210514       0.86631781243898742     
   1.5211266722911305        1.1163908833536051        1.4206366447977976        1.4073968637294996        1.1680418009513236        1.3599371993176135        1.2917123399654991        1.2377494402131071        1.1736619085902165        1.3396287894151120     
  0.98093364678182238       0.56396596607227534       0.76724628769606606       0.88310371488294126       0.86744657215232335       0.94588620874863227       0.65194634466556312       0.90379621010062361       0.88737971143490202       0.88215119661904839     
   1.2285540276188693        1.2931432517761594        1.0878168243731239        1.1314901445909995        1.0695607765744182        1.1393930432182695        1.1826276180296049        1.1232200840700473        1.2352252699512809        1.3352367595941712     
  0.98336088452873061       0.58772232399069002       0.79273510672572034       0.89940342653759153       0.88458652953531491       0.95051519449127020       0.66196013204707393       0.91538076687955561       0.90443294611017711       0.89704470431892491     
   1.4909795569339845        1.0845492576833005        1.4842490590825941        1.2886803730558483        1.5320074718010037        1.2652490323054972        1.0439803203592022        1.8709677492000436        1.8492020897237444        1.1310863195507463     
  0.98572238282441027       0.61519310149275774       0.81842525171683689       0.91505622198764358       0.90255332518320097       0.95549035230788826       0.67392481521539049       0.92766565140813084       0.92050431732424587       0.91101266362781741     
   1.0992804587867810        1.0812447958946021        1.2834048957131163        1.1028112149387401        1.3465095548839761        1.3557284532928462        1.1994631355199954        1.1130992574247209        1.4125402003113616        1.1770893592940319     
  0.98801882125542595       0.64882058130792075       0.84521436110320602       0.93039062500391878       0.92126371417750497       0.96097870586432443       0.68648463454718855       0.93955579826348012       0.93466630882588131       0.92599103253549353     
   1.3352057570252662        1.1505599278841978        1.1809803383133659        1.4913862662175383        1.3006973192609910        1.2665078938469931        1.4379499606724004        1.2227914387869596        1.2065769186126301        1.1853918685608151     
  0.99024020319536998       0.69609352517455936       0.87157777392943425       0.94558923504939174       0.94084832117929151       0.96626954813907995       0.70349216286147720       0.95108792237754358       0.94735533859822130       0.94154321555436249     
   1.4004181740066768        1.2704416917834995        1.3475759686768687        1.2904420090132938        1.5141995774540562        1.2648306941426566        1.2867218911916636        1.4674957245986577        1.1130344908157339        1.5194787655458555     
  0.99245324479089392       0.75163926136272396       0.90310243661350276       0.96045842327696840       0.95585865940938985       0.97167233723996815       0.72191982340281013       0.96355434076015223       0.95959321260485386       0.95634748131445280     
   1.3059553517702627        1.2532583873692391        1.5146748586561090        1.0611086412208934        1.1082844690691946        1.4012482735906935        1.5216783115216308        1.2292757416897404        1.1205439825058165        1.2293016718937775     
  0.99477812299768698       0.81710198214724994       0.93458009271391851       0.97445239727613109       0.97107326942839378       0.97732947779997537       0.74143211293430067       0.97670615948193817       0.97195925752659551       0.97066265428456733     
   1.8423420946372076        1.0676910487219509        1.0222992546289780        1.3154587785597971        1.2784352294653223        1.3038291483297950        1.2088502988176602        1.4182817635310856        1.3351036624834369        1.3732764161066131     
  0.99729605590355963       0.89695387078307598       0.96717559160395827       0.98723810664779510       0.98505058959772773       0.98733057294328441       0.84371814966712100       0.98831474704218902       0.98653681840970486       0.98528153915660122     
   1.6000527193838989        1.4909676811483756        1.4204661933588396        1.0270662604173100        1.2081973698775881        1.5146457220683813        1.5203999789342657        1.1060559152414380        1.2037461323071266        1.3861567530726711     
   1.0000000000000000        1.0000000000000000        1.0000000000000000        1.0000000000000000        1.0000000000000000        1.0000000000000000        1.0000000000000000        1.0000000000000000        1.0000000000000000        1.0000000000000000     
   1.3401262989822855        1.1777263061143883        1.4179935014331213        1.4717590769710351        1.1210073953819784        1.2017109298733775       0.88092773351963727        1.4183698854283315        1.1434494408828642        1.1505118561672927     
  -36.675027629320560        11.937388489013244        9.9119968442292699        4.0257933651910989        7.3977546733451485        10.458946012003059        13.098684697297616        8.5217464481246950       -2.5801045974109096        4.4154390191934105     
   7.0669534054359353        4.2723975198954847        6.6639824515913322        13.694882929538922        9.4705175640854709        4.3862097266012343        7.4632007032005454        5.4684846390003115        8.9195160498803290        11.290782099559404     
   7.2061026242954567        4.9285968897664860        10.671058830422426        7.0185472734269503        3.1272142868000627        5.1270219285583174        10.676362867186151        6.4889299135558325        7.8839618453334293        6.6916342715188026     
   6.3451979863073209        4.2024727130128738        7.2884351534099707        9.0486461166749308        9.7746023784346878        4.8629009707181599        9.0599752223246348        4.5567664542465591        5.2222470573926252        8.4545734108148292     
   5.0563586572403754        3.9585676580516438        6.8443706787485636        5.0261517540963947        10.679148648205025        8.1743167522626905        8.1788593277401898        10.612572347502113        6.1653274483438008        9.7960336584268468     
   10.116225414479580        2.1985686811819254        4.8485158154980237        7.1649264536695512        9.6361277287943636        5.7778775334979988        3.4880814542021303        10.286881550808443        11.573932146027529        9.7055411009633410     
   6.2680678515191559        6.6012941953295030        4.4973303527246982        8.4155054899509789        9.2888333037160482        8.7502698842828064        8.2616043723257064        7.4214788462797072        8.8074235441257542        5.5340398721537669     
   8.5410868835546268        36.334239499888938        9.1127421166444158        5.8478391271547867        7.9400632927162702        12.106372724085420        14.901693538949274        4.1194452235941119        7.3320032514476488        6.5254415640632804     
  0.19724852546735364     
           1           1           1           1           1           1           1           1           1           1
  0.28562087717286239       0.15717548714824944        9.9865023896469939E-004   6.9469844493199346        5.7502264746253076E-003   7.0886002789711332E-006
   6.8213917093672607E-003   6.0578389421532958E-003   1.0090971594566031E-003  0.81645346148464348        1.0086910259252838E-003   1.1235090362538709E-006
   5.0000000000000001E-003   9.5861386503431270     
