   0.0000000000000000        0.0000000000000000        0.0000000000000000        0.0000000000000000        0.0000000000000000        0.0000000000000000        0.0000000000000000        0.0000000000000000        0.0000000000000000        0.0000000000000000        0.0000000000000000        0.0000000000000000        0.0000000000000000     
   9.0988717909293221E-002   2.2864997058942526E-002   4.4555418847118900E-003   1.6014562045031558E-002   1.5591402844306941E-002   1.0965402043592993E-002   1.8160104900497520E-002   1.4300828085018114E-002  0.33530630905274889       0.12710887343353885        8.6983161842172349E-002   4.9394255548366635E-002   1.4679364213501151E-002
  0.72646831991355232       0.98381047212948758        1.2346707460053581       0.95845869448635490        1.3253288110679704       0.99904995391041607        1.1380740451291478       0.71327608387930563       0.67518534081057935       0.86473720931481834       0.89122393509564124        1.0816085584588671       0.78972995836432180     
  0.14372828729837442        4.4048015244022659E-002   8.8269647779895960E-003   3.3056681786161800E-002   3.1698112321276922E-002   2.1637600424367336E-002   3.6781762845936108E-002   2.9318061356314588E-002  0.48475180072342255       0.16470686206184396       0.14273555388399176        9.5551738695312874E-002   2.9360377465316209E-002
  0.73899441975160052        1.1869543923801043        1.1123593338779814       0.98123433501646440       0.99037573786247801       0.87219180214679781        1.0099177232405179       0.98218322442512551        1.3262951974064940        1.0467478323995552       0.94774398135808935       0.92873610757526337        1.0099023546123189     
  0.17425620273740466        6.3192615343389769E-002   1.4309346832043839E-002   5.0260904349597735E-002   4.8684194991986680E-002   3.2662553490362511E-002   5.3012719851726370E-002   4.5581607020556004E-002  0.52407121707351156       0.17938573059341603       0.18043574521194439       0.12679289056840409        4.4111463691045141E-002
  0.87941171248992545        1.1798086183568119        1.0146377141937173        1.0808008968884897       0.85409084730430584       0.88976501744303449       0.89783297891537550        1.0070031601681242        1.1861663393318203        1.0643578522402199       0.88020105774570001       0.95973045043465299       0.83879538737182124     
  0.19854283363925043        8.0778439149225015E-002   2.0418678717221896E-002   6.5696968819352927E-002   6.5864512188412147E-002   4.3919682811582803E-002   6.9706788389390331E-002   6.1210178063784502E-002  0.55285114509552324       0.19020388384115797       0.20999824262889455       0.16005823432253174        5.8216620251200793E-002
  0.88678042348030806       0.92607372892054929        1.0211317019464503       0.85456202623113175        1.0315487740312344       0.91687353870888011       0.82497375822999564        1.0216002090417902       0.97753729635627640       0.75272199858066902       0.92103174342991767        1.0263699236320296       0.94068418902251227     
  0.22266788138748628        9.8493801251067603E-002   2.7274290160752487E-002   8.3577111158910769E-002   8.3223749946305686E-002   5.3259161030722840E-002   8.5922106265445303E-002   7.7422077926554062E-002  0.57719356417089596       0.20005038748960230       0.23547949381947852       0.18950220643125043        7.1720853639971313E-002
  0.85822986323651174       0.85304669426139601        1.1527420418574603       0.94799685716632187       0.94458608842887337       0.93065356730223747        1.0607979629291200       0.94970236474040148       0.96558486303752722       0.82039020108005112       0.93846985709141839       0.91198639701920348       0.93423460331971797     
  0.24652871923480044       0.11616183306208608        3.4097348736973461E-002  0.10086793942009303       0.10028559147548585        6.2040072671438184E-002  0.10265970921560909        9.3800869257242653E-002  0.59784595614574343       0.21050536468404235       0.25912027852435210       0.21798038810345746        8.7228205477317688E-002
   1.0024373372507454       0.99917239358772081       0.93104621650077446       0.99329279538774562        1.1047895416434839       0.88858588294660545        1.0033664129464936        1.0228717203034374        1.1258038540892559        1.0736311685729594       0.89499638471115039       0.98088087124032741       0.84106577367205093     
  0.27119318281788801       0.13228880642538926        4.0568987017219400E-002  0.11746380675110071       0.11636319162818588        6.9797422105275453E-002  0.12024392906516869       0.11131048367917415       0.61697322222522122       0.21989464722262406       0.28164366623360315       0.24519277415358132       0.10310345824779230     
  0.78776783998853939       0.86302082621476695       0.98603703115710217        1.0039467214397806       0.98157744835856120       0.88148833342292843       0.96358829669221602       0.94856453921272321       0.92006035789063145        1.0464764239262301       0.98650838862874390        1.1588055311780239       0.90890180127372322     
  0.29636676070355761       0.14752382157189806        4.7074196614680666E-002  0.13475386833916958       0.13189233761078670        7.7346503168053221E-002  0.13705711952544680       0.12780861254984133       0.63346293310166990       0.22764198716680797       0.30512387941540603       0.27006501659469723       0.12017164549288356     
  0.94152142240564818       0.81234433593626509        1.0742865652089588        1.0013256829873698       0.92078259004829321       0.91449947553701438       0.94434085625169695       0.86179926199629231       0.93117296434986729       0.83249057170038310        1.1809717619928028        1.0491421147347018       0.85096826839491979     
  0.32114143213638019       0.16242367228843665        5.4234255023488658E-002  0.15195682401031285       0.14725260622345346        8.5431718303107168E-002  0.15327340685177299       0.14381871211870181       0.64852568576426828       0.23520085512785938       0.32720348465749555       0.29123577973300868       0.13510392610731101     
   1.0341653423325488       0.77058486867647635       0.88670806553684289        1.0931520174705081       0.76171897005396150       0.76466368302875243       0.80163136157476711       0.99563497997068084        1.0348773596031489       0.85427307544524411       0.79136350631372898        1.0058336019042773       0.97291408760054909     
  0.34507166317950272       0.17816587336938960        6.2652460076108474E-002  0.16829806052867580       0.16218307900627255        9.4482352659162133E-002  0.16893287190044998       0.16031007551962645       0.65993869998076049       0.24256953853746208       0.34734244494438499       0.31133677121954578       0.14898900488890326     
  0.90120661374044064       0.83470479639576134        1.0070313749360529        1.0901221828809071       0.81648941148371690       0.85853266301939046       0.83195269813720329       0.81251430199750407       0.93832196372233478        1.0150787765705609        1.0554125752767090        1.0106165214851679       0.92934622636670239     
  0.36946861328773561       0.19397402247062681        7.1974689324079189E-002  0.18460432972861487       0.17624051536439336       0.10476379854111348       0.18457707542352522       0.17488525447652534       0.67111854555807993       0.25000627702029349       0.36536945031708057       0.32871173394134640       0.16318292312790059     
  0.96226196668030484       0.78678193428859922       0.98885737003489838       0.97255951597355517       0.99325106519077133        1.0000079979304819       0.88280543930116151       0.84709455084670238       0.78659725197719510       0.91359275330624645       0.88680512533111511       0.69998640321403272       0.84508779090045449     
  0.39074945841857950       0.20815619650711409        8.1092099395226047E-002  0.20052291769601441       0.18960232788278678       0.11564286052108493       0.20157542268379103       0.18871238974373306       0.68199222659295944       0.25746048688852474       0.38226754554471326       0.34453435225531165       0.17960213717256501     
  0.98273988629619025       0.79517903706263693        1.0466427531495197       0.98261839791905436       0.85871019189697106        1.2402292969034823       0.88644181765940844       0.97104204429787067       0.85552823564417801       0.78403131456383290       0.96045118035542876       0.93150894699493558       0.92233428984225918     
  0.40806638708479032       0.22355008830991716        9.0568860173510221E-002  0.21820893487652770       0.20093333153125520       0.12666878106377666       0.21837365220933683       0.20290007345015712       0.69145000572634696       0.26495002072200163       0.39830947248485365       0.35951215189483654       0.19711805159132237     
  0.79598415054339045       0.88626708729403947       0.86523579308466780       0.83906432622369631       0.83084967348901950        1.0265158645983061        1.0525263780510434        1.0078593385580021       0.71268833591846370       0.92719465162037595       0.85282710736285383       0.99076801230170786        1.0365945095613018     
  0.42493416055152594       0.24001894207756666       0.10100869780355068       0.23860226543274707       0.21176779692177114       0.13787637701015890       0.23461187247307883       0.21822569242964140       0.69986754610795898       0.27237124889836783       0.41502304970874132       0.37678426006434645       0.21287967826085652     
  0.80036514472183762        1.0485626776532129       0.93405012068039972        1.1584119770228014       0.94949602487156737        1.0023603383571102       0.95002187480193190        1.0269955901270531       0.90236529489485418       0.86345993108059715       0.89248211878845962        1.1329374241364576       0.87245823620627494     
  0.44255840860496226       0.25644730052206210       0.11141445811248199       0.25944567250194944       0.22515372484715288       0.14884217902114902       0.25067485281996549       0.23403104840982430       0.70804978654634465       0.27884400852194713       0.43214492717115571       0.39547100544692371       0.22851245681951765     
  0.90584465893424326       0.94601485827753828        1.0715201761167084        1.0075050456654093       0.84138015723354886       0.80398532926201871       0.86805363855355799       0.83717648278132106       0.76286869587322226        1.1773878118808856       0.89294577395879404       0.88601935827707934       0.82208194065033313     
  0.46185307152573768       0.27310826246231951       0.12251685218282862       0.27856242597230357       0.23979430683969555       0.15942256092423912       0.26572365877962495       0.25068215394951782       0.71623087554467724       0.28483662847921987       0.44862226355399326       0.41342902323880426       0.24281738814993736     
  0.98227175955187584       0.90489660684575723       0.98011344978914339       0.98566387034967162       0.86106608078588409       0.82052212739505248       0.86032840578028524       0.86924955735992193       0.92452792881045232       0.85116988338026767       0.94209182052928497       0.91188696574632455       0.86040954177706275     
  0.48134793136086562       0.28860772498823756       0.13384682209243928       0.29591986882863358       0.25551672835030903       0.16926608792191744       0.28174003792070768       0.26777134095665017       0.72500683388286802       0.29082191202989466       0.46549973518334098       0.43011447446887008       0.25643284738071459     
  0.85996570993498012        1.1297917633537908       0.93960583721261326       0.85025336604208790        1.3331139595113626        1.0129423406193010       0.79813350086935564        1.1164558044158144       0.86740105431104408       0.89603738453017301       0.91026943350603562        1.3142025561443551       0.81172427182274187     
  0.50040042148832475       0.30399426873163271       0.14557903562423355       0.31275627826715680       0.27195561078477881       0.17944655574862153       0.29536654789262112       0.28295239864867872       0.73401679179622903       0.29713554708384210       0.48219167839490334       0.44464551471559166       0.27047752894427063     
  0.90641159835955443       0.81441847093373432        1.1060484434339153       0.84465632957184755        1.0034170733818650       0.88073783356125124       0.92875211852441686       0.88062644187717187       0.91172058220776631       0.95490904416426048       0.96777043965537346       0.98448282831488143       0.82539037892566947     
  0.51820447247605539       0.31958344082871520       0.15699475008492225       0.32977274600471046       0.28802786936377417       0.19037571077652582       0.30877329818101595       0.29924746557578408       0.74294959910534153       0.30350229068195123       0.49773437691874778       0.45918638213188573       0.28455668012960206     
  0.92795312629107773       0.89427851062249353       0.98736599062609598       0.86643515699571116       0.94451578049389062       0.76917420180125107       0.91567541676064912       0.86497505476385950        1.2004243242033978       0.95176316575837205        1.0453516323332483       0.95633259188942221        1.0819742083840422     
  0.53450060351253281       0.33680201399493415       0.16865895913737522       0.34752580644448511       0.30507083482030284       0.20150424760637350       0.32131654832685091       0.31734174784153169       0.75179563042328690       0.30926229709794306       0.51295562737418288       0.47381120380030223       0.29970500858999571     
  0.98689483712815229       0.98573069318969830       0.96067691575231096       0.98499490307269866       0.91362299311424044       0.82429059373380820       0.87485320313492920        1.0992471004210216       0.81652020586869545       0.77003565996446721       0.91806637364643018       0.77032322318383806        1.0071778909841609     
  0.55047797746100247       0.35536958889716636       0.18072914857901096       0.36524744542238435       0.32188469803789627       0.21270095004709047       0.33357828770059783       0.33466829511923407       0.76049851203427754       0.31516375119850021       0.52767377392175197       0.48913002947845874       0.31536263601469777     
  0.85156523827640829        1.0380645343022692        1.0992338289081620       0.94942495825015716       0.89685442967718521        1.0317180437601321       0.80114634874606760       0.95457190512222545       0.93348051926349385       0.93644028060375195       0.89048709640479518        1.0223269007467524       0.80391548497591170     
  0.56619153542534462       0.37403495949737964       0.19339231126272666       0.38255918445075404       0.33868813278908244       0.22416227811302966       0.34734338651713431       0.35231143641477641       0.76898355530828721       0.32135989337162479       0.54186522725320518       0.50376407300672099       0.33027066487985773     
   1.0552724545432959       0.98374836170889068       0.93441186942516841        1.0284614078653205       0.87444295616508227       0.86082911158520325       0.83718442029227613       0.78844383498676518       0.83820111662271202       0.83708922747762016        1.0915853558255739        1.0832937473619655       0.98758280082997252     
  0.58077099287603573       0.39230675358512757       0.20684531492581915       0.39893705048788902       0.35484092051275246       0.23493892352130102       0.36138932346248970       0.36920889535903922       0.77708888377328811       0.32780847404224506       0.55544571545268295       0.51711813133487672       0.34594464711698569     
  0.94482209386379212       0.92390728530988586       0.77979409055485460        1.0028327096435710        1.0213553711925278       0.83440483281903133       0.82034100938424848       0.81906915799654512        1.0726366610291205        1.0033340176053589       0.95282902623277732       0.79419194380588465       0.79648612127477303     
  0.59445406205221329       0.40990053296140466       0.22061657298770682       0.41506288491384458       0.37054163421965458       0.24522794613431956       0.37637568023744172       0.38591635439937721       0.78502004417288640       0.33458574194309337       0.56876329710145734       0.52947068005578479       0.36160357244107594     
  0.82349881694559390       0.83708403622677530       0.91820708542899354       0.80872918535516880       0.82571746559998316       0.87517070493074689       0.93564504213840016        1.1078441044035769        1.0385495666944118       0.79275022015759111       0.92002926830118770       0.95967841294660339       0.87651492707557432     
  0.60791853597141099       0.42719142544427730       0.23326234219430467       0.43116731635438865       0.38769969666622467       0.25525095332344899       0.39176670498249744       0.40246679034162713       0.79278901931144463       0.34113807328249585       0.58165925746081593       0.54375675086435504       0.37689697500990194     
  0.95798801464542727       0.95431310826162929       0.87000112466465918       0.88801444765419291        1.0396779894365786       0.89434011286660808        1.0087663562328848       0.98984835034612373       0.86254070434991004        1.1676347606206610       0.79444042238683799       0.89235060758781104       0.83150572805586975     
  0.62176755055768307       0.44405694295808040       0.24583583978450449       0.44715985401144093       0.40559821943159347       0.26543358527979227       0.40645952595019252       0.41949313474257377       0.79998652450135599       0.34643568770650607       0.59448479922650543       0.55803546933438231       0.39342806132917107     
  0.82012008767868116       0.93321341100434274       0.96221631289514475        1.0777452320406888        1.2014062400094379       0.96738825592224098        1.0407066417779434       0.99922803382276770        1.0092809083727228       0.94033990271605994        1.0878977254231357       0.91355177663961318       0.87931927542857269     
  0.63610375457837109       0.45918691187792160       0.25878250868908204       0.46361254512830369       0.42199510464959145       0.27610976606788135       0.41990792343829836       0.43626017432715192       0.80668155877394010       0.35182864726216861       0.60669500283101541       0.57131993239849121       0.41002507732089943     
   1.1183199761292297       0.84021010224022497       0.92322868595610219       0.85115724580331431       0.91250646643567546       0.80965919308051704       0.88636203700213401       0.89360180467758721       0.85198911202184979       0.95165942089851807       0.98694776022945918       0.99070143226985152       0.90378066593369000     
  0.64955290444870328       0.47280509373652929       0.27140004169894155       0.47888866308367539       0.43822781208387135       0.28691646258769177       0.43198139057031637       0.45191850582945781       0.81302948175436840       0.35696021033956626       0.61804432817437882       0.58532147932441214       0.42715988130343230     
   1.0244818250194687       0.86582683738879451       0.80631892283523887       0.79085891851927881        1.0807111580096820       0.99560853815825023       0.89340995647586630       0.93026550890089732       0.94343994740536685       0.89930627113914796       0.89503285186731185        1.3970799644792968       0.98647365343613957     
  0.66229777692970493       0.48667728024803741       0.28459884322596896       0.49304614127631069       0.45592470676184943       0.29793771160248850       0.44490549410912261       0.46656950941546727       0.81976271060597761       0.36263601560875292       0.63001474395095736       0.59900679370538434       0.44472707144965917     
  0.81197398709341873       0.92835103009116504       0.76996143126054639       0.93014305156302901       0.89547867177160911       0.89493838213428556       0.70479196955938328       0.81907042622435711       0.81751604532724398       0.88967814459793615        1.0255026025641305       0.84866389422422206       0.95289955396726544     
  0.67460738890836736       0.50138541670209369       0.29835295453679839       0.50781483044382980       0.47194505923171498       0.30888688119693758       0.45883725823197757       0.48112855111415792       0.82657077857815175       0.36907126435852694       0.64250189539157776       0.61188858999168161       0.46156071652763786     
  0.86702037856562242       0.89290261198027365       0.82578158584522643       0.98683925933696925       0.94445946649010315        1.1455260610231652        1.1526545734422422       0.87408601337890568        1.0077409637809933        1.0231022271001540       0.92835583912830133       0.88598635175477003        1.2355613356065158     
  0.68620067223732573       0.51740114270470228       0.31317922473574350       0.52404504082382419       0.48704772626067921       0.31902052334779546       0.47403436138649691       0.49546964974463020       0.83357304933671017       0.37543306338282745       0.65481371161812951       0.62297516158032940       0.47521179512599970     
  0.90519253628417984        1.0422060677290523       0.80524906963190435        1.0484628174567316       0.83317617521655174        1.0189365378445272       0.92368938623921137       0.88730572471974400        1.1837601292537412        1.0374595426527133       0.95408308718975054       0.94172666789965598       0.82441918369188805     
  0.69738367962990366       0.53401903241159410       0.32852784290762188       0.54108391353037388       0.50209079069423157       0.32937427373814376       0.48878219950820662       0.51236055311389850       0.84068123198726286       0.38150629893741067       0.66727547875762805       0.63467462560846677       0.48878727977550818     
  0.78883883925959009       0.82687197900360543       0.97542078021020739       0.95827569552710257       0.96425704250695143       0.81915829705737564       0.94555025922948066       0.87325459571447384       0.99506510538490089        1.0006577883221883       0.87356609122168105       0.94670714670031386       0.81264701469244671     
  0.70891614695920013       0.54900515729509125       0.34386157319378080       0.55680716279745934       0.51869787546142887       0.34019031539541433       0.50346252065243402       0.52963962907720619       0.84698946659251351       0.38737848488142590       0.68007812084208097       0.64609861995550943       0.50229232814818181     
  0.82983838612841621       0.99004177045943276       0.85198847375150200       0.93068180211763218       0.95772313573670664       0.77099649378768931       0.82834649216836198        1.0764056745189114       0.88971155841179717        1.0117094487479918       0.80176850003176281       0.83790907603090881       0.87302768157572386     
  0.72042017296785599       0.56457977279062144       0.35988176857324761       0.57177592013963185       0.53536517268329931       0.35209200824646869       0.51823463473705511       0.54465171111836375       0.85305094055087061       0.39342897608536487       0.69281534405675027       0.65842019236602900       0.51797131387462059     
  0.87795245682499023       0.95370050082740465       0.72391597169942923       0.86487689754682828        1.0850993991417255       0.73553217274993854       0.92226404983739141       0.99369763879724460        1.0849649796970182       0.92675591732389428        1.0039432289872330        1.0953952624116949       0.80410066867954710     
  0.73238541407075841       0.58083800516383344       0.37662427100309753       0.58727780783197137       0.55205578095403940       0.36492244160462878       0.53402566002958762       0.55823973863185461       0.85886672393053620       0.39999077680668504       0.70525198999243854       0.67137511227303914       0.53567972986136325     
  0.82197340924934315       0.85454522560946644       0.91791710120588965       0.84928584804151830       0.96690704216369572       0.83973778325504023        1.0071513374100207       0.86474739942768808       0.93164807949255923       0.95707469032203840        1.0688209757343416       0.98312729716234559        1.1370327384825138     
  0.74402039601015157       0.59613155873697077       0.39396473691445288       0.60277398606019306       0.56780332924292809       0.37904935465530032       0.55041128653284976       0.57056503016116078       0.86430547551393722       0.40701662774062458       0.71736931942917914       0.68464711242371334       0.55249148765180855     
  0.85787385461506527       0.94601851972143258       0.76469053449115720       0.79051300972959770       0.91242314572875360       0.84961362018597852       0.88789672622514071       0.88296567047941510       0.79180438798639130       0.93179788615812698        1.1025262218511438        1.0214181417213299       0.90999133290787160     
  0.75553358113575053       0.61135398946786246       0.41187312750580796       0.61534929864506849       0.58325650842962640       0.39420232587265719       0.56731378603112337       0.58359044546428573       0.86953681507479219       0.41381669127918475       0.72891458175482049       0.69801057368135988       0.56923753525530874     
   1.0526826509273068        1.0283031342940072        1.0202169278066300       0.92267816041260542       0.97372167746977534       0.86127044816154885       0.93862659075769539       0.81375099483516111        1.0182213944397773       0.86999641130440575        1.0169035943679294        1.0994371988471303        1.1153471761761971     
  0.76631044165701134       0.62678479294196543       0.43024621662835816       0.62739472391434215       0.59892291203544390       0.40878597597640903       0.58446368439940155       0.59870315019906362       0.87415660390409522       0.42019942616361095       0.73974961828930708       0.71159357583159499       0.58608104024656538     
  0.86591919277866525       0.95523825422844166       0.83591196036544013       0.87560180693344303       0.94756251398399538       0.94880226358121267       0.86605553412406711       0.94866761482107076       0.84731201942007583        1.0911789019836899        1.0488325878452309       0.99732137904128770       0.88804060734535184     
  0.77784134234688307       0.64132527591847210       0.44872265137009304       0.63992240275402645       0.61599252728403209       0.42233521136632041       0.60142195232528883       0.61527085941402937       0.87881994531604213       0.42696400447077837       0.75004717441507129       0.72495628428629943       0.60141154358100524     
  0.89463859907031595       0.90034658675019452       0.98944312424727521       0.74121038737493816       0.78611231387092817        1.0541560646615800       0.83355179206916152       0.88683783200965394       0.80756336343553070       0.86958870061117965       0.86742903088119538       0.99190465990711862       0.93707039057392427     
  0.78854515523201185       0.65675120467314230       0.46556430436932111       0.65371137015327330       0.63530419529603577       0.43564730217536185       0.61858850148294242       0.63213708980860295       0.88379392187525685       0.43411255798104303       0.75892270366232817       0.73657672977527378       0.61688789340256944     
  0.80335208435781280       0.86747431956322840       0.92262831075985940        1.0296637162482745        1.0014524671533929       0.91648534963743711       0.95895008669509807       0.86466612613153226       0.86433970508537461       0.86016290348939695       0.94030957722302566       0.88397916997217785       0.83562409836268836     
  0.79894220569450825       0.67230216015227395       0.48207594917609459       0.66967002740803516       0.65469871104376209       0.44971232074783635       0.63608182850737582       0.64936051772896519       0.88877148578036058       0.44195855130339928       0.76635755400367833       0.74686594066174861       0.63157500483229501     
  0.86851518446262788       0.89143254377625536        1.0021312414776504       0.86684521647718116       0.98912698886602179        1.0208588343789486        1.0251624886363804        1.0013745765925401        1.0270255949976665       0.94314211264391568       0.79301729177714553       0.78336987892627929       0.98192001826939168     
  0.80958398175433655       0.68857736232241684       0.49946709059147903       0.68573349372685377       0.67224010424948655       0.46508561973752782       0.65185404274777969       0.66698441991184421       0.89340975178559734       0.45049805623958755       0.77392987362598220       0.75677148601121935       0.64704004963651407     
  0.88352141602887357       0.95668858076911201       0.87175912237883102       0.87385879721489823        1.0926823228271720       0.99598044664000129       0.98568012915032954       0.94192902374175758       0.85794121069403195       0.96846491650819855       0.81736438749955898       0.90220260049055256       0.91225483516008210     
  0.81916959710783688       0.70498723079285452       0.51804602429169777       0.70150345666563740       0.68845066798278420       0.48017410491147977       0.66674447056878183       0.68378665743732348       0.89785333795511102       0.45901807300432279       0.78149810655157503       0.76634454933182916       0.66436257047288960     
  0.79044596911659448       0.80152407670300974       0.96006785511713122       0.92118091574940864       0.81401592582483118        1.0376966643024059        1.0293650064418249        1.1109926694963181       0.94796769296617345       0.89287673040220350       0.80328965428219967       0.85998887036917471       0.99396734240839257     
  0.82850914978745571       0.72210006203252786       0.53661447642719318       0.71745956693146307       0.70389987106233287       0.49618595196982646       0.68200632030646857       0.69974421118701091       0.90232949129746265       0.46770072676758717       0.78914929808899836       0.77594793350633118       0.68220402246895762     
  0.87993290763467880       0.83912987645801707       0.87392043840409084       0.85157644071323979       0.87131211046330914        1.0848208498590031       0.90635396176593952       0.95067101930989073       0.76859906012272339       0.92610132284820679       0.84831710288662032       0.91281943313255298        1.0549875944125946     
  0.83772877262853107       0.74021164390673533       0.55547955621332545       0.73322562705623751       0.71842854364893316       0.51467374287684797       0.69902122760847096       0.71498587900720467       0.90709003458639459       0.47666891619934176       0.79737165139752020       0.78613955569391925       0.69787129187505637     
  0.88218169546658165       0.96186025656205010       0.87278063364495884       0.74193337495483880       0.84437762384686754       0.93847553798835115        1.0407695853586769       0.86115320878519142       0.74582623317393026       0.93698674570891038       0.79359294064212749       0.88540917302043942        1.0056029035270546     
  0.84790874316128706       0.75456731931623156       0.57478511689678657       0.74870430719189984       0.73363046634713747       0.53399513674354826       0.71692389117830546       0.73011834401723508       0.91218628945935343       0.48584400600183525       0.80586835664599199       0.79752033539584688       0.71267521701968117     
  0.89397065113010343       0.98525358501713278       0.88866127542483098       0.84034094812640781       0.94031783940850555       0.98006768452087245        1.1060747404951980       0.94848822222787399        1.1439635424622210        1.0348428550162687       0.81795695656103251       0.85494297167058619       0.88483711111512919     
  0.85875144705287598       0.76734684083247950       0.59471678321489507       0.76343596085852727       0.74886910491284997       0.55360607030270748       0.73421684561761558       0.74563355459695091       0.91718795122404162       0.49489855110540965       0.81488812427446633       0.80964549023397048       0.72983768291756401     
   1.0670998437666723       0.71051715599632348       0.84733709376425392       0.84230398436061338        1.1373999113595779        1.1924880450059703        1.1499542244855843        1.0490983988244023        1.1154869812314441       0.84648717358111725       0.94402504082317962       0.79034532980093786       0.91065910938962169     
  0.86946562312324249       0.77987287619441081       0.61357794899818352       0.77778296375895584       0.76466317797917682       0.57421261022284920       0.75079327489325975       0.76105574722243874       0.92190877741862487       0.50386166637570273       0.82424122381761988       0.82040922098970948       0.74799925500739961     
  0.99253126424736193       0.88381632719186498       0.89703762071991544       0.97073948303016078       0.90130680728557555        1.0187224011263312       0.82062309316124815       0.93537738049389041        1.0557293303267277       0.89895619766681278       0.88068410418827592       0.81208780968721983        1.0869410009183691     
  0.88044534527805229       0.79235370668036686       0.63279660466686116       0.79233986292723668       0.78092878383732200       0.59504280276589705       0.76688156062475388       0.77669681162692028       0.92619204919615561       0.51232644600273480       0.83375837550961229       0.83138409601193841       0.76404507627771623     
  0.83393731203247579       0.92282103957423356        1.0081855420091674        1.0253700678324231       0.87368000131468060        1.0273490362415283       0.92145340445773039       0.76485024754822328       0.89210028096813343       0.97054423450825622       0.86600717615129041       0.69414360937525799       0.91363405887513960     
  0.89124835308140982       0.80964395630143882       0.65275276455604714       0.80794957151412250       0.79648128175988242       0.61582649185263638       0.78298005550281091       0.79290801399394961       0.93030523535779552       0.51984804386024053       0.84316392334989643       0.84249563721015797       0.78007538693158029     
  0.86677102136896433       0.91698205411386469       0.86959558281115035       0.97731093320215945       0.86899729188344654       0.96566867701702241       0.95020692758925063       0.88537287053621949       0.83658904131466272       0.79336848136202109        1.1298252849409407        1.0058422876922419       0.80949449207972457     
  0.90123417238445147       0.82616517146773794       0.67367509679400395       0.82254360818497663       0.81208531062207168       0.63704886087147150       0.79901826591142999       0.80882494272416450       0.93436916979300688       0.52727818642742963       0.85225534963865401       0.85389692693866381       0.79756450189065253     
   1.0201770754803390       0.90865433592641498       0.86561115155048296       0.91829264826060386       0.73879528789266313        1.0031481291646642        1.0251550233009492       0.81833847572496954       0.88295582307583098       0.76431783047904256       0.84242597292772092       0.89789833263853203       0.91150273077996991     
  0.91049432835637967       0.84189877277367875       0.69577338185469062       0.83706685782424273       0.82820030879207740       0.65870178253024492       0.81488031134513472       0.82468252384830654       0.93854574280085024       0.53549691063188076       0.86124753987887892       0.86607378690805314       0.81534668631960483     
   1.0478888014751442        1.0717425397843638       0.84410047807491129       0.86085351543308097       0.92133521030835719        1.0580220764487007       0.87740832649443445       0.88534875264379842       0.81196881575957280       0.80074955339878828       0.87493455608480319       0.98927297208896781        1.0539339574415092     
  0.91906078113086154       0.85732708497332688       0.71727379921956347       0.85112737447477949       0.84359238073812493       0.68044007005905305       0.82964118435162160       0.84054707378700888       0.94311190329507455       0.54428963007454989       0.87038884651794668       0.87745051828142950       0.83220877777925140     
  0.99082668758260573        1.0510698642889202       0.89480140189502322       0.77821708004628687       0.91781976784171226        1.0513320282427883       0.88718002021843734        1.0761865712495422       0.97910740603062207       0.74109733682282353       0.93764163819994562       0.86891642952965553       0.90507836811126707     
  0.92731759614249432       0.87207677074208789       0.73882572867108753       0.86590549158693653       0.85774904497081883       0.70136089441574512       0.84449020057167534       0.85591327141054796       0.94776602171733948       0.55356053689741269       0.87963710945276152       0.88777043229825980       0.84765399041803224     
   1.1340123148550545       0.88072466788091253        1.0508452252886722       0.89611597868635062       0.79903756732792153        1.0755674043583543       0.93264801338964509       0.94554066081085519       0.96580544096378118       0.77042371619987760       0.82133137409125945       0.73161213271335823        1.0558742490170390     
  0.93575848410813034       0.88669453126000097       0.75901677611365004       0.88110760158692858       0.87175773431982662       0.72396667365724576       0.85941730777147796       0.87171660369655746       0.95213171801441443       0.56388360441485941       0.88874996062126455       0.89781822114409371       0.86274465333941652     
  0.99171846432648980       0.87710347426569768       0.88393851425381498       0.96449377798791336       0.82373880491623208       0.76726656144097372       0.83277450441129686       0.89785223849534568        1.0578416433940403       0.91883747648241898       0.94839185828499872       0.87742655194253005        1.0233969318975644     
  0.94380899083938674       0.90151850937863154       0.77821603421110763       0.89697886264958093       0.88744280457031888       0.74737522689480729       0.87534677767590563       0.88617057333417038       0.95673757826566741       0.57479151733696288       0.89822169145419894       0.90786812047565901       0.87756510426462786     
  0.91679737253177485       0.87893986076794006       0.98152104739355861       0.83406006209318495       0.88900141192281812       0.86784061905315180       0.95653411809764421        1.0858385778974540       0.92490432817217871       0.86510292834782831       0.97834814973514395       0.83421159297827252       0.84707226404535185     
  0.95234290050417736       0.91577630615534067       0.80259392856274259       0.91166578518817210       0.90310891880682398       0.77054750858324439       0.89168619715789632       0.89912740430597982       0.96110665396193207       0.58875783196082854       0.90871602523460293       0.91864482214764132       0.89328554727110399     
  0.97633389296866280        1.0926892511761543       0.87119551547578145        1.0506184153391327       0.82817379689688353       0.80736916607282305       0.89473858349453150       0.82221692703517013       0.84677963569713643       0.93693642996395665        1.1883953551764481       0.77824242981328273       0.90464263981412774     
  0.96148796476021581       0.92884281837952476       0.82544812394259226       0.92715479813116863       0.91554948912294154       0.79334724321246475       0.90798551072795231       0.91167398728900584       0.96522021051613249       0.60353040300618777       0.91874095143533430       0.92917144660181217       0.90882006903628931     
   1.3313055366339823        1.0186924685624481       0.85267524114131454       0.99654624393566749       0.83258426616404613       0.81692984089925780       0.95206630305487427       0.87131471671259209       0.90091699042280848       0.95580484274608923       0.73846461870414470       0.81501599564448701       0.77567329594872114     
  0.97014882174861494       0.94145170230515329       0.84966896080229770       0.93764560712960077       0.92954893841911801       0.81743814815124349       0.92550139902592143       0.92468616052752461       0.96967917822459071       0.61998539200765679       0.92974821884473757       0.94122399441179627       0.92510657405103069     
   1.0542481552564194       0.94899608879496511       0.81623360647978083       0.81630004080299245       0.94697712676932422       0.74013803789851995       0.90709628956296939       0.81999235101471446       0.80810176106863207       0.85421466371031163       0.89937139442646286       0.87058150185061167        1.1082389053255002     
  0.97798222116567401       0.95371670326989844       0.87180527665039587       0.94785312342293682       0.94379887068274992       0.84657567443500759       0.94236817447782095       0.93815896977310387       0.97401552527252055       0.63674630909581431       0.94026826094605798       0.95310020719829136       0.94138020012277801     
   1.0311203719004558       0.77870565362838329       0.82725690912190342       0.79819695549018521       0.83496496319209634       0.88676181149276601       0.87417654674737844       0.99938829315258915       0.92953026679251038        1.0073387372761222       0.76809706682000956       0.91458887926685351       0.97706477857841001     
  0.98590986676003523       0.96685176472398771       0.89723815455338984       0.95934621456627900       0.96003314962679198       0.88062980712477834       0.95770102053002581       0.95257592523631007       0.97894943422192848       0.66476150852870741       0.95375312614309760       0.96483943225050173       0.95636271965338226     
   1.1819939777454718       0.75951367938987635       0.78638556907772050       0.82002850674292505       0.89892292382485273        1.0175359480355366       0.94095720080712397       0.96538714750513821       0.98491262220715892        1.2645293444593659       0.97625939508135617       0.98667730825938615       0.95050933175518981     
  0.99068911943237747       0.97950516539748411       0.93091168731095175       0.97212308912212220       0.97510311872844024       0.91753057919907188       0.97146923645601990       0.96724897191389791       0.98385835856005077       0.69960843598048483       0.96784768105965469       0.97709305172598604       0.97147921066836473     
   1.1808462037320917        1.0018125247980805        1.0275955656396152       0.89471915345817166       0.83029145200815480       0.99570802916105472       0.85082873313991814       0.90979588266707423       0.93828075443860426        1.1473646778172646       0.78724859555326732       0.77123826100580695       0.99998902226452657     
  0.99545533131208630       0.98995587374528171       0.96583439689726991       0.98646134768088911       0.98781688408742341       0.95845792522851769       0.98531356911359602       0.98195352609227171       0.99064927404781600       0.80795008744567609       0.98419616405764165       0.98864611172625771       0.98434311861858270     
  0.79635579545485635       0.98114258528999099       0.98946224228108648        1.0949004872276251       0.80231644904756316       0.97394043205887082       0.94957006203719785       0.79235586883670150       0.94389980783219951        1.3615416624864236        1.1495774345340546       0.80571369804535464       0.96486544583750256     
   1.0000000000000000        1.0000000000000000        1.0000000000000000        1.0000000000000000        1.0000000000000000        1.0000000000000000        1.0000000000000000        1.0000000000000000        1.0000000000000000        1.0000000000000000        1.0000000000000000        1.0000000000000000        1.0000000000000000     
   1.1737367755798851        1.2599670182872311       0.75307547672021846        1.0271523241140792       0.82725709073076881       0.82974727520297042       0.93728067432078599        1.0263063162766701       0.73118435513605251       0.63457507560976689       0.91011043619173115       0.78335589934321970       0.95965379862579048     
   4.1835277055387277        7.7138588089348623        14.897179556848027        10.221054346902784        8.6935763055304403        5.7427200647741623        9.6785882119339828        7.8845980675005345        0.0000000000000000        6.6514732914041206        7.2682781035388073        9.2981073656242312        8.4318732930033384     
   5.6723720596860288        7.1506782230454897        6.1577811029787215        7.4449555452400435        7.9655361758338836        7.9906248718145427        7.5643886434279359        9.9955587540765585        8.7495658649046657        7.6161372141366961        9.4122194617968180        8.1798042964797908        8.8782955695776788     
   7.0759329358364260        10.580675623696891        6.8770767193349771        7.1763527545674153        8.6854392211250904        10.493327602938537        10.684953632170915        12.217645335920526        10.959422103092313        8.9007243728227028        6.7222029791114251        7.6793645657370675        9.0851434415968910     
   7.5832549964771943        8.9761725566656203        6.8650288653957681        6.4736772226442056        8.8602052835297123        7.9643940599990950        8.5684970624811392        8.5909839684880449        9.9894220806228411        8.6724704353101973        8.0437406063343868        8.1126472307445479        8.6997108580787774     
   7.9849358412561529        8.0553274391515011        6.8509719739905792        9.0575381546543223        8.0669894176097650        9.5772915954027251        8.6884025640822582        6.2181080316382511        10.846102124655765        9.8420918055181730        7.9723679444753746        10.781570830643771        7.8144740058489939     
   10.736335995874626        7.6342087278400887        8.0323983504504533        8.2971065468536995        8.7920592968891569        10.331561799138221        8.3195727765570542        10.519949558414245        11.010280087198913        7.9391315241363980        9.7814189899238375        8.1652269827075461        8.8889638864433280     
   9.1680402007979520        9.7413489335014383        9.1427228828313805        10.065542463464860        10.745491868898563        11.499701783240800        9.1410873799319088        7.3783944727887150        9.9541536548843510        9.0914797566339853        9.6121754284786167        10.391415454481161        10.219875891058976     
   11.084094419121771        10.268514164802681        10.656142716729672        9.8244576465243600        7.4214661163942264        10.235622623604256        6.3790946495482812        6.5937491545573899        4.6734365856765638        5.5543769584960057        9.3709711104475453        6.5120297485495993        7.1879874417581995     
   8.5321264105501504E-003
           1           1           1           1           1           1           1           1           1           1           1           1           1
   2.2815047554349266E-003   2.1043288869346346E-003   2.1802176856315139E-006   8.1613467913225204        4.8187616011099435E-005   7.7452528261252047E-008
   2.3085215628147716E-005   2.3340576999148863E-005   3.3171855940579076E-006  0.12111670848660180        3.3161927147090480E-006   4.0175447559226980E-009
   5.0000000000000001E-003   8.2609702359253703     
