   0.0000000000000000        0.0000000000000000        0.0000000000000000        0.0000000000000000        0.0000000000000000        0.0000000000000000        0.0000000000000000        0.0000000000000000        0.0000000000000000        0.0000000000000000     
   3.0933768887242858E-004   1.0198075305361055E-002   1.8930595100990856E-002   8.5123022835166436E-003   1.1713455519433905E-002  0.23612820216413652       0.17804937125590548        1.5174050059897078E-002   2.2719449589857828E-002   1.3344785731407276E-002
   2.5487140453952879        1.4850420146655046        1.9474933834902961        1.7017607206704857        1.4579973483987689        1.4189759938267368        1.2398694847794034        3.2807345686609066        2.4713450398374253        1.8769557624241311     
   6.1129249521816947E-004   2.1072801849198408E-002   3.8322933735735421E-002   1.6678398148082783E-002   2.4185279779153905E-002  0.35143401071828595       0.25518554249018649        3.3295489983291779E-002   4.4601414067866330E-002   2.6766640645298621E-002
   2.6449433988678712        1.5219038229531141        2.1527858336023007        1.7002468916019917        1.8632073414493420        2.4927109065742536        1.5137914419414991        1.4892009484245352        2.8394633266481368        1.4554635791702955     
   8.8886291375939760E-004   3.1959221386216090E-002   5.4846698164205954E-002   2.4978420338441033E-002   3.7188277320924890E-002  0.40544326382767237       0.28523000617562067        5.7256357733207981E-002   6.2369890721717072E-002   4.1429896298720945E-002
   2.4644754498311285        1.5505855100994201        1.3806026040551025        1.4604550431147081        1.4221234960699658        2.1634847465329767        1.8228808731665367        1.3524231852584487        2.2199335409256293        1.7071889018284061     
   1.1909496693908858E-003   4.2838050271793458E-002   7.0375961622907504E-002   3.4073481829553554E-002   5.0059768528099263E-002  0.44826720261232450       0.31266221264026589        8.5238455208044975E-002   7.9473131847713638E-002   5.5826418546413382E-002
   2.9046065677490795        1.6821517333454588        1.5031121837948787        1.7957000169771637        1.3914496506435268        2.2476273635233244        1.6959598167168854        1.9566522839629779        2.0626366861037733        2.0573522542585376     
   1.5225796807364859E-003   5.4149200928714274E-002   8.6292812771409932E-002   4.3819974856777973E-002   6.5031722348384322E-002  0.48299689916033528       0.33535586221134717       0.11282682327965299        9.5033058085407879E-002   6.9295319973377831E-002
   1.8716680254353195        1.7349525845757721        1.5985129951686581        1.8238070654014116        1.7440996356840808        1.8761417310862358        1.4400492320861593        1.8298135997008591        1.5807424317543364        1.8621528035857255     
   1.8834123948570519E-003   6.5496648763182772E-002  0.10174375774126294        5.3083481939140559E-002   8.0375089713314266E-002  0.50791105429863281       0.35167518680171139       0.13957473301741583       0.11083106168059023        8.3046697652842630E-002
   2.1856503474347821        1.6640187836837967        1.3067159559489412        1.8993521117433794        1.5449671112465564        1.9952763461388749        1.3848105581789207        1.3241065061664941        1.9691395759352972        1.4392484711668425     
   2.3145623156965276E-003   7.7258566701105647E-002  0.11712036369083222        6.2132660715154650E-002   9.5198807752688311E-002  0.52457719617922316       0.36747917881461067       0.16716071342307498       0.12670401071910231        9.6520810246288113E-002
   2.5739288239177429        1.7913809616577541        1.8450150439369559        1.7027104389456573        1.4138528771910392        1.4731222397978583        1.5849103289343902        1.2983031423676517        2.0265366185936369        1.5394580517030705     
   2.7655366578604257E-003   8.9824306910132615E-002  0.13235690098651284        7.1365743206275034E-002  0.11056731517640181       0.53752385753250553       0.38212257479979755       0.19314880762992398       0.14068705710032484       0.11255942480782856     
   1.5911421876398266        1.6152720526435753        1.6857924823592685        1.3410803766981869        1.5684854418961800        1.4132608861676001        1.5300087445547841        1.7663900971669941        1.6695576486286814        1.7104531731016384     
   3.3106199990146907E-003  0.10261059409723641       0.14854851726473095        8.0483067161358682E-002  0.12683415900654660       0.54985364030089046       0.39534807584649684       0.21441138224327094       0.15449267196386990       0.12926078041294820     
   1.4417194052519018        1.9501184226605088        1.6330954185262687        1.5447547514113256        1.7341688566686204        1.4493881172516336        1.5913642848200735        1.3307645540154587        1.6396505863485420        1.4622452784210642     
   3.9634231577587850E-003  0.11535707319866988       0.16515590039350161        8.9702645675871648E-002  0.14288366410653855       0.56245405669648563       0.40690220433982821       0.23220834212874705       0.16843597346938607       0.13932158472394499     
   1.6857676419280176        1.5245814031668399        1.7163866324988863        1.2948490048330337        1.4035351036858521        1.8462568564901876        1.8070501092148434        1.4720972350384678        1.7907677327866847        1.4468021763673615     
   4.7046321980293493E-003  0.12829830403873255       0.18122852816091689        9.9074769345984595E-002  0.15793261813740514       0.57354326979087289       0.41681014884541417       0.24783643387545046       0.18323514877067393       0.15035135934631633     
   1.7720226051035990        1.6584403318226604        1.5300476924209230        1.6863436455120735        1.5198171433318779        1.3808503193173749        1.4872212480574960        1.3794910931904232        2.0310092763336383        1.3444832600947469     
   5.5131610804198469E-003  0.14137076034477722       0.19763370170848554       0.10850828321875725       0.17262525882257623       0.58687716841381143       0.42573318528360504       0.26131712534187951       0.19853126516540998       0.16194195736728464     
   1.8231147241966830        1.5523740375212118        1.4399624613970394        1.4125739731812916        1.4930515488456471        1.3190859578191096        1.4863425462638460        1.7933720967361768        1.5721346468629369        1.2416924448130011     
   6.3465457645231786E-003  0.15397260672337951       0.21458906576627304       0.11779247127392964       0.18813982532179324       0.60113346978652560       0.43416877293799083       0.27416501290620515       0.21460196108260199       0.17384932316118668     
   1.5425888596892749        1.5227102525832268        1.7385247757458813        1.5587942904904915        1.6011440018950582        1.9111439804234751        1.3515887155858635        1.4766133539301602        1.6860539347477281        1.2910002662199276     
   7.3033136362576660E-003  0.16579700802312652       0.23139291374063797       0.12819103949692207       0.20391937302082025       0.61481794273303791       0.44293595749628645       0.28675573169006291       0.23081346661106877       0.18875391898451446     
   1.2866749731337210        1.5647399916432458        1.5119599084564996        1.3254257269765486        1.3954409030810100        2.0685624275135859        1.4003214745083965        1.4170630045289949        1.5837293862184165        1.4496684141480898     
   8.4301642926331195E-003  0.17763215577782562       0.24819021963101789       0.13872842222042772       0.22034619119443533       0.62878591608908241       0.45287582248633673       0.29905468096852256       0.24660658858470313       0.20772487342753909     
   1.8551399112199656        1.6910724087358475        1.7802148058004938        1.7677333465068314        1.7441668876737237        1.6171056379422897        1.3554063857161485        1.2650956468299737        1.8052532282131337        1.5481960325553967     
   9.7407136098621172E-003  0.19034594162025953       0.26381212635957890       0.14855465858743699       0.23806325207752313       0.64241751992028273       0.46355675476174613       0.31112864442760840       0.26277318367584379       0.22375949745427434     
   1.7391657904778151        1.3561265775026929        1.5278688150447732        1.4234053631991621        1.4867763933250802        1.7035446182493907        1.4359100865351697        1.4400228079394162        1.8851597834343625        1.6223217798314091     
   1.1263349786106710E-002  0.20375040830397664       0.28011191845852218       0.15835374851899747       0.25624428212444628       0.65504436123399257       0.47400628759408309       0.32314123122906813       0.27913988677486967       0.23750699293484989     
   1.6712323925563974        2.0875377927793997        2.0531932087952121        1.3771989250132053        1.6653782389943901        1.5669329326235444        1.3114956359344270        1.4183325256616612        1.4335826997995278        1.6436235907049481     
   1.3020203238509089E-002  0.21702497197467477       0.29611966587955701       0.16777039749677586       0.27468976897040348       0.66708077986179093       0.48437777225286899       0.33600134669342197       0.29605925900458707       0.25180547673874898     
   1.3827413041634280        1.8092798553937219        1.5943799217356900        1.3637939360563331        1.6801977265196757        1.6385834120073750        1.9423491430030806        1.3579708522305489        1.8630943208590993        1.7955331850460539     
   1.4985344063203813E-002  0.22958312858084109       0.31360973400179021       0.17752999131697511       0.29113445912235247       0.67799463054240050       0.49398512449890275       0.35020130212128936       0.31296175602547976       0.26759325484278212     
   1.9654703768358275        1.7014663712168869        1.8794425690318257        1.3496176530316344        1.5364015910591104        1.4243834522019445        1.5546490353442834        1.6343496768508210        1.7237745506384798        1.4591199233504339     
   1.7211471141485659E-002  0.24194488287858654       0.32949820165786431       0.18737716676740357       0.30760812338279936       0.68897380166718314       0.50303306138984627       0.36492846286660413       0.32912027291610430       0.28552255233667156     
   1.2080330721067154        1.5098746099923379        1.7458794172403320        1.4962557394948377        1.6077766589941267        1.5588670758824510        1.6058243117012558        1.5512114324927841        1.3664786416168540        1.5515745131951484     
   1.9623359216371331E-002  0.25449634574700736       0.33956377728263654       0.19786350978003631       0.32305244697696756       0.69964289031566829       0.51160593436512058       0.37943025588225437       0.34452986759091747       0.30456203122646591     
   1.9085121353421177        1.4828000228203835        1.2920192872284861        1.3271856695959821        1.4857811117198263        1.7686790507445818        1.7270736901463273        1.7413945437935561        1.5360015952366004        1.6679649644007344     
   2.2300064771889231E-002  0.26808075785417096       0.34809073322584705       0.20811495827440393       0.33800990356542521       0.70970199122135480       0.51970607432894134       0.39425787413200020       0.35989640938879397       0.32207190329335389     
   1.2147506938992141        1.3128007451458006        1.0745528624149738        1.1943903450154609        1.7291708267492301        1.5927324218775449        1.7163063420496210        1.4845482046669964        1.5159747155804872        1.5275303727130776     
   2.5362064014651159E-002  0.28305742963609576       0.35634154075862501       0.21764589695631653       0.35214238914428520       0.71913556126350897       0.52795269201349215       0.40936547310198024       0.37573969164210702       0.33655360658729327     
   1.2429965611249361        1.6124098031560208        1.1879540646672133        1.4387698965953963        1.4397681773470719        1.5149218225046726        1.6020061666542618        1.5964807957507146        1.4042791870381843        1.3650065964907665     
   2.8837265474189626E-002  0.29846496965934777       0.36809521318884653       0.22769471064562893       0.36544132262757800       0.72805586541149603       0.53624586346579273       0.42445021770361124       0.39168148563355099       0.35176570690009706     
   2.0436763082374823        1.3232110604323031        1.4059768120509235        1.6867371908198385        1.3836372225895481        1.3780655414732514        1.7804199142226926        2.1507063978457914        1.6478978025379958        1.5984039326090869     
   3.2841534979109847E-002  0.31405064303243080       0.37938321385738166       0.23799832383517602       0.38069299490904540       0.73651228508793942       0.54480367143996900       0.43937290385153643       0.40780296541245586       0.36652283516605128     
   1.4604896869399473        2.0464601939231635        1.1151474191125688        1.5259382165404340        1.4041712930785859        1.6880943040464138        1.4912865442638534        1.7134256671035726        1.5177954322582698        1.6663677905657386     
   3.7088183821910113E-002  0.32952065118402368       0.39429847432140402       0.24875598346476008       0.39684183761670644       0.74423232359971370       0.55228237811172343       0.45381920518243213       0.42252829938825465       0.38204861939097612     
   1.6026630383936469        1.6426185018536845        1.5203296493120046        1.4065106600346462        1.8225609790806820        1.7222849308709094        1.4346506184921419        1.8819638104676968        1.4501549134533027        1.6311613255604596     
   4.2023855255588737E-002  0.34438059271140342       0.41143528082988012       0.26045711237910640       0.41394674579478735       0.75201840619944404       0.56008196867989923       0.46790557808802780       0.43352200669647217       0.40003601591736232     
   1.4858311264035153        1.4833281199715287        1.5777481500622506        1.4143673579747780        1.6596166779513344        1.4540797584116620        1.6408101174806133        1.4913965114890431        1.5426108975281489        1.7309546110547700     
   4.7674727713482204E-002  0.35913542482432170       0.42761093707909431       0.27306292446979241       0.43019580911711347       0.75979626362888486       0.56856963290788032       0.48021991306593553       0.44484554021788902       0.41807067165344958     
   1.7727565929320614        1.5032561550892285        1.4769896859397265        1.8328172604845301        1.6794012044173832        1.5993856601018321        1.5185537968160383        1.5072266768994149        1.3410146825832021        1.4214700712127106     
   5.4076347755636259E-002  0.37403471661870236       0.44193206291042331       0.28564665042086468       0.44592086074129422       0.76746803620601101       0.57737760361508395       0.49004305801874753       0.45535108129706225       0.43704048339702928     
   1.6819507773573081        1.9335200861464776        1.7752500146654242        1.6025685220221448        1.9418111574866248        1.4273465559867717        1.5195990481113657        1.2487358472808847        1.4643787184986763        1.6615182810172548     
   6.1022188760713865E-002  0.38938308915353914       0.45614565285534048       0.29862995471458137       0.46167258147256129       0.77501340683122644       0.58612398732411375       0.49969293711819440       0.46648073829863757       0.45285606962839697     
   1.9704546579195361        1.5002631417697860        1.4518117448866206        1.3853941347670027        1.3747859379847800        1.6132654661996115        1.7835377598877107        1.1340880853483877        1.1880831859743530        1.5492886686083822     
   6.9277654101137051E-002  0.40578121916099547       0.47115138800825307       0.31250101891475163       0.47764868351106099       0.78197785075462589       0.59496604923778151       0.50976701255013701       0.48063396401160546       0.46795831540121863     
   1.1569793758068425        1.4512383085860596        1.7695281058891632        1.6773731993796444        1.7443720475154285        1.7891125671876291        1.7957756130026155        1.1772651865336012        1.1510715443230095        1.5161373714302659     
   7.9487859858357116E-002  0.42271868889940312       0.48695229436851495       0.32590211187084023       0.49337333271368228       0.78830181054171289       0.60308616026090434       0.52216552520826864       0.49663571152677710       0.48159696074076308     
   1.4440135275270680        1.6108935351041394        1.4771431725743860        1.7684161486348302        1.7059331842921175        1.3849231135381255        1.7062756055334030        1.5424231318394879        1.3244365549355490        1.4523431478977484     
   9.1367552245109770E-002  0.44046710120472482       0.50438407131056828       0.33869368447481363       0.50971081202199819       0.79434444451485653       0.61108803465616734       0.53728114322731679       0.51271102531817370       0.49551332906782070     
   1.4558968495801958        1.7609006933160261        1.7803410342188941        1.5659749348392311        1.5197439399756936        1.4393505371128663        1.5713066443471762        1.8952338644466091        1.5045604145414679        1.7394636655710212     
  0.10457936170281075       0.45976523001604408       0.52204358927122485       0.35188728141424902       0.52686000462503657       0.80026014614277940       0.61913065157511760       0.55388944003040153       0.52869708097658219       0.51088169488445168     
   1.3469362191001801        1.6263716548260472        1.8263650378439591        1.5087034049401140        1.5811600888323025        1.4721715264187711        1.5400278118913220        1.6142274875851941        1.3627818605308211        1.5059687669407398     
  0.11926907536922221       0.47768903046018169       0.54004237914151987       0.36582686322564045       0.54340356879815765       0.80610925052787952       0.62690720050737991       0.57147261195610954       0.54370372585646709       0.52826907505083265     
   1.6225711573108386        1.8533381788130880        1.4563068767858476        1.7729963052671354        1.6756209014910262        1.2330873161222593        1.5119486828524746        1.4836377323209187        1.8792767269660842        1.6594661081452449     
  0.13528161821850021       0.49652015952984485       0.55799091423836522       0.38069183219868025       0.55931940162674909       0.81206233259257266       0.63370633258739428       0.58920262673874835       0.55816481159662512       0.54633938597814458     
   1.6083873901963208        1.3626986707926139        1.8936431110668821        1.8158486341995330        1.8309059989175529        1.4148499146134224        1.6041082781648637        1.6509842883573158        1.6145565510977644        1.4375099911305582     
  0.15260825778219589       0.51553376994972944       0.57548267815203114       0.39581976721443363       0.57650109391888660       0.81824451728139425       0.64062508592668210       0.60645269641039579       0.57237654722923015       0.56367159270675704     
   1.4871796626410050        1.4516174264531629        1.4541514225763186        1.8811932865444987        1.5534181988940277        1.5859062611359005        1.5902703425887075        1.8521490130397991        1.4512873781471916        1.2834218280823038     
  0.17050348474421545       0.53248190361135650       0.59248833316431004       0.41086801360782588       0.59337400788183603       0.82436814091956501       0.64776288682224881       0.62327957578080428       0.58696624418015875       0.58089146291980776     
   1.5788023399254134        1.2823508402641146        1.6136077512266325        1.5890155203801886        1.5950247496528736        1.5370574468478055        1.6420374084946940        1.6985424176888044        1.3527096368257594        1.3850153529442955     
  0.19517311030422810       0.54554450165422486       0.60869968339180835       0.42588866935941050       0.60951589852309196       0.83012308686580194       0.65514328710171577       0.63915197227213605       0.60154125098638078       0.59789298547777925     
   1.2624756430244828        1.2740029823080874        1.6541346889130091        1.5105958250773253        1.3060137572466828        1.3185834713706068        1.5728853981721382        1.3002577991410311        1.6564149976398628        1.4265302835542908     
  0.22215965801731835       0.55746992177380472       0.62438842030750485       0.44095730399722005       0.62395550228444119       0.83624807636998355       0.66244417269639289       0.65496072760663415       0.61653006273602273       0.61437378278868437     
   1.5316136026693923        1.3368077829429927        1.6882244303327267        1.3751443026703201        1.4004224035157919        1.5675569380448313        1.6849863594315584        1.4713554964138773        1.3371530252918871        1.6011947697237421     
  0.26250735690460580       0.56674093462189079       0.63928973491786345       0.45637300708607342       0.63808525825077567       0.84242613695501944       0.66939165449218974       0.67099513635735641       0.63179770288487969       0.63039677219329970     
   1.4209294262903405        1.4914261229941275        1.4688033523494155        1.3554397723037848        1.4243981747523577        1.5978877942705156        1.5869459007363378        1.5185458310071545        1.9661868822293833        1.3782684731597248     
  0.32371052726651012       0.57964919096691114       0.65359405503911694       0.47277484462452868       0.65163641232761882       0.84892233867394973       0.67623138545688599       0.68717616647095314       0.64689382568712217       0.64824261870834454     
   1.1527250158445934        1.5080911448044354        1.3911409935255070        1.5914696764250105        1.6951981287407205        1.6480061980943328        1.5905880598584794        1.2929750482163309        1.6379818910018071        1.6982026807393122     
  0.39996167004043792       0.59731374048157004       0.66748425042507309       0.48850047946931918       0.66432839688415624       0.85528014188742540       0.68298635334177937       0.70279852907289964       0.66073516701915580       0.66536310517434749     
   1.3863539939725218        1.9999803543839301        1.5329499723490068        1.7207825104498469        1.6289458891647137        1.4278059305120681        1.7372305423171714        1.4589263329998470        1.4022082995857439        1.6124928602229880     
  0.47331089083986444       0.61155427922411587       0.68056577510217431       0.50168497419809233       0.67803004641723397       0.86154562648554123       0.68941392358810849       0.71846277255766089       0.67420150850323191       0.68138568676673250     
   1.2806842453995455        1.5207142575735999        1.3500222527483954        1.3648847715315391        1.5992393902971944        1.3255053311581801        1.6533266113184004        1.3015166410276522        1.4219003200986888        1.5193547339041944     
  0.53937658541699329       0.62891207619295353       0.69578874434197224       0.51466994705560598       0.69454540253244734       0.86746967384841134       0.69514999018404955       0.73396683089993975       0.68810156520122867       0.69685302735412424     
   1.3264175160242451        1.5154744446262314        1.3743137824216454        1.5802491023615699        1.8296587502387738        1.3088609984649626        1.3713599746917711        2.0129042309718241        1.6997683453983095        1.6107983328296427     
  0.59497476209378630       0.64756394006381113       0.71092061930011730       0.52760688204790929       0.71130861577581783       0.87312762604901251       0.70069008034100810       0.74841106452486827       0.70050379340784952       0.71172826905171449     
   1.6460159239113274        1.3633232643693902        1.3146625146044679        1.5346022212138164        1.5070044515776015        1.4512241198287288        1.2650203146120109        1.6667125018292706        1.1455384397544439        1.7875678054076527     
  0.64048533854345557       0.66683537744337762       0.72704262788776464       0.54241418934727115       0.72678695067515231       0.87871692540543023       0.70596435018914905       0.76280344942160472       0.71214395658732621       0.72692557984376127     
   1.3011120932011835        1.8485916262369171        1.7284209747644983        1.4357737587184043        1.6634397344027883        1.5890649315428900        1.4023291614112514        1.5670446819018939        1.3750196064423026        1.3063787195364691     
  0.68365844692952926       0.68809237316126914       0.74378547111948845       0.55966150955924898       0.74276938301503792       0.88383026760311889       0.71126434762287238       0.77742093395415135       0.72546780737698624       0.74250544423674281     
   1.5009914695053772        1.7633840508883680        2.1438928116178309        1.4826009939667342        1.4742270037759495        1.1547292244639171        1.4942686615442025        1.4654135855544808        1.3646616897343278        1.4795806419527353     
  0.72464182058196591       0.70956358041448819       0.76020119027070443       0.57873984941703105       0.75890341398806216       0.88916842638157212       0.71694525007622800       0.79095210744408473       0.73776991720134910       0.75972070870912500     
   1.4654716657068847        1.8696209765311691        2.0713883942416245        1.4171015260355189        1.5421165442295599        1.3680999355753836        1.5563851052305842        1.5332402522563882        1.4832939845913211        1.5291347571538152     
  0.75992955978085652       0.73145971778259011       0.77668844024704997       0.59898706619028075       0.77577300791346837       0.89426128200627863       0.72281417253565883       0.80394245180413815       0.75227591323767773       0.77740372997144724     
   1.2114934097380528        1.7947568167365557        1.5503439105155008        1.6000274250969770        1.5937026566982879        1.4734278213725316        1.5430937648898968        1.1955543914035409        1.3458297779383022        1.8408014840762368     
  0.79025902068179577       0.75415202673888793       0.79358701067204307       0.62102701314256759       0.79255191780146761       0.89984223388765783       0.72770543713667080       0.82031941270026765       0.76877456538169819       0.79676073384335688     
   1.1761876401997930        1.7757727482368342        1.8525576602437637        1.6947196652988896        1.8317026946833004        1.5446194549900318        1.3349387525326943        1.3942472905261059        1.3436975114218939        1.5283090882083668     
  0.81659200745769844       0.77756340031175775       0.81092854490311184       0.64442783488406974       0.80920900360527948       0.90511296817355902       0.73382076436356802       0.83652351286404003       0.78689474942588711       0.81679888694896985     
   1.4710118018828755        1.7811347955807324        1.8416886223320310        1.6924757003856097        1.6664784507702564        1.4982094621092483        1.2343062022723379        1.6022702609442605        1.3312593407688063        1.3945967521374525     
  0.84107353100370230       0.80113703299075101       0.82828700097253660       0.66838698577280331       0.82694563291575718       0.91045524979741466       0.73974589302469118       0.85243686584821521       0.80609577314150138       0.83562395281383151     
   1.4564517194379474        1.5156697100809398        1.7019322614129273        1.8601966338889691        1.3588076080567306        1.3898093931518098        1.5317938882945399        1.4910704147500762        1.4061569368184734        1.8783765482850534     
  0.86460009304837537       0.82361154247746171       0.84461162575111015       0.69355625395689346       0.84470639032140704       0.91604289607138989       0.74600754920516910       0.86777426124887658       0.82462631861353342       0.85203392858907345     
   1.4167063425275854        1.5563334833466791        1.6166558310752530        1.7876714921449541        1.8216220911971399        1.3305834097874163        1.4551803480549079        1.5423482143712584        1.6646057359505793        1.6444334547123420     
  0.88570698743461440       0.84548485106128024       0.86011388526534471       0.71806876677240739       0.86020864768418648       0.92207597369183081       0.75394473221101865       0.88284601869374002       0.84038179921054468       0.86799950109623913     
   1.6009081278312793        1.3830342936489710        1.5085300902835785        1.5440337290865287        1.4724228451216965        1.4719309493799506        1.7118524053831998        1.4689433626798871        1.6028598986728286        1.5285322991213222     
  0.90431783782749886       0.86151845371464397       0.87634043843782194       0.74237690006578150       0.87427341379444845       0.92829080304007938       0.76270833721922515       0.89788170836091263       0.85617310127550528       0.88427549387378146     
   1.2833419129391936        1.3819913502813910        1.5096504556915098        1.3644788508282384        1.5482213050320581        1.7065783607039600        1.6820872446714408        1.4080902761648750        1.3205609291366744        1.7887191321365579     
  0.92074986685142124       0.87632819691521446       0.89315033604536298       0.77076065947824313       0.88752031427073397       0.93546109850578640       0.77161914216330363       0.91203037993468561       0.87343430361517838       0.90030735804546358     
   1.4789741236775003        1.4722953505975331        1.4130524693423039        1.9361809404681676        1.3515354056481941        1.6407607947663703        1.6529857182225556        1.8290693110988212        1.5078883793871343        1.7197274494941870     
  0.93554817550801106       0.89292638061788343       0.90984988073704198       0.79921403848443584       0.90164732665197012       0.94323278796847654       0.78096084450944614       0.92496985745005067       0.89419570872987353       0.91545341784701639     
   1.5524649780341382        1.3335142804234550        1.6348637843836937        1.4681921993567590        1.4172047814829520        1.6706709314324428        1.3003205504087159        1.5351813072278386        1.4207470362985810        1.5882128193542597     
  0.94865584637541833       0.90771199466698749       0.92537801015714582       0.82023671034928858       0.91803127645507088       0.95094364075543492       0.79156164957128994       0.93721312101788457       0.91593634328039675       0.92919837607820077     
   1.4691603548172512        1.3112468318790995        1.4851653076871794        1.8578359077210229        1.5077984268001106        1.8794008939826308        1.8384225865249890        1.6304865473539494        1.7579920747976789        1.5507477345218090     
  0.95988737003665459       0.92471092322447790       0.94029464762535775       0.84117885566482997       0.93474801506107386       0.95866946318258495       0.80433116635961210       0.94954476607498695       0.93656870348938337       0.94311546177939576     
   1.4335036177693048        1.2648741880035506        1.3518553337303540        1.3979178527803211        1.3610955510919156        1.4624994906232891        1.8698256993130007        1.8380860482911807        1.3724976979128021        1.8216276908968096     
  0.96919782341971783       0.94275462441511126       0.95455798766878019       0.86350345779020055       0.95172779296369603       0.96650395099323338       0.82249150574430330       0.96218574266521784       0.95342631837088787       0.95799366648681494     
   1.3966486173647141        1.4838955848491082        1.5472011631372513        1.3450748354788695        1.5895401912060403        1.6386764169228660        1.9467730752817118        1.9152012038680915        1.4812209694089309        1.8471181410233308     
  0.97783050715622455       0.96057721715977373       0.96933269782777998       0.89237891023049765       0.96872611927934593       0.97529068595230484       0.84194927490084670       0.97479743506551708       0.96821222766764581       0.97247636732616327     
   1.3283101296955337        1.3036879746482941        1.5219703130474513        2.5696629800789719        1.6418383839732011        1.8841283537694069        1.8424035133456917        2.0265776041755141        1.5593620359430538        1.6893126823398696     
  0.98787122909653280       0.98048736297047012       0.98327889463173157       0.94295937949736508       0.98423776640730432       0.98626181455519091       0.90156327228679434       0.98729736371453136       0.98418218340171715       0.98591349601228606     
   1.3831381733251347        1.5918287348103501        1.1486933159297898        1.4768836387428439        1.6930009544493339        1.8413731703808811        2.7952579892680061        1.7737177216708091        1.5634263863694262        1.4312488250253803     
   1.0000000000000000        1.0000000000000000        1.0000000000000000        1.0000000000000000        1.0000000000000000        1.0000000000000000        1.0000000000000000        1.0000000000000000        1.0000000000000000        1.0000000000000000     
   1.5817115556021977        1.5438259368100336        1.3928258617040341        1.9583689821904844        1.5338566060870951        1.1945734246565942        1.0482218451978689        2.1063721715595163        1.3346146188482073        1.4755488619690069     
  -17.876295663889088       0.55908255224544967       -2.7885142300209802        12.037749212543282       -17.700220582700663        21.626364368990064       -4.6126501790068941       -4.5196556578515823       -5.0905801888658209       -2.0130389587180759     
  -1.8280788444125957       0.45570662992972205        5.2000495804927356       -6.1743370363531396       -2.2600265250485436        6.7128810222529092        2.2649726161683255      -0.71238877527649069        1.0988954351975799      -0.47605757642594859     
  -8.2492530393048311E-002   5.8394465506458353       -3.1866177953349757       -2.1447864266565260       -2.1223007890677761        7.5444268184243386      -0.52331768078297258       -13.855136513414481        1.3186899563577215       0.16741979333699783     
   2.3570713720477809       -2.0842972909056221        1.2467422983083931       -3.9439872973461627        1.7464493757566006        7.3072353096605358       0.20879137204235870        4.0907426977551085        1.5044298711052133       -2.9246941002221556     
   4.9547335171281777        1.1199387856781582        1.2689874545954276       -1.5752411467414309       -4.6718518240897957       0.61713566647971929       -5.4545736363724977       -2.3444486178179824      -0.54522838114141570        5.4007637149127090     
   6.8828180959292551       -8.4750273233101829       0.48012042667303034       -5.5807815871280404      -0.28859609887766285       -2.7941940327689716        5.8194709259140387        6.8187710198784544        1.4506873283678239       0.64123258795270321     
   11.733531595985779        4.3013323020714678       -9.0926722815509944       -11.070383782648841        1.9997738749318585       -4.2532877801680549       -10.789227852643528       0.29071320964934594       -2.2663306271664383        3.5486216062132754     
   19.300468309480788       -6.7350233104041921       -1.4442371120865167       -4.0029622737757249        11.605039578831885        4.7865374490546300        1.8278155521536585       -5.3646818546105477       -5.5483518467624426       -10.545234496748007     
   3.6366999693581401     
           1           1           1           1           1           1           1           1           1           1
   1.3746443972535016       0.36314503356803368       -4.8238444944483025E-003  -4.3931519347622299        4.2496531715081422E-002   3.2549680984340854E-005
   1.9474390600453886E-002   1.9589590141502033E-002   3.6950647502698671E-003  0.64109431954986040        3.6937175916201739E-003   2.4653289666974594E-006
   5.9393159542618134E-003  -4.2119296056118687     
