     
 Collinear #          95
 
 part:           1
 comp:           0
   1.0000000178630026        289.00000516240777        289.00000000000000     
   1.0000000017116286        289.00000049466070        289.00000000000000     
   1.0000000001704501        289.00000004926005        289.00000000000000     
   1.0000000000170379        289.00000000492395        289.00000000000000     
   1.0000000000017037        289.00000000049238        289.00000000000000     
   1.0000000000001705        289.00000000004928        289.00000000000000     
   1.0000000000000173        289.00000000000500        289.00000000000000     
   1.0000000000000016        289.00000000000045        289.00000000000000     
   1.0000000000000004        289.00000000000011        289.00000000000000     
  0.99999999999999978        288.99999999999994        289.00000000000000     
 comp:           1
   0.0000000000000000        0.0000000000000000     
   0.0000000000000000        0.0000000000000000     
   0.0000000000000000        0.0000000000000000     
   0.0000000000000000        0.0000000000000000     
   0.0000000000000000        0.0000000000000000     
   0.0000000000000000        0.0000000000000000     
   0.0000000000000000        0.0000000000000000     
   0.0000000000000000        0.0000000000000000     
   0.0000000000000000        0.0000000000000000     
   0.0000000000000000        0.0000000000000000     
 comp:           2
   0.0000000000000000        0.0000000000000000     
   0.0000000000000000        0.0000000000000000     
   0.0000000000000000        0.0000000000000000     
   0.0000000000000000        0.0000000000000000     
   0.0000000000000000        0.0000000000000000     
   0.0000000000000000        0.0000000000000000     
   0.0000000000000000        0.0000000000000000     
   0.0000000000000000        0.0000000000000000     
   0.0000000000000000        0.0000000000000000     
   0.0000000000000000        0.0000000000000000     
 comp:           3
   1.0000000178630026        289.00000516240777        289.00000000000000     
   1.0000000017116286        289.00000049466070        289.00000000000000     
   1.0000000001704501        289.00000004926005        289.00000000000000     
   1.0000000000170379        289.00000000492395        289.00000000000000     
   1.0000000000017037        289.00000000049238        289.00000000000000     
   1.0000000000001705        289.00000000004928        289.00000000000000     
   1.0000000000000173        289.00000000000500        289.00000000000000     
   1.0000000000000016        289.00000000000045        289.00000000000000     
   1.0000000000000004        289.00000000000011        289.00000000000000     
  0.99999999999999978        288.99999999999994        289.00000000000000     
 
 part:           2
 comp:           0
  0.99999999865452305        289.00009808576249        289.00009847460547     
  0.99999999987157562        289.00009843749081        289.00009847460547     
  0.99999999998721556        289.00009847091076        289.00009847460547     
  0.99999999999872236        289.00009847423621        289.00009847460547     
  0.99999999999987232        289.00009847456857        289.00009847460547     
  0.99999999999998745        289.00009847460183        289.00009847460547     
  0.99999999999999900        289.00009847460518        289.00009847460547     
  0.99999999999999978        289.00009847460541        289.00009847460547     
   1.0000000000000002        289.00009847460552        289.00009847460547     
  0.99999999999999978        289.00009847460541        289.00009847460547     
 comp:           1
   0.0000000000000000        0.0000000000000000     
   0.0000000000000000        0.0000000000000000     
   0.0000000000000000        0.0000000000000000     
   0.0000000000000000        0.0000000000000000     
   0.0000000000000000        0.0000000000000000     
   0.0000000000000000        0.0000000000000000     
   0.0000000000000000        0.0000000000000000     
   0.0000000000000000        0.0000000000000000     
   0.0000000000000000        0.0000000000000000     
   0.0000000000000000        0.0000000000000000     
 comp:           2
   0.0000000000000000        0.0000000000000000     
   0.0000000000000000        0.0000000000000000     
   0.0000000000000000        0.0000000000000000     
   0.0000000000000000        0.0000000000000000     
   0.0000000000000000        0.0000000000000000     
   0.0000000000000000        0.0000000000000000     
   0.0000000000000000        0.0000000000000000     
   0.0000000000000000        0.0000000000000000     
   0.0000000000000000        0.0000000000000000     
   0.0000000000000000        0.0000000000000000     
 comp:           3
  0.99999999865452305       -289.00009808576249       -289.00009847460547     
  0.99999999987157562       -289.00009843749081       -289.00009847460547     
  0.99999999998721556       -289.00009847091076       -289.00009847460547     
  0.99999999999872236       -289.00009847423621       -289.00009847460547     
  0.99999999999987232       -289.00009847456857       -289.00009847460547     
  0.99999999999998745       -289.00009847460183       -289.00009847460547     
  0.99999999999999900       -289.00009847460518       -289.00009847460547     
  0.99999999999999978       -289.00009847460541       -289.00009847460547     
   1.0000000000000002       -289.00009847460552       -289.00009847460547     
  0.99999999999999978       -289.00009847460541       -289.00009847460547     
 
 part:           3
 comp:           0
  0.99999996647784573        207.30643206032698        207.30643900968542     
  0.99999998960470615        207.30643685467408        207.30643900968542     
  0.99999999671901452        207.30643832951600        207.30643900968542     
  0.99999999896265968        207.30643879463810        207.30643900968542     
  0.99999999967197051        207.30643894168279        207.30643900968542     
  0.99999999989626809        207.30643898818113        207.30643900968542     
  0.99999999996719702        207.30643900288516        207.30643900968542     
  0.99999999998962685        207.30643900753500        207.30643900968542     
  0.99999999999671974        207.30643900900540        207.30643900968542     
  0.99999999999896272        207.30643900947038        207.30643900968542     
 comp:           1
  0.99999981017391082        84.940171401412385        84.940187525276002     
  0.99999994113451462        84.940182525230639        84.940187525276002     
  0.99999998142074531        84.940185947150624        84.940187525276002     
  0.99999999412584739        84.940187026324381        84.940187525276002     
  0.99999999814246532        84.940187367496662        84.940187525276002     
  0.99999999941259710        84.940187475381890        84.940187525276002     
  0.99999999981424692        84.940187509498102        84.940187525276002     
  0.99999999994125965        84.940187520286585        84.940187525276002     
  0.99999999998142475        84.940187523698214        84.940187525276002     
  0.99999999999412592        84.940187524777059        84.940187525276002     
 comp:           2
  0.99999999199211953       -94.215783466813861       -94.215784221282604     
  0.99999999751673874       -94.215783987320194       -94.215784221282604     
  0.99999999921622751       -94.215784147438868       -94.215784221282604     
  0.99999999975219678       -94.215784197935633       -94.215784221282604     
  0.99999999992163924       -94.215784213899781       -94.215784221282604     
  0.99999999997522027       -94.215784218947960       -94.215784221282604     
  0.99999999999216393       -94.215784220544322       -94.215784221282604     
  0.99999999999752198       -94.215784221049134       -94.215784221282604     
  0.99999999999921640       -94.215784221208779       -94.215784221282604     
  0.99999999999975220       -94.215784221259256       -94.215784221282604     
 comp:           3
   1.0000000000000000        142.88909772003441        142.88909772003441     
   1.0000000000000000        142.88909772003441        142.88909772003441     
   1.0000000000000000        142.88909772003441        142.88909772003441     
   1.0000000000000000        142.88909772003441        142.88909772003441     
   1.0000000000000000        142.88909772003441        142.88909772003441     
   1.0000000000000000        142.88909772003441        142.88909772003441     
   1.0000000000000000        142.88909772003441        142.88909772003441     
   1.0000000000000000        142.88909772003441        142.88909772003441     
   1.0000000000000000        142.88909772003441        142.88909772003441     
   1.0000000000000000        142.88909772003441        142.88909772003441     
 
 part:           4
 comp:           0
  0.99999994496506139        92.139826927278705        92.139831998188697     
  0.99999998293354486        92.139830425688388        92.139831998188697     
  0.99999999461344757        92.139831501872663        92.139831998188697     
  0.99999999829694841        92.139831841269810        92.139831998188697     
  0.99999999946145801        92.139831948567533        92.139831998188697     
  0.99999999982969845        92.139831982497142        92.139831998188697     
  0.99999999994614597        92.139831993226593        92.139831998188697     
  0.99999999998296973        92.139831996619534        92.139831998188697     
  0.99999999999461453        92.139831997692482        92.139831998188697     
  0.99999999999829703        92.139831998031781        92.139831998188697     
 comp:           1
  0.99999988573773235        62.719248672407851        62.719255838852249     
  0.99999996456702078        62.719253616522160        62.719255838852249     
  0.99999998881656471        62.719255137435511        62.719255838852249     
  0.99999999646416360        62.719255617087221        62.719255838852249     
  0.99999999888189173        62.719255768725333        62.719255838852249     
  0.99999999964642372        62.719255816676210        62.719255838852249     
  0.99999999988818933        62.719255831839568        62.719255838852249     
  0.99999999996464239        62.719255836634645        62.719255838852249     
  0.99999999998881894        62.719255838150978        62.719255838852249     
  0.99999999999646427        62.719255838630488        62.719255838852249     
 comp:           2
  0.99999999366802184       -52.958595000248152       -52.958595335580824     
  0.99999999803643969       -52.958595231593428       -52.958595335580824     
  0.99999999938025685       -52.958595302760095       -52.958595335580824     
  0.99999999980405740       -52.958595325203980       -52.958595335580824     
  0.99999999993803868       -52.958595332299438       -52.958595335580824     
  0.99999999998040612       -52.958595334543162       -52.958595335580824     
  0.99999999999380396       -52.958595335252689       -52.958595335580824     
  0.99999999999804057       -52.958595335477057       -52.958595335580824     
  0.99999999999938038       -52.958595335548011       -52.958595335580824     
  0.99999999999980416       -52.958595335570450       -52.958595335580824     
 comp:           3
   1.0000000000000000        41.850098778344979        41.850098778344979     
   1.0000000000000000        41.850098778344979        41.850098778344979     
   1.0000000000000000        41.850098778344979        41.850098778344979     
   1.0000000000000000        41.850098778344979        41.850098778344979     
   1.0000000000000000        41.850098778344979        41.850098778344979     
   1.0000000000000000        41.850098778344979        41.850098778344979     
   1.0000000000000000        41.850098778344979        41.850098778344979     
   1.0000000000000000        41.850098778344979        41.850098778344979     
   1.0000000000000000        41.850098778344979        41.850098778344979     
   1.0000000000000000        41.850098778344979        41.850098778344979     
 
 part:           5
 comp:           0
   1.0000000431524296        278.55374101239613        278.55372899212591     
   1.0000000133816622        278.55373271963782        278.55372899212591     
   1.0000000042235500        278.55373016861148        278.55372899212591     
   1.0000000013353483        278.55372936409213        278.55372899212591     
   1.0000000004222662        278.55372910974972        278.55372899212591     
   1.0000000001335321        278.55372902932174        278.55372899212591     
   1.0000000000422267        278.55372900388829        278.55372899212591     
   1.0000000000133533        278.55372899584552        278.55372899212591     
   1.0000000000042228        278.55372899330217        278.55372899212591     
   1.0000000000013354        278.55372899249789        278.55372899212591     
 comp:           1
   1.0000001467249908       -147.65946502945872       -147.65944336412824     
   1.0000000454997395       -147.65945008259445       -147.65944336412824     
   1.0000000143607286       -147.65944548462542       -147.65944336412824     
   1.0000000045403925       -147.65944403456007       -147.65944336412824     
   1.0000000014357706       -147.65944357613333       -147.65944336412824     
   1.0000000004540297       -147.65944343117002       -147.65944336412824     
   1.0000000001435767       -147.65944338532870       -147.65944336412824     
   1.0000000000454030       -147.65944337083241       -147.65944336412824     
   1.0000000000143578       -147.65944336624830       -147.65944336412824     
   1.0000000000045401       -147.65944336479865       -147.65944336412824     
 comp:           2
   1.0000000068881920        147.17438057062878        147.17437955686341     
   1.0000000021360433        147.17437987123427        147.17437955686341     
   1.0000000006741827        147.17437965608585        147.17437955686341     
   1.0000000002131546        147.17437958823430        147.17437955686341     
   1.0000000000674041        147.17437956678356        147.17437955686341     
   1.0000000000213149        147.17437956000043        147.17437955686341     
   1.0000000000067404        147.17437955785542        147.17437955686341     
   1.0000000000021314        147.17437955717710        147.17437955686341     
   1.0000000000006739        147.17437955696261        147.17437955686341     
   1.0000000000002132        147.17437955689479        147.17437955686341     
 comp:           3
   1.0000000000000000       -184.73919649837939       -184.73919649837939     
   1.0000000000000000       -184.73919649837939       -184.73919649837939     
   1.0000000000000000       -184.73919649837939       -184.73919649837939     
   1.0000000000000000       -184.73919649837939       -184.73919649837939     
   1.0000000000000000       -184.73919649837939       -184.73919649837939     
   1.0000000000000000       -184.73919649837939       -184.73919649837939     
   1.0000000000000000       -184.73919649837939       -184.73919649837939     
   1.0000000000000000       -184.73919649837939       -184.73919649837939     
   1.0000000000000000       -184.73919649837939       -184.73919649837939     
   1.0000000000000000       -184.73919649837939       -184.73919649837939     
 
 part:           6
 comp:           0
   1.0484750650283901        1.0324816840003023E-004   9.8474605495014350E-005
   1.0046463329502708        9.8932151299290758E-005   9.8474605495014350E-005
   1.0004627122895660        9.8520170905187055E-005   9.8474605495014350E-005
   1.0000462521055411        9.8479160152860825E-005   9.8474605495014350E-005
   1.0000046250194072        9.8475060941975880E-005   9.8474605495014350E-005
   1.0000004625000294        9.8474651039522280E-005   9.8474605495014350E-005
   1.0000000462499841        9.8474610049463290E-005   9.8474605495014350E-005
   1.0000000046249984        9.8474605950459249E-005   9.8474605495014350E-005
   1.0000000004624996        9.8474605540558823E-005   9.8474605495014350E-005
   1.0000000000462494        9.8474605499568744E-005   9.8474605495014350E-005
 comp:           1
   4.4955638505101763E-005   0.0000000000000000     
   1.3940841673554305E-005   0.0000000000000000     
   4.4000393081776398E-006   0.0000000000000000     
   1.3911484589851990E-006   0.0000000000000000     
   4.3991135580644934E-007   0.0000000000000000     
   1.3911191924273670E-007   0.0000000000000000     
   4.3991043023578417E-008   0.0000000000000000     
   1.3911189028545208E-008   0.0000000000000000     
   4.3991041497736845E-009   0.0000000000000000     
   1.3911189544018906E-009   0.0000000000000000     
 comp:           2
  -2.1035668017916542E-006  -0.0000000000000000     
  -6.5232065895792921E-007  -0.0000000000000000     
  -2.0588689034436502E-007  -0.0000000000000000     
  -6.5094698062241640E-008  -0.0000000000000000     
  -2.0584357259225370E-008  -0.0000000000000000     
  -6.5093328619797813E-009  -0.0000000000000000     
  -2.0584313949869996E-009  -0.0000000000000000     
  -6.5093315070088669E-010  -0.0000000000000000     
  -2.0584313235897341E-010  -0.0000000000000000     
  -6.5093317482096125E-011  -0.0000000000000000     
 comp:           3
  0.94362759055198686       -9.2923354713817839E-005  -9.8474605495014350E-005
  0.99459987300851482       -9.7942830119904868E-005  -9.8474605495014350E-005
  0.99946224991782284       -9.8421650767817047E-005  -9.8474605495014350E-005
  0.99994624751440286       -9.8469312240200799E-005  -9.8474605495014350E-005
  0.99999462497656455       -9.8474076191702015E-005  -9.8474605495014350E-005
  0.99999946249990745       -9.8474552564904781E-005  -9.8474605495014350E-005
  0.99999994625001387       -9.8474600202005670E-005  -9.8474605495014350E-005
  0.99999999462500178       -9.8474604965713517E-005  -9.8474605495014350E-005
  0.99999999946250018       -9.8474605442084264E-005  -9.8474605495014350E-005
  0.99999999994624944       -9.8474605489721288E-005  -9.8474605495014350E-005
 
 part: i_fks+j_fks
 comp:           0
   1.0000000151720307        289.00020133393087        289.00019694921099     
   1.0000000014547779        289.00019736964208        289.00019694921099     
   1.0000000001448812        289.00019699108168        289.00019694921099     
   1.0000000000144822        289.00019695339637        289.00019694921099     
   1.0000000000014482        289.00019694962953        289.00019694921099     
   1.0000000000001450        289.00019694925288        289.00019694921099     
   1.0000000000000147        289.00019694921525        289.00019694921099     
   1.0000000000000013        289.00019694921139        289.00019694921099     
   1.0000000000000002        289.00019694921104        289.00019694921099     
  0.99999999999999978        289.00019694921093        289.00019694921099     
 comp:           1
   4.4955638505101763E-005   0.0000000000000000     
   1.3940841673554305E-005   0.0000000000000000     
   4.4000393081776398E-006   0.0000000000000000     
   1.3911484589851990E-006   0.0000000000000000     
   4.3991135580644934E-007   0.0000000000000000     
   1.3911191924273670E-007   0.0000000000000000     
   4.3991043023578417E-008   0.0000000000000000     
   1.3911189028545208E-008   0.0000000000000000     
   4.3991041497736845E-009   0.0000000000000000     
   1.3911189544018906E-009   0.0000000000000000     
 comp:           2
  -2.1035668017916542E-006   0.0000000000000000     
  -6.5232065895792921E-007   0.0000000000000000     
  -2.0588689034436502E-007   0.0000000000000000     
  -6.5094698062241640E-008   0.0000000000000000     
  -2.0584357259225370E-008   0.0000000000000000     
  -6.5093328619797813E-009   0.0000000000000000     
  -2.0584313949869996E-009   0.0000000000000000     
  -6.5093315070088669E-010   0.0000000000000000     
  -2.0584313235897341E-010   0.0000000000000000     
  -6.5093317482096125E-011   0.0000000000000000     
 comp:           3
  0.99999997944605623       -289.00019100911720       -289.00019694921099     
  0.99999999803152362       -289.00019638032092       -289.00019694921099     
  0.99999999980398124       -289.00019689256152       -289.00019694921099     
  0.99999999998040656       -289.00019694354847       -289.00019694921099     
  0.99999999999804079       -289.00019694864477       -289.00019694921099     
  0.99999999999980405       -289.00019694915437       -289.00019694921099     
  0.99999999999998057       -289.00019694920536       -289.00019694921099     
  0.99999999999999789       -289.00019694921036       -289.00019694921099     
   1.0000000000000000       -289.00019694921099       -289.00019694921099     
  0.99999999999999956       -289.00019694921087       -289.00019694921099     
