   0.0000000000000000        0.0000000000000000        0.0000000000000000        0.0000000000000000        0.0000000000000000        0.0000000000000000        0.0000000000000000        0.0000000000000000        0.0000000000000000        0.0000000000000000        0.0000000000000000        0.0000000000000000        0.0000000000000000     
  0.28037435796043614       0.18280851697167294        2.1794326843718216E-003   1.0678700022291069E-002   1.3119774150565028E-002   3.7143213306190991E-002   1.4694956169893100E-002   1.4620196124259676E-002  0.26177900717384794       0.12155769942629574        8.4305656497420445E-002   2.9000904379938922E-002   1.8046209437192252E-002
  0.57519240483966683       0.75812458539680894       0.82618963235169618       0.87458349234082988       0.70294407444540585       0.67732997785674998       0.67093153810460404       0.72167182774236183       0.57519240483966683       0.82647705201670896       0.73803890227156743       0.76527774163600715       0.95889746676797583     
  0.32308775849167837       0.29159682082703475        4.7121867894188100E-003   2.0971348690730848E-002   2.7429099094893734E-002   7.3520795749632689E-002   2.9796653894976394E-002   2.8656605156253748E-002  0.48508660561680117       0.15904280418442318       0.14103516015328360        5.7353660541582092E-002   3.4681601807111009E-002
  0.93213297003058226       0.90485026139236191        1.0580816518175666       0.93298494127475395       0.70979980943109744       0.77056064218768106       0.74341783088150049       0.75044702960581655        1.6892625109352355        1.1138298486075526       0.75092041295202150        1.0072792276316989       0.91890731917009638     
  0.33857506754757771       0.34524641398912920        7.2677563701255502E-003   3.0831861904713896E-002   4.2953306149893622E-002  0.10654019135678390        4.5922139857999311E-002   4.3432445286443203E-002  0.51230681974131320       0.17812834065134150       0.17059446100301251        8.2950363850465475E-002   4.9442196260345891E-002
  0.79925699871662836       0.91884528605230265       0.96967057428119718       0.72064067379985519       0.83805226821853485       0.81660295753368684       0.79859864355809085       0.80111938427233109       0.85572913508056170       0.83396356649066217       0.73956054977679364       0.98872506338445632       0.64557045100170340     
  0.35171016968166313       0.38125801204412996        9.1272825378275798E-003   4.0316619623090133E-002   5.7858603675181287E-002  0.13800190052982161        6.1087851096241493E-002   5.9625168918958076E-002  0.53679832814914563       0.19174712241248873       0.19541360258696910       0.10288262791067548        6.4764271744847224E-002
  0.78924987869900032       0.87744783136936555       0.95853106740116500       0.80825010797075136       0.97700604496565568       0.84456110514754956       0.71750485861302227       0.80243817159277930       0.76823678658950256       0.89936162556135268       0.75579815958494601       0.80287565050602461       0.74843244658827646     
  0.36454008732664034       0.41235769846107034        1.0586689954565728E-002   5.0024321783417244E-002   7.2870264817294722E-002  0.16790420480770804        7.5518011057979575E-002   7.7475800765704400E-002  0.55525173527138449       0.20285503676523617       0.21723867057928764       0.11738401224297201        8.1893893116504288E-002
  0.73204342967457980       0.83276649983279316       0.76276675153049178       0.70288262953782232       0.71585128445497725       0.75039528143328504       0.70480612743989923       0.80577611148845441       0.77835945635283366       0.86416237169380605       0.74396125813637637       0.66537205627388885       0.77072810829857230     
  0.37816672818833758       0.43997247454562344        1.2151670184753230E-002   6.1038807166287609E-002   8.8992274198203977E-002  0.19465975072365257        9.0380697932288326E-002   9.4921426607164044E-002  0.57140771434846183       0.21205607552099046       0.23993067582202796       0.13051681788976877        9.8989136158555438E-002
  0.86432266767252575       0.78724241013972240       0.71878194593485112       0.97325675725643090       0.81375094882483257       0.76251617028652896       0.81719673922815717       0.82028204262283766       0.89134597074300403       0.85944715052682241       0.82428093249280876       0.71531254230417973       0.87384638324472941     
  0.39004918761264729       0.46396081098425701        1.3700316652765197E-002   7.2184516060992493E-002  0.10496021805570618       0.22060112789489239       0.10537303784816637       0.10991747162515797       0.58646392272890269       0.22062980502942373       0.26422607305763135       0.14459717960445032       0.11454481997635034     
  0.69779571826177900       0.67112006849169281       0.77814856810386768       0.87236533915557513       0.84583507904685040       0.83211713720624603       0.73539768328188815       0.62567034355705631       0.74014501561973645       0.78022984199495737       0.78090605629492404       0.90644612895488685       0.79194310251097533     
  0.40161055085993241       0.48747266948447693        1.5443810179532627E-002   8.3577169801640719E-002  0.12085632209764123       0.24771797029906156       0.12109755343539083       0.12367575563311689       0.60090659268891988       0.22871711933090205       0.28907086862330628       0.16262854134356106       0.12973801918331179     
  0.72510919968438103       0.89995667664203827       0.77401754801357547       0.76249254653432375       0.86758948270600922       0.84263290759475784       0.75227703698269721       0.73528374169898025       0.73678660375658656       0.78880754614736415       0.90441648875596747       0.81402018162887824       0.84982858656813565     
  0.41234914239068832       0.50833717564291292        1.7257923987681154E-002   9.4564099992348730E-002  0.13761788268287709       0.27234488446203520       0.13604533584105771       0.13754500036138773       0.61488203764571769       0.23645872140602014       0.31259461168062030       0.18185392987667376       0.14409222027380447     
  0.80561352499366334       0.86878447024323979       0.68848728083328781       0.84628613052082369       0.78703795302875046       0.94332055975761020       0.76813291022827923       0.75900770612198509       0.81850397641341832       0.94827850672061620        1.0895000435809208       0.68430879129528832       0.77781408202270497     
  0.42270559214960901       0.52924444170375928        1.9875142160169924E-002  0.10513205349832144       0.15527229187690988       0.29614818731523418       0.15156214235919382       0.15231596896802307       0.62794756618460823       0.24417393650603600       0.33471081055497093       0.20387515421392866       0.15847828218899920     
  0.78850464387659591       0.87141619471619025       0.82805810991722595       0.91622538994975677       0.68912598078873677       0.80432022259158475       0.76783976641483898       0.76670968888988000       0.71830972876250465       0.82553247329731905       0.77789107587454220       0.89434483653213737       0.91237361358174118     
  0.43356280144736431       0.54485733803453540        2.2804443817127481E-002  0.11580498046530791       0.17334805444067070       0.31861593501358504       0.16718183730230829       0.16880865203635192       0.64041481979967252       0.25152472723557656       0.35479632197468491       0.22362736742724015       0.17290340634869672     
  0.88827275686535467       0.72235164026737375       0.81044029179347754       0.64549230648045786       0.98465168420802140       0.80356340521225011       0.81652631357176919       0.71164746840037396       0.87758031009201021       0.90255666833314052       0.78697266797263510       0.72379747558012142       0.71536979832306136     
  0.44476046425555538       0.55754754766912484        2.5719265760807668E-002  0.12603825376454289       0.19056057640500140       0.34136696092364843       0.18303546619573138       0.18657917961952672       0.65207333005358858       0.25849127086118556       0.37429655924641131       0.24270698778062388       0.18921594132935080     
  0.81913599191984243       0.73652568294657328       0.78406506093491601       0.81477465961622464       0.83834131177888205       0.79255066636298466       0.79695095967761032       0.89539499923701305       0.87284201085890201       0.93697497103534122       0.82487635599980336       0.79171331415955959       0.68721917723765624     
  0.45707905444989189       0.56814606108946797        2.8747273110510032E-002  0.13665615993579672       0.20673241136298640       0.36237955995601090       0.19882889985974583       0.20501543256989740       0.66280703866179080       0.26523594712788434       0.39342838236932542       0.26154163566794913       0.20636233934037077     
  0.74915043809421911       0.63573822128688928       0.83650194758217988       0.97046653473759747       0.74517034770040125       0.82685073304843737       0.79561927954284695       0.82185538302408068       0.80236605214602552       0.90176043156956565       0.75785797828188706        1.1201634501544206       0.71873005663116107     
  0.46589430449532948       0.57927182989546000        3.1649884345481279E-002  0.14683518073755789       0.22222043125338029       0.38193736975561765       0.21570496610874954       0.22351645053811894       0.67301026509805606       0.27178907811980246       0.41021415679992140       0.28083798232534868       0.22390021020910991     
  0.67748634260405416       0.71643333628453076       0.86504418502679536       0.93255541840661538       0.83956058703266001       0.79204537771938155       0.81577675384234238       0.85686242940453206       0.66475159773218340       0.76175400386167724       0.71123094085327243       0.90723343210630603       0.81494100670962921     
  0.47408170889844248       0.59400955039678616        3.4578197099849918E-002  0.15683479410384771       0.23750563549184631       0.40165175192389624       0.23309978825839303       0.24150639015092776       0.68293945720362781       0.27790598489905000       0.42538785736947798       0.29994364187982192       0.24086424260039765     
  0.71316780540373259       0.72464179781202076       0.76555246533353793       0.80660701039072980       0.83438592490451202       0.75838787108562156       0.85596985292760375       0.86238876815696497       0.74948999455816645       0.73131482630964351       0.72271772235536613       0.87132385438462256       0.80946649071295296     
  0.48084442811192274       0.60938228551821882        3.7640993620398959E-002  0.16668820409511972       0.25290428555156941       0.42210735551811868       0.25072550216585687       0.25828154165645151       0.69198539138900028       0.28392117077346468       0.44001833075909008       0.31786283130058679       0.25742881100373866     
  0.74246499962055168       0.90172369971207744       0.81903421125334308        1.1443134312791881       0.78616202610807384       0.77634018801682436       0.76236728101317697       0.86323959336091838       0.85229923311284017       0.90162743901254683       0.88440209948246606       0.95455743784026548       0.83891760044343455     
  0.48906039905811932       0.62382280089760644        4.0749760605616796E-002  0.17670785530540056       0.26917757724578689       0.44227954909423456       0.26832929969887670       0.27433947692457239       0.70047148966774830       0.28968476170976543       0.45462091351793932       0.33674279614593428       0.27380950192905718     
  0.65550144837359026       0.85360055997542417       0.90078626689702013       0.73112229953441821       0.74865324525825683       0.60962247166555694       0.87350316386179627       0.78492121476742449       0.75781928263836074       0.64676545416584474       0.81579454351384273       0.98202607166237199       0.69987159000342247     
  0.50072407240081052       0.63829894024479439        4.4054441396372830E-002  0.18743544471470167       0.28576306187364964       0.46253165511763256       0.28520373230983798       0.29080098171262553       0.70880090991784028       0.29575060752677618       0.46797406323946339       0.35663027555721172       0.28999235787632893     
  0.76521185902996236       0.86946268894120016       0.72815060953264621       0.77145887856642048       0.80134932720355634       0.69478160162652414       0.83688412233793463       0.76191200544489968       0.81725751957357695       0.78027146039066853       0.71675714232789789       0.84362376008456763       0.77442718465615168     
  0.51235131031208314       0.65243109109931174        4.7654787451766614E-002  0.19861191500983966       0.30309850424664064       0.48344957208685868       0.30090416153610794       0.30817321725478547       0.71740058896154535       0.30187912598600602       0.48084064827726058       0.37605422822812079       0.30729393441618241     
  0.69748281138199286       0.76112410313652279       0.78478181102792244       0.95297473616541017       0.85718318455291298       0.63693906909695408       0.91275624482228046       0.84936936793212958       0.68694170261555654       0.76446084517751112       0.81101670237866552       0.80283292487070634       0.84608098679709443     
  0.52331986022026444       0.66558129026889334        5.1214804683185691E-002  0.20975707834040719       0.32128034346307127       0.50333026406805270       0.31665296476588134       0.32587120786829576       0.72602750786634473       0.30793561642063783       0.49391328421802833       0.39485474025520939       0.32433637969515466     
  0.83459666635619789       0.72565090685237943       0.78373574639478427       0.86343067756469360       0.72326085054554379       0.74700987409917907       0.80241164493998596       0.90668669793007128       0.98217124373083353       0.69599551431797546       0.69994854714543608       0.93197398500271234       0.71479054116597107     
  0.53381518045658827       0.67758442768435301        5.4876086854690857E-002  0.22107664380827050       0.34007556350890938       0.52248562243014252       0.33364052176148351       0.34265450953745880       0.73405613912507195       0.31402317368887350       0.50779654336504765       0.41274111611519787       0.34095873465530802     
  0.89770531866410630       0.83446389941765531       0.73570158310171863       0.91580455925767601       0.92500338863844012       0.77774569520417824       0.94503680002130186       0.85585219092113496       0.99751331085322237       0.78682516101819877       0.87659883584705844       0.95049236689473604       0.80331058451636606     
  0.54431912068945476       0.68900965416177429        5.8990303032977885E-002  0.23267729722860767       0.35568561074251109       0.54149507936948871       0.35054209158921484       0.35864024324076293       0.74158230482232323       0.32029105616051345       0.52178672006666582       0.42995504872059076       0.35778984068010722     
  0.79095976267424728       0.73211845688776123       0.83161081243358148       0.87489298624180045       0.81347661716800568        1.0208423732816843       0.84490907848632812       0.84539160730603657       0.94049021824645940       0.97297351810053445       0.82751778657732289       0.70639555571348112       0.73889029172573462     
  0.55471754705763943       0.70007267327438971        6.3127592678254504E-002  0.24534231822842614       0.36562080985716705       0.56028809049205253       0.36673592736171839       0.37410366384037713       0.74872068035633810       0.32665023334050997       0.53520861778519746       0.44715727416905265       0.37501426499475976     
  0.71413897421916905       0.82109415711864542       0.74861244719443865       0.84435232752824119       0.74186681275317523       0.79996280326138947       0.64524616343120889       0.65660361288296432       0.93120005318955612       0.93432468441564964       0.76255457407367022       0.71367170493562049       0.82992609472380696     
  0.56477518656319803       0.71026309223975226        6.8117232311474193E-002  0.25699775295483851       0.37464428032741698       0.57881050505530685       0.38227262822912322       0.38865852494304198       0.75594180626607776       0.33254589986515382       0.54865073777643980       0.46470475931187855       0.39225362738852082     
  0.88577183543766713       0.71019977821680624       0.89281575580656436       0.68329397456695373       0.69736944568813974       0.79345417289631404       0.73614139936738909       0.86415345019133272       0.68190288958352274       0.71603796061580705        1.0364324155410725       0.89029095860912688       0.70169351702784877     
  0.57519059605434708       0.72055195868927924        7.3691642072510444E-002  0.26873672589582065       0.38405491187100654       0.59648967551747845       0.39649104875295643       0.40184176778626207       0.76346541557968250       0.33821325624759740       0.56316453668450839       0.48177482395535587       0.40876261783518142     
  0.83365664222766711       0.87755840261433704       0.73194640463145777       0.75879659735456073       0.67601582648506575       0.73417606504004918       0.86451628582381923       0.79269290842959061       0.82951434434475546       0.81293849692060816       0.84758430563118492       0.77120361296643369       0.73344433404539067     
  0.58622215029045277       0.73164078241867569        7.9527477463478824E-002  0.28044077573918547       0.39647238536843438       0.61322089280975489       0.41148596078973643       0.41418891119725509       0.77102511585887124       0.34405629138411281       0.57839725116182605       0.49774220766105132       0.42380444099177977     
  0.73008131189285230       0.67910040569473440       0.79371475383861900       0.80737976879407447       0.57731081178436228       0.69966989007830560       0.74477034371787321       0.57825405460013279       0.81866323207308112       0.76265605268008552       0.80355864598786608       0.81682278302922529       0.69412227400991766     
  0.59719784749762039       0.74273821215539926        8.5695356898641467E-002  0.28895769808178468       0.41159954210216526       0.62984679025578194       0.42710485470020282       0.42634323742600649       0.77819289621998999       0.35017757588054588       0.59302165614652103       0.51280297541208830       0.43740206828534894     
  0.78675772723811099       0.88095570828802405       0.86075762386329746       0.74575643628486732       0.72396283537534722       0.81301280423265454       0.77363190808066629       0.73353960466050316       0.82688339205418149       0.66465270670664811       0.82809285191752957       0.75249151958959570       0.68671518343762472     
  0.60750237699497955       0.75316901250403112        9.2341584099240939E-002  0.29814337892122639       0.42805436545482139       0.64649833043818905       0.44392421121112458       0.43922633815020307       0.78443721581509684       0.35643510824551317       0.60667687291527861       0.52775148164559438       0.45020527855028381     
  0.90349288439725473       0.72426804916455589       0.78795137575091045       0.68760565843268540       0.73177353667853051       0.77590055085676657       0.72318668693960098       0.70710312284696120       0.75514908696599159       0.74193387609361039       0.85105733028084540       0.63261654075596863       0.66553062292162712     
  0.61859641389667808       0.76343419005836077        9.9249269187366804E-002  0.30695020421968072       0.44334751779128589       0.66293841220796401       0.45773663812939352       0.45273917043982403       0.79039784116492540       0.36261644877529425       0.61932515323074289       0.54301325437812420       0.46336716334706157     
  0.80121158978835860       0.66847490329309744       0.77617452336787585       0.72682717421548082       0.73878895157385627       0.92100221483620781       0.82744770847382476       0.81119055894048964       0.68257933039205110       0.74766266127174996       0.75167843742641627       0.69982822896161367       0.94037160567198619     
  0.63043067492461935       0.77388296070638474       0.10605558612253371       0.31691635549454428       0.45825588952513391       0.67863390749718089       0.46726022987247978       0.46653022139868056       0.79681077474752993       0.36857791233943743       0.63164429247191722       0.55871576565128289       0.47707634595776316     
  0.85479847372620921       0.76481932843777911       0.87900869910193824       0.80359001707302768       0.75299447464537361       0.71250061435826384       0.65896626375500889       0.75589313661339974       0.76297949563155676       0.75910449332860541       0.94903860379470228       0.93784302080784199       0.78478914848828518     
  0.64211314050027946       0.78422732210979273       0.11290805469889180       0.32800753427016932       0.47468574179375933       0.69173754414065680       0.47909312765893303       0.48165668988993304       0.80351756124025109       0.37400962891129086       0.64404843406079981       0.57453112543439611       0.49100682302262949     
  0.83930260892419761       0.92139689261223179       0.85428972878700093       0.89440182085452158       0.73005993853667184       0.66657344560639387       0.76215890168658229       0.81871590575428899       0.81975838246681199       0.80020429915935665       0.81684076553191176       0.82661998191798602       0.68330455428378079     
  0.65398637315326114       0.79435198760667858       0.12027525943397706       0.34080414861955083       0.49274881362795758       0.70252672393094762       0.49336288350244339       0.49871603408767340       0.80976700905227206       0.38065480412011321       0.65673231611597394       0.58998328930030142       0.50588867976982088     
  0.91819989640283184       0.84066427700552071       0.67882780003799981       0.71980443191068977        1.0016180791014131       0.69275826958927189       0.76810391875167228       0.75882604049778624       0.82518808935147814       0.93115450707985992       0.69282207283703034       0.81655920216498645       0.89278148368282495     
  0.66620458967088780       0.80391050060060165       0.12832782892038153       0.35349315038456186       0.51123696745697966       0.71146379760269740       0.50931793315106177       0.51559277799615244       0.81562312711975404       0.38775699441234979       0.66872676050821755       0.60491441486898567       0.52177389040260302     
  0.88144750444009268       0.92246321238629114        1.1328793492921210       0.79485669962565819       0.73773324674527196       0.72104755957436839       0.88629244699138643       0.95528003519198434       0.76280921832619175       0.73971966059543126       0.72897677157901752       0.89826005728891245       0.88472318522119409     
  0.67833685885036565       0.81279360373953091       0.13685250989363365       0.36619738818245101       0.52921315178299622       0.72016571564224863       0.52561936769623685       0.53237644796526395       0.82191527632097794       0.39443130144602934       0.68028789013559787       0.61923715522878631       0.53820614172806280     
  0.91191050410364594       0.72568296653393294       0.80794062463271066       0.78390269898963905       0.82520228105010507       0.71442862952938180       0.86012339435191631        1.0211288467960804       0.69202761460267559       0.79228023904616296       0.76787757339337226       0.73942231357343202       0.92412480201949765     
  0.69023869585406272       0.82140201312554451       0.14575388318472479       0.37978987551492616       0.54647379820644404       0.73092429075359466       0.54142857959869373       0.54914028053084463       0.82843243218191598       0.40051740391862845       0.69215267087346610       0.63350704512435319       0.55532504587404907     
  0.76999828640102075       0.82573373919154180       0.84073998286468832       0.87616611991248239        1.0710369658348795       0.66228932257308604       0.61783386474916246       0.70053546925635912       0.76339694597970909       0.71441030625807245       0.74900677040986940       0.80460107643698731       0.86131412053656520     
  0.70107295022465876       0.82990418266390698       0.15497024934047884       0.39439505605130265       0.56300003842839730       0.74485332816145122       0.55705713939233192       0.56592582184639073       0.83505788535376402       0.40602399385015714       0.70365285405357281       0.64759985157160971       0.57144306131907818     
   1.0276198205357705       0.75569034307842409       0.85053375964207711       0.87030540566602743       0.87447732362713004       0.88404521914521250       0.79284533292803061       0.79906071345446095       0.75866963252830766       0.75191000115829354       0.73530676067532641       0.90755568646272522       0.88856271090697792     
  0.71074879231999610       0.83827861647571689       0.16430406994452490       0.40945186621611779       0.57876430475537510       0.75731246589417656       0.57305245839472430       0.58267509490954739       0.84162513149785856       0.41195210152676609       0.71456956488011603       0.66099564894585472       0.58738778146370374     
  0.74179946078833026       0.80893559356626255       0.67353149603249718       0.80780597488155881       0.77705876047620170       0.73565676614149222       0.83042433066894283       0.96924301467078322       0.84446036022423010       0.89020778548934354       0.74261960685156647       0.81839871833588163       0.72342260285639626     
  0.72105360788131623       0.84663654738598382       0.17388469431247280       0.42474276085956980       0.59596668898847360       0.76885843757752237       0.58910100871745319       0.59879382868558428       0.84805935110475406       0.41835083691474118       0.72509966497071165       0.67327233322993307       0.60358296541634648     
  0.65787466646884141       0.75351802866106798       0.72107549590183695       0.82515359812679090       0.82906818905764856       0.80374227238273976       0.81816397751308978       0.88207661954217376       0.82113037783610821       0.88343578661891631       0.92605333722565675       0.77515237502304501       0.98446596141054943     
  0.73275984522568594       0.85505180358369703       0.18407808237990625       0.44042873296656854       0.61135934979583595       0.78116211683074432       0.60476485332616969       0.61466282630000768       0.85381159326084333       0.42439729289161809       0.73566045747449127       0.68583387689292541       0.62010299404237923     
  0.82503609940812572       0.83072715956339949       0.84542809603976465       0.78964093116702627       0.78637937628385612       0.78364307627740593       0.71888826956042751       0.90774147048932896       0.77549525513190365       0.76226967598809703       0.80412874495927023       0.76662177180984103       0.86975176969015633     
  0.74536665932785917       0.86328507121292009       0.19518649026084942       0.45652175477832097       0.62752507875475672       0.79341952853109587       0.62088037611666236       0.63056071439532535       0.85932735036254981       0.42950346915160892       0.74643790631970064       0.69969337055326308       0.63578828101852103     
  0.92250180892648803       0.82256033109059756       0.77560112528957670       0.68333144765721499       0.82878206685215605       0.83535870770088716       0.71462470686510715       0.75177289140664205       0.75790460071763566       0.74674185549814376       0.74637535605766758       0.81890602340396135       0.84746355281079533     
  0.75777964523118557       0.87118565888106581       0.20716431708047867       0.47287872063200315       0.64299511865957204       0.80592367631902639       0.63715896734031319       0.64563119700773419       0.86440739440814673       0.43469197039335844       0.75678580295377618       0.71366268351130357       0.65158890228594313     
  0.77720321503942846       0.93842783275825348       0.78260882000144971       0.87722925691538134       0.76050693452827889       0.92245818668589263       0.79971231045704128       0.77348309322070052       0.72577953262482453       0.76582937671805040       0.88983782429482028       0.71170411332296812       0.80164624166559240     
  0.76956839150279954       0.87881276750803283       0.21958145253444569       0.48924341606354410       0.65921389557550480       0.81833573253649705       0.65188262926099128       0.65912686146085719       0.86983785885211917       0.43972441134953616       0.76698624309047969       0.72724890599347369       0.66506542686643466     
  0.93409198461046694       0.73311561878760556       0.94084384057166615       0.71987665344527840       0.75457769809842778       0.77846418529828088       0.69427334471455904       0.69832395694358396       0.77912507420518928       0.67760891812054003       0.71818864720400555       0.88304814532014464       0.72689173791243156     
  0.78062920777566425       0.88622140463397880       0.23327067442351593       0.50506327523879002       0.67607690756249672       0.82988917171484911       0.66556059187834127       0.67245424311531676       0.87425407522635568       0.44522751927400434       0.77734822217998634       0.74068665101936515       0.67619629474596321     
  0.67755636288525101       0.77510290336114473       0.77600059620870754       0.72603761925929233       0.87047191561493942       0.86933003926088981       0.74775561664183021       0.67820819762529161       0.69259961608474274       0.85611754010533658       0.79874706719177668       0.68628331045715918       0.63102209262892162     
  0.79084495232530050       0.89336433179322694       0.24752307079494762       0.52072412991152472       0.69487631140053863       0.84037920929126508       0.67885057034168361       0.68268270027443423       0.87810868507265250       0.45272081476818893       0.78808767715816275       0.75425180919613155       0.68800921310175489     
  0.87457050952802240       0.78884081636245473       0.73029546381261379       0.79769806548235711       0.76225586876077844       0.79244689688328329       0.73158257723070963       0.69901312515394387       0.69373501534846249       0.76546397781758979        1.0089384614902253       0.67186453690149672       0.81438479081815129     
  0.80156745711470900       0.90021625699376795       0.26158259039918969       0.53704914991005370       0.71449020339450942       0.85157410647966580       0.69288147522037391       0.69411287416111267       0.88179108819459984       0.46074480550079072       0.79865818528958232       0.76790983133167179       0.70034695908205902     
  0.71823015420802683       0.79405592625469779       0.79624502288725385       0.73164727661364370       0.97125049208343084       0.80290288399764598       0.77551828740943674       0.67499074412587834       0.61294483858398241       0.73045057785889145       0.75469750709870154       0.75325944187295091       0.69773559679228692     
  0.81249844544112360       0.90672510129911388       0.27557908543036697       0.55510877027901384       0.73045565286267511       0.86135881077382925       0.70851873953206757       0.70526649353941340       0.88603238098927461       0.46787870201021847       0.80867678966778833       0.78090014569440036       0.71525429449993083     
  0.81193310411470732       0.77078725705152540       0.70471988168057287       0.67281755767825102       0.95324776714905568       0.69148513773364584       0.84905923439119024       0.77254193067163635       0.75196915950741794       0.74816071019869457       0.86314500415626261       0.61518986394600028       0.75235619593806935     
  0.82345990101894639       0.91303336588415795       0.29034114682285533       0.57505907974497195       0.74665154814874379       0.87201731518930270       0.72605204943172452       0.71984117513782131       0.89119606342176150       0.47496694417639468       0.81746793000844786       0.79456550917030710       0.72989756195614930     
  0.84658070416119846       0.82154595894656490       0.78190673935154997       0.85099894064757819       0.91075306596605443       0.86982766125363897       0.89277878490589557       0.77434391489523380       0.85291306254328869       0.74046856941494099       0.69016537176275905       0.78040292472004091       0.76130799156689044     
  0.83484136738824510       0.91893148257848845       0.30669855055898099       0.59461010472254083       0.76173019933748332       0.88196666837174420       0.74479335175216554       0.73631091847491736       0.89660564352794825       0.48244893182507381       0.82582479135677389       0.80834614173390928       0.74516394787302298     
  0.78814714433596000       0.68544317164473656       0.68269460421476347       0.74521450102560693       0.91797894762336063       0.83524281647880483       0.83697579484474938       0.99205827081997089       0.70834146722545221       0.75490189331171720       0.73020445841068027       0.70083419428995752       0.81065576601919420     
  0.84575882946834213       0.92449669255194289       0.32401869850153131       0.61179086146261197       0.77784272189613390       0.89131217552363295       0.76307908915262102       0.75217185027787070       0.90233083654384272       0.49023208526624840       0.83443046631529305       0.82157402716249905       0.76229765235642122     
  0.95207167789213243       0.78733684750003574       0.86161696682585875       0.77324016749214064       0.74936296275830871       0.96318970683144245       0.93922337377301202       0.66212923295980475       0.83018360603780650       0.84573931817563242       0.66682001239116573       0.84786229690171011       0.95942985546524417     
  0.85701466374275526       0.92958715979184758       0.34239624779556449       0.62677251304528891       0.79188438643013559       0.90041192168155793       0.78066210143150139       0.76930837743527625       0.90809042230106107       0.49827873989111265       0.84391323187386769       0.83326707394656263       0.77996326573582786     
  0.74905523622871883       0.74485509745907807       0.75671402892783679       0.75342029289108303       0.80811626540686010       0.79846200496528019       0.78791097071847360       0.75028032161545322       0.72970950792718214       0.83639331016348017       0.92833479080065184       0.64281442079759632       0.88167668537268118     
  0.86801707928419447       0.93465097900746119       0.36200478675760023       0.64163139087400700       0.80594717430548968       0.90861421084872407       0.79750236153913134       0.78750107919844914       0.91382753507804537       0.50690436447868104       0.85370848922905562       0.84443366730233815       0.79790836128350850     
  0.75309843373760443       0.77967354717486470       0.93128930371975616       0.66398832599352275       0.80619713005056870       0.83238189799064477       0.83796731300656924       0.93962444672823409       0.83544743700849022       0.66933160877184272       0.83477971897442105       0.77298008032183563       0.98634954647877360     
  0.87950254451786170       0.93980221953771748       0.38119043733868019       0.65777415365118697       0.81926557121148369       0.91711440086292284       0.81223609580844025       0.80670072599505405       0.91944346008018740       0.51599276604484412       0.86333198320002968       0.85533013952014203       0.81533546774853016     
  0.77151622578135126       0.68069046974111724       0.75017773780185470       0.75232812681317296       0.71108755599993689       0.83372068181302339       0.84676823975323157       0.91434612047979569       0.79822235307953071       0.92747731218896956       0.65776901726806547       0.80430128311861859       0.74956963673908650     
  0.89080151739050961       0.94500872857130325       0.39924345810061684       0.67699696992072311       0.83418961324495855       0.92486395657536291       0.82739438318355296       0.82441670683414991       0.92495187141849156       0.52588210876989849       0.87298677541076120       0.86641541580189818       0.83114530324887681     
  0.79121006496812274       0.78602191921524400       0.70882797279785104       0.75914553689139042       0.78113403043498031       0.73618570500452929       0.87264726311820551       0.86495485446272868       0.90627661717725383       0.71315955254578811       0.75562633205872054       0.67628873241434384       0.76681846495566020     
  0.90204006303287232       0.95053993184768182       0.41823085872483268       0.69814405925872935       0.84731632873045259       0.93270169816059567       0.84142392466766891       0.84101826273295099       0.93008741716739873       0.53667414816248205       0.88248544990202671       0.87827175060200613       0.84629403730346098     
  0.75433627418438631       0.79532265994567797       0.71661281594953030       0.73532581283824883       0.71172190885606812       0.86339652915204401       0.73610178238902202       0.86680898793632066       0.81961000764626157       0.74547678160402631       0.80857451862832186       0.72416854361532679       0.75119058436846808     
  0.91323889829292582       0.95602257431377835       0.44020056255544493       0.71926965997456105       0.86009129014491481       0.94002676622964887       0.85526784593668237       0.85764040127549057       0.93531470414100260       0.54773597674470209       0.89207350031757826       0.89073386069698768       0.86205551460233165     
  0.80444814151346156       0.92572147968907315       0.84621467826364039       0.73212907344002354       0.64654643722752625       0.94827253634616560       0.84933296631703670       0.80011215927951951       0.83481775932935542       0.80263199941519214       0.83886904677155172       0.69591091007716488       0.72254358930703155     
  0.92428599547467472       0.96127084355498238       0.46623001124917668       0.74049700679102659       0.87268330158061513       0.94656712164231505       0.86946048206696203       0.87341954467429650       0.94035520670298667       0.55935343270294746       0.90246181997439989       0.90326484081920022       0.87917011513850729     
  0.89719255579445478       0.85468837323719993       0.77015756427718685       0.75817142834093576       0.78190868730534768       0.75643535298329545       0.84038026588814285       0.74483593621871436       0.67799892815980289       0.77441578751902729       0.66975362418264417       0.91274544213229214       0.85777484827529782     
  0.93497737491946908       0.96609537970157411       0.49715620620437773       0.76161371702007630       0.88633017949552650       0.95305232202575529       0.88455569769516507       0.88802198568324719       0.94530486316921358       0.57325262302146784       0.91370157203083269       0.91619648599633219       0.89590449588705268     
  0.83950488412085977       0.74183741380908275       0.79704840284639245       0.73485633248858573       0.84152258026797422       0.80644632458243870       0.93256642083075358       0.74729189883054692       0.65143243505735893       0.75180926638793677       0.72732210881912851       0.72784415594853547       0.84807155302039872     
  0.94504896799040139       0.97065472216001059       0.53249809771946133       0.78373441873657768       0.90246016351450131       0.95937231163328518       0.90145382810835029       0.90273922739697277       0.95016613847269649       0.58838958982590339       0.92430794867996968       0.92906174245616058       0.91129975529459595     
  0.77254912509456120       0.72690541318314905       0.87736270129841465       0.69933779315418210       0.81646675906524457       0.77028830141267968       0.82550594742946626       0.81970320390245188       0.85983800179357084       0.81974088793451083       0.83491267948079473       0.73077111340527190       0.79985109274653077     
  0.95472182972390418       0.97536417749531334       0.57137830128746092       0.80868034611289130       0.91961847482808501       0.96583688608622209       0.91811962007569214       0.91721615930087164       0.95525978336936834       0.60415875101311212       0.93508304603733361       0.94183327657835025       0.92506790844790976     
  0.76924111192569999       0.83420688970219548       0.75295394693973139       0.86152493991008094       0.84105426375361514       0.82144270874076675       0.90067202612937236       0.80987927692981598       0.75061687173934943       0.69939193832354540       0.78076666568178910       0.84610419666018921       0.91516104722435732     
  0.96485223227399464       0.98035659469571457       0.61667571632099050       0.83661811932569086       0.93690965555544325       0.97313509165969359       0.93401125839779564       0.93223930500116881       0.96121531088000411       0.62174116048579409       0.94586390113316965       0.95418259230195446       0.93950573833523310     
  0.71813211416056211       0.74971098003610959       0.72641986637565448       0.71515394612692773       0.73114461685473975       0.84756279092526077       0.77968203952464021       0.80114763349219109       0.90822556722686676       0.77501792935240621       0.92550024132564634       0.88389720838286046       0.68197604757693620     
  0.97515677505738718       0.98518323820244980       0.67469833671093316       0.87298869080962815       0.95328046009147938       0.97990965005978625       0.94827458626442263       0.94941631885209732       0.96801281751656754       0.63795444078407737       0.95799964097315937       0.96613108458891495       0.95350492664285591     
  0.76441270551599716       0.84930532362651834       0.75027211948937833       0.91280215576183421       0.92077659666864697       0.88800339468832834       0.81734564197606507       0.76501013318158662       0.93892362452740719       0.67512236859704355       0.76977513769159045       0.83982195508439406       0.81572114277624885     
  0.98492482586896468       0.98997194726202820       0.74929967968662059       0.91011146666189846       0.96941441238251813       0.98634461064687051       0.96433293992242608       0.96624936173823939       0.97605488207646829       0.67388877915708378       0.97082979115103374       0.97820802820913966       0.96999279740798339     
  0.92784897623689122       0.80071540122478913       0.77005925040686274       0.74212176281808395       0.66425227292201983       0.86368068153026545       0.85673463565475405       0.87739293692395814       0.88403516221559864       0.83953921239399421       0.80364966032464347       0.77039879631921393        1.0830171714387282     
  0.99284430509584587       0.99494478229485706       0.85314702615076476       0.95410083522122302       0.98458231676144115       0.99334590208416340       0.98213428683365300       0.98258172241762520       0.98683343828872661       0.78846645606833410       0.98493912865231681       0.98895161891393346       0.98506484006519046     
  0.85149725302576884        1.0031969529959108       0.71017473889674687       0.88960228829827348       0.77197632475770417       0.93735148882811337       0.87676382148129872       0.79788514143882427        1.0758131759900478        1.1482808133192131       0.93369143693493828       0.81124145609528531       0.77165811421494612     
   1.0000000000000000        1.0000000000000000        1.0000000000000000        1.0000000000000000        1.0000000000000000        1.0000000000000000        1.0000000000000000        1.0000000000000000        1.0000000000000000        1.0000000000000000        1.0000000000000000        1.0000000000000000        1.0000000000000000     
  0.80857504957564685       0.96429742593332068       0.71126805183570807       0.79349534416205791       0.92673372805200771        1.0516836948616015       0.92444724919832744        1.0639008158361967       0.66060112800703863       0.63991965519576266       0.83356605777684423       0.71184606811976892       0.76206193664034172     
   9.7237644367955181        14.854454243038150        15.657608592857073        5.2792126067057454        12.232513249798089        10.556458545745672        15.563521294699886        8.7960626019812160        0.0000000000000000        5.9922671383754782        6.9968362726457665        8.5756882180962677        9.4703508345862613     
   8.6755333010345304        11.218264478997874        9.1290798759696035        9.9748260533862965        11.589799930811461        10.106075391872700        9.7854016978052716        11.703005041649655        9.6618015901349743        9.2386737007617086        11.594445974544652        10.970972131171962        12.887737391479510     
   9.3684360840429690        10.837752094409627        8.1576208333681741        14.370884684061398        7.3902381015408203        7.3000279884901724        9.8635547862783728        9.6677171162632227        11.753961175281336        10.797424952023759        7.8989034308151345        11.827029797133754        13.665381469950637     
   9.4513579841564628        14.704937625699433        7.0440569819150731        10.340505489113722        10.607373192020313        6.8825772455822731        8.4297481184298864        9.7931073321489137        11.342071259687204        8.4525958276644886        9.7234450200175733        10.612746923279191        10.303313778584494     
   12.026919669284013        13.697938345155929        5.0168579250254490        12.543768783442902        9.8488846912987302        8.4406301735022300        11.082632263286119        10.964682838747843        12.260882117230640        14.238126770970121        10.722259720351348        10.180983776365713        6.2575696225002062     
   9.6472220096956001        14.238011646778617        8.3853193848357712        10.158102790804730        8.1020785309891341        7.9389579247215059        9.0743506316962357        10.898330172848192        11.251230106294978        7.9978852394944981        12.262215723631401        11.124408189583798        11.296397629921019     
   10.026745541524804        10.943902609714261        9.4909409335107462        12.436860251512250        10.773706868569745        10.680079155802487        10.146049007995892        9.2713166994716847        7.3323197937104592        8.0114749088299124        10.228264415328002        8.8036656781760758        11.209596711315164     
   11.199664004689545        4.5334601541498003        12.009033116000060        12.085096963996047        11.612847155380164        17.458772422968522        8.6443303344413618        11.618436501931113        8.6834666909966547       0.10344419774295492        8.7469722877143408        10.403870262525256        9.5668956389387816     
   6.5827536209584229E-004
           1           1           1           1           1           1           1           1           1           1           1           1           1
   7.7201719955339915E-004   6.6902474578346834E-004   7.3998841982857359E-007   10.023128152675570        1.2494784353029960E-005   1.9871872877709989E-008
   1.6720254380557298E-005   1.6658083296504963E-005   1.2353526964850346E-006  0.27764331636110934        1.2350208150754175E-006   1.9558897582779296E-009
   5.0000000000000001E-003   10.413061353080415     
