   0.0000000000000000        0.0000000000000000        0.0000000000000000        0.0000000000000000        0.0000000000000000        0.0000000000000000        0.0000000000000000        0.0000000000000000        0.0000000000000000        0.0000000000000000        0.0000000000000000        0.0000000000000000        0.0000000000000000     
   6.2908763243636756E-002   7.2172454166156128E-002   2.5413023807942200E-003   3.1434054007726649E-002   1.6450558690163649E-002   2.5069707672379433E-002   1.1385517737897649E-002   1.8451939370917023E-002  0.32905230715763339       0.11245125977352716        9.7340720568400069E-002   4.9629413115006182E-002   1.4944114774962271E-002
  0.97042516483176489        1.4254090576144274        1.8967020743703253        1.0278593244389558        1.1125340397699308        1.1512365851355233       0.97774838020231114        1.2332229584927621        1.5383971611006595        1.2116937107726218        1.0824736349235480        1.2700102711924208        1.0890434891425875     
  0.11735347419930452       0.12382869069680164        5.0184509775205175E-003   6.2539379556862659E-002   3.3731683270243014E-002   4.7129749568008208E-002   2.4353769772820909E-002   3.6395889616186387E-002  0.42496889368903618       0.15015458341563342       0.15790626956674148        9.1673423673597015E-002   3.0286637697895896E-002
   1.3885307503941309        1.3108504701349948        1.4221376143722222        1.1876262272082545       0.98412490338326819        1.3537750718280324       0.91948749457593915        1.2614300988074199        1.4251103135066767        1.3214746782431821        1.2368791902002574        1.4383067625291321        1.1301397474286903     
  0.15105253081545000       0.16737121065962829        7.5195522777381620E-003   9.1494901687456401E-002   5.0072880036925824E-002   6.6137012609726889E-002   3.9019449828372452E-002   5.4234266202521433E-002  0.45957407386522436       0.16988949314658661       0.19975930724291152       0.12531151839512264        4.2621901366982094E-002
   1.4875001433847672        1.1875844969474805        1.1423875514019330        1.2004098499560807        1.1289745587228526        1.2561518143909765        1.0267765387391561        1.2576513919131069        1.0407238700934978        1.0815973713253597        1.3425281335458288        1.0932378729589767       0.79230776761343003     
  0.18142155873146115       0.20204670598387459        1.0379663353859670E-002  0.11775235899897954        6.6850194168181970E-002   8.5298224178763579E-002   5.3291321564562615E-002   7.1491080145063529E-002  0.49760448614758901       0.17924754366090231       0.23138582018175310       0.15251606988364644        5.6261807543664930E-002
   1.2333688717067997        1.3792772510300899        1.3215703095074651        1.0898502604374283        1.2590173079713820        1.2935932007021587       0.88584601976392308        1.1202601159607293        1.2711763576999398        1.2258854317572816        1.7891831284432753        1.0093472105254191        1.0009387142170458     
  0.20826727894545974       0.23927083161787252        1.4082279883165830E-002  0.14084204674032788        8.3203497524913489E-002  0.10278738178742323        6.7284304187045701E-002   8.6353490006033831E-002  0.52977334534868614       0.18790540743393147       0.25926551322525704       0.17610540302443292        7.0238842203804108E-002
   1.2417544609800371        1.3259327119725786        1.1972405535270174        1.1651229023862990        1.1810551511808338        1.1393192259839680       0.86994093415337082        1.1888121580713054        1.0648819281978728        1.0560931071942692        1.0809036460749446        1.1695208777705113        1.2051552293527719     
  0.23713038024364128       0.27861442537717407        1.7943925694352568E-002  0.16263419261297066       0.10077836690805399       0.12005435581323998        8.1743265258815867E-002  0.10084862209492627       0.55575839169586427       0.19586696753194985       0.28355083892218841       0.19890504476575971        8.6274583755853257E-002
   1.5931208742595315        1.1161070637969770        1.5283082393890872       0.93722126225358460        1.2460627206604071        1.0762563608739857       0.89819643704794760        1.0692633790256603        1.4032964453339447       0.87378934364779759        1.0805635000017673        1.4455900275664055        1.0735666288055592     
  0.26632741336041643       0.31597019774696267        2.2342838536265345E-002  0.18382613190796585       0.11841053974962762       0.13679155119965525        9.6957249309566992E-002  0.11501103456874677       0.57543453107477616       0.20391826640835853       0.30485263380148681       0.21959232178469651       0.10378707472567943     
   1.3176525326847379        1.2588087084173623        1.1035329601173618        1.2112019762427766        1.0980659053290245        1.0710243319244044        1.1316775719293133        1.1751970572410915        1.0013503039752258        1.0820433337057012        1.1599357166044972        1.1670932965038712        1.1210083185342363     
  0.29101394999795438       0.35250510980513311        2.7228176030468641E-002  0.20447484625531417       0.13411731012258482       0.15398078502668452       0.11306322669632543       0.12973183075414024       0.59300043716482731       0.21027072426759932       0.32411280881156490       0.23476808352334483       0.12151842113728152     
   1.1231170571683757        1.8603826948749336        1.2471198109154866       0.99532129407156367        1.1721818851992813       0.77369810219916801        1.2797878539058001       0.85495961422211963        1.1503609750180259        1.0659177532846520       0.91138810479387811        1.0160126102260016        1.1149130690654192     
  0.30852671725654790       0.40037033093891816        3.2265383945468476E-002  0.22501656694292657       0.14957840758128094       0.16905458664110254       0.12907805730032854       0.14590713794746341       0.61018570184344090       0.21647450419313749       0.34202365990922029       0.24896936902122871       0.13881965131064281     
   1.5815392225637499       0.89557130370164728        1.0487829813340139        1.0999667322962521        1.0086791405928002        1.2559142423457068        1.1634428025856112       0.94068042156565845       0.97871636836687348       0.97852683290501696       0.97869815108242264       0.96025990047827414        1.0678006132169409     
  0.32027176931606705       0.46248721677201576        3.6943356857452175E-002  0.24471610137231931       0.16303734714518500       0.18328548017780252       0.14468839551067231       0.16256997470906695       0.62531714145375183       0.22229009796790314       0.35986382210334328       0.26284000628016485       0.15376146591404755     
   1.1579654455183981       0.84894176981585445        1.2249133647555270        1.0756258596659694        1.0691903875533115       0.98114024384102094        1.0341845320356311        1.1120946288655580        1.0224935586199844        1.0181269477904651       0.89201440203281346       0.81841129045741789       0.98279839304860472     
  0.33150560237286941       0.52839624655493977        4.1739181830200110E-002  0.26347601813270050       0.17654965221947855       0.19835835909494273       0.16035897136874933       0.17947722613791744       0.63934636241070220       0.22875366291386456       0.37752018410811000       0.27936637532659486       0.16768833823239929     
   1.0211122292247954        1.1396011775534709       0.96318679453037448       0.92656469354210880       0.95121415263650033        1.2262532620587365        1.3184749068676862        1.0239739580569398        1.0335155435264880        1.0935498503811214        1.1919538217591470        1.1146215999157385        1.0315246021863729     
  0.34457037434546250       0.58583878472446305        4.6393550532885623E-002  0.28154309793849486       0.19097455591226517       0.21404805162958376       0.17590102125086104       0.19597555561872299       0.65247413844336344       0.23670195127645610       0.39482236205179094       0.29625413403760054       0.18183158575913855     
   1.3507871186175933       0.84855025573432263       0.92496978043960654        1.1181635523313112       0.95889944824737461       0.91275123230868138        1.1644822393761491        1.0812682051428020       0.90568437840160365        1.2303199390674153        1.0762518894966040        1.1920936273748792        1.0150178795629390     
  0.35784803769504814       0.62862251239234168        5.2107382709122636E-002  0.29985374748417748       0.20499012669567210       0.22990885897701135       0.19167015096710632       0.21310121093468423       0.66520739439871479       0.24417800313626126       0.41217657753654302       0.31433402354515150       0.19626364357449749     
   1.0834322539168677       0.90391176781149252        1.0053171062337918        1.3821093930061863        1.1328768491716719        1.0077441513760332        1.1809772642372405        1.2462033264987251        1.4088468093164663        1.3457560956087726        1.1012404775844811        1.3636218668754421       0.97834297440618367     
  0.37245017845615980       0.65799673539013759        5.8128875021164816E-002  0.31818516614504921       0.21722155676279664       0.24677275879424440       0.20726466234002330       0.22922029872662622       0.67841664239915322       0.25180457405037188       0.42851746093303295       0.33184068073062672       0.21011947552710161     
   1.2363343713931096        1.0322610837929866       0.97888429818660505        1.1283800459610145        1.0408191862808287        1.2668184530807400        1.1631484098781324       0.93569746758578309        1.1814599284076652        1.3164301833967598        1.0561849301331188        1.4643011020375034        1.1105235421911785     
  0.38730268477456598       0.67730560347266522        6.4909327128747613E-002  0.33598378114670757       0.22904445159062808       0.26385160924130663       0.22221742874100286       0.24347065711990154       0.69088204907317408       0.25918621084910926       0.44326531913065065       0.35045251930482973       0.22531124117645482     
   1.0697190095890186        1.2086929631357113        1.1578054726891858       0.97357747858678456        1.0153471793438515       0.82572967813815590        1.0710068937210195       0.98657922203340387        1.0690538887738499        1.0178057896202102        1.0002329193722199        1.3467766062435220        1.0930256334654724     
  0.40040704345320388       0.69185922901195773        7.1615059772501294E-002  0.35411881312353538       0.24280067347311390       0.28006341310466526       0.23602240797123178       0.25791140926775885       0.70234739270298385       0.26646026011665214       0.45791112645033311       0.37018088072752586       0.24089445491657174     
   1.1217280857831133        1.1027571614857679        1.2293465561136541        1.2484506168953766        1.0184241899940929        1.0238332643565475        1.1211441813385454       0.96762111671222606       0.93344788176123783        1.1214225721170026        1.0087350874253511        1.1816690077382408        1.0493408252145484     
  0.41383350263602658       0.70393091726652035        7.8156651895151058E-002  0.37115409276123418       0.25767820315819023       0.29565462698369671       0.25067239441932399       0.27242772448051084       0.71319963337496761       0.27356602689849974       0.47277989142479593       0.38666567252211620       0.25598171386549251     
   1.1128642562625330       0.91165278908008096        1.0377831487050095        1.2848447685102644        1.2920035030311914        1.0046351641913698       0.98611702890069852        1.0529258618293880        1.1983962101418231        1.1622704160371271        1.0293044376100369        1.0193755569273870        1.0313153516660027     
  0.42587465106874328       0.71453018277017677        8.4308577303405519E-002  0.38699986766063116       0.27377716163597687       0.31010399768090208       0.26755442747732100       0.28747521881618382       0.72358481291332832       0.28046418457307909       0.48767366684001323       0.40188274794856343       0.27125883427901054     
   1.0029595902509623       0.89344406777019103        1.2423707236398434        1.1803787604843146        1.0985025283738492        1.0309479320464954        1.1170318288651002        1.0384068542242553        1.0525125431189175        1.4209036681345077        1.1979488926102526       0.96937958149534331       0.88900645052229299     
  0.43877561625618333       0.72554243377637795        9.0202207399907239E-002  0.40188487473069484       0.28906573774393324       0.32266969768963077       0.28385717034335672       0.30250620645242443       0.73421600860332892       0.28661920738557323       0.50298218625703905       0.41718517089980506       0.28800569544069826     
   1.1520462669300089       0.95700043922716216        1.0604777758330419       0.97038255873211454       0.95833766256957920        1.0445646084166795        1.0816583729994809        1.1272277567547517        1.1674200742828327        1.4012610623550696        1.0323292388102911        1.1518448499917475        1.1044953599742091     
  0.45206125348440440       0.73624566444215012        9.7301695339795560E-002  0.41583949593945041       0.30351004298669942       0.33648589994806311       0.29769305285405617       0.31516358271631223       0.74341260907568574       0.29230169405964429       0.51829252166043049       0.43259260560967527       0.30550140863940606     
   1.0928476898772930        1.0150693203085766        1.0101385726630752       0.94823660269576737       0.97425758087859415        1.0461707397915367        1.1278511806583504       0.93047752917468807       0.99850231255943167       0.87767853369735072        1.0038003149601289        1.1582441278222435        1.2321363184792484     
  0.46418528915005786       0.74745217687629695       0.10575017209955173       0.43135615075140887       0.31797884580304220       0.35106853301240110       0.31015200576853164       0.32715106385200815       0.75097652830554740       0.29780573477922401       0.53362227935563344       0.44881337069847260       0.32203781927756997     
  0.95912485009740100        1.0996866224788366        1.1087348742339094        1.2731259542525430        1.2095364615870916       0.86721520234986660       0.89500345070000387       0.84434331348956226       0.95528330281255980        1.1182703234058571        1.1714828873145271       0.99973581213509710        1.3922295722780371     
  0.47679924483975217       0.75654382367616690       0.11472726832639660       0.44663270306115654       0.33279941743346786       0.36718533539499265       0.32198039966234426       0.34090819795174793       0.75916757843433624       0.30399495593910003       0.54722095742148902       0.46330190167839724       0.33834106793767754     
  0.98067915771155267        1.0019494147274266        1.0169812018600695       0.97551365346726937        1.2227267698885642        1.3279262531411591       0.94435001159734833        1.0552890276772169        1.1815706459667499        1.0608934164820587        1.0004783645450717        1.3074372242539263        1.1675763984663157     
  0.49008504900133332       0.76599881838647343       0.12464794143305309       0.46273324299975283       0.34874766248527478       0.38471302331331109       0.33522857910206044       0.35676562000143291       0.76711030712887296       0.31040113796684848       0.55998506577876905       0.47706610513430986       0.35406684816238493     
  0.98271795628102199        1.0413398240651877        1.1560509270088783        1.1331049157615856        1.0928746457705936       0.99544431858953386       0.87704518249013763        1.2770025611833096       0.82024850082916034        1.0047080857134667        1.0845008533085698        1.2599706939254369        1.0869768408160585     
  0.50324613220999281       0.77547905142784535       0.13470248284683856       0.47902120916199703       0.36530616398238230       0.40168877204822540       0.35063756587861056       0.37383519576756563       0.77617327786915158       0.31646829018351585       0.57284782816338697       0.49067721587369395       0.36936591009107078     
   1.0925103541817207        1.1142467633708444        1.0554191025942958        1.2347976983481570        1.5198598162388006        1.4739340849916820        1.0758854506305835        1.1321709877116457       0.92995049040924627        1.2506622293917862        1.0443557601264692        1.0785685845749009        1.1811047169584417     
  0.51663347239611179       0.78505047263781913       0.14409254445245109       0.49351588414033559       0.38176479745598185       0.41821562348752106       0.36690487587916437       0.38987922807923320       0.78488558597807989       0.32237910956005666       0.58586847328852187       0.50549111185335305       0.38468041066687009     
  0.96372914612875904        1.1129177688886709        1.0203978826118527        1.3489198947011014       0.96574421133940391        1.2490027513178015        1.0633611320222429        1.0986621568472554        1.2177767504383430        1.2190386406737390       0.98353960365634741        1.1394716489126846        1.1304411969229866     
  0.53016717855271478       0.79368250374727500       0.15414759611231754       0.50875753963295367       0.39830788377804177       0.43461522840371297       0.38251729914991567       0.40571340972786690       0.79121120871788309       0.32835931314741990       0.59939092343538669       0.52115975693729666       0.39895719337348973     
   1.0178324840249244        1.0057503470314180       0.95574293365774643        1.1849859029745713        1.1323958359256818        1.1488591811212041        1.1360731871748098        1.0306388558634869       0.94505586637368333       0.93154912209746865        1.2674165822709038        1.0606383749905774       0.88135421651359069     
  0.54426907076961606       0.80268221946057705       0.16473553746718569       0.52163012515406260       0.41568170837178842       0.44949148147566276       0.39828394901992109       0.42158167537710745       0.79727001358437855       0.33388682119842700       0.61216253157593148       0.53612370827026778       0.41372012186229384     
  0.99900168538667411       0.93112444177524989        1.0910798150653660        1.1527766823026935        1.3016133690859391       0.96024836100732303        1.0092544331019728        1.1096768181039653       0.86693606150550995       0.98360595461195521        1.1401614501406514        1.0660709064383962       0.99927424857124347     
  0.55842940904977578       0.81062002717760073       0.17677161264048269       0.53362747411404177       0.43239186171332755       0.46408196891478914       0.41441338402356315       0.43886478947946722       0.80317235016093858       0.34053437110973389       0.62400656081754169       0.55047227828782497       0.42912472463307044     
  0.96802105715341313        1.3517230552526602        1.1375280864890660       0.89914839261617696       0.98532933863232997       0.90928192818679465        1.0943060752880358        1.1971491261593570       0.87743811016371343       0.88480779976118185        1.2039417943804744        1.0895720686209740       0.97763796412832993     
  0.57201098676548878       0.81843860510659039       0.18982403793814911       0.54544211810429488       0.44973723004891325       0.47911928586617059       0.42947138316148148       0.45579343644871062       0.80934772375721598       0.34736879856823916       0.63575613149327792       0.56341983886662161       0.44573196419068922     
   1.2005681343997021        1.1201966756265742        1.1622795531960368        1.3292021225559667        1.1107357502648285       0.88370145832609370        1.1977250032545512        1.1505133555682443        1.0435567935277703        1.2109927435153371       0.94880507244267487       0.88870272442770559        1.1353698409709214     
  0.58479744268073841       0.82653979622223517       0.20343666568030400       0.55799130752298642       0.46528214648686606       0.49438136056929688       0.44321564087908089       0.47273499329759344       0.81621437331345359       0.35439546236999003       0.64754565388475405       0.57503928445816943       0.46234598149627476     
   1.0003375641601080        1.1334878622313695       0.94057042225226906        1.2273167407650056        1.1377738055242752        1.0489257420698772        1.0619009394117283        1.1514849875180049       0.88021526449269893        1.3831463360899603        1.0615157762505456       0.86028843226453522       0.98909398371848456     
  0.59698580608748819       0.83508468526944657       0.21672047723872873       0.57093540146438837       0.48123939404723015       0.51102508748157305       0.45872613614964236       0.49038442857349912       0.82311180366783010       0.36164403877800239       0.65927616657986143       0.58685276601796932       0.48006316893170803     
   1.0171416327786593        1.0092488143505736        1.0266589327694666        1.3793522563521308        1.0372704401006192        1.2311579653385303        1.0354875742155332        1.2084820661396292        1.1470648683107405        1.2278819483969536        1.0032528040763278        1.1202378794017833        1.2315203866779072     
  0.60882986231241665       0.84360766982345770       0.23059043049794825       0.58460228206020337       0.49776698862943419       0.52741178533303523       0.47495878097080557       0.50667998842546458       0.82942405889400561       0.36801358756340113       0.67151495239746650       0.59808369349753632       0.49795376457430529     
   1.0315641473125601        1.1760434036315248       0.93047845727459588       0.96102745401197998       0.97818472380410715        1.2934352964651950        1.1668293251260138        1.1464507119652276        1.1797514885005422        1.1097442547647254        1.0277065568883506       0.92588267834165006        1.1821720159667546     
  0.62007349605766848       0.85166539108821593       0.24505735826958774       0.59931819745088677       0.51488893951175085       0.54407185469762775       0.49054759482711030       0.52401584246257871       0.83571249164149408       0.37407818594684972       0.68399420271555755       0.61041992150660263       0.51456085020942899     
  0.82559078319734658        1.0175412867532314        1.0484633857452335        1.0206277487822326        1.2150547674569112       0.97028618512145903        1.1504263568333288        1.0568109009641269        1.0408668690933909       0.98069936662336743        1.0453588188690031        1.1717387866186475        1.0961599101291191     
  0.63138317418361323       0.85965847828688002       0.26010770331482891       0.61304796597667077       0.53152352207150899       0.56042891912356541       0.50645866254354188       0.54050967150840223       0.84215761999143013       0.38051371277793233       0.69625599740336130       0.62308016922320009       0.53148191353101737     
   1.0400953705670346       0.91442179768738086        1.0266347726236300        1.2159236957531929        1.0843191396834699        1.1016574724407155        1.0275140933903111        1.0800168183986651       0.95297620567717234        1.0091938950669310        1.0679791722647214       0.92521331751970726        1.2414678245296131     
  0.64271463252795624       0.86722225998619473       0.27593943649561031       0.62580458482881485       0.54705350607953507       0.57777962836076280       0.52382622993103911       0.55503626931876582       0.84846740866468895       0.38746398516447089       0.70806028742035532       0.63568587832685186       0.54730237927990011     
  0.98522410142944794        1.0936437408827526        1.1440777366403838        1.1929736802857909       0.99725251495240719        1.3877741073966643        1.2345085204239314       0.95680632376541208        1.1298725257403945        1.1719303447077607        1.2612464596717405        1.1066628413469670        1.0631048982801048     
  0.65495874744007343       0.87472303177122113       0.29226538488738601       0.63917279081169198       0.56237507508918660       0.59473956405174566       0.54119456316311143       0.56974735507482188       0.85473747565430136       0.39446718046872487       0.71933431790383862       0.64831480802630059       0.56253144709741099     
   1.1191921098804871        1.2645083398104071        1.2460662894666403       0.97971626790736333       0.95266727376467486        1.0265027776599189        1.0905475305208931       0.78314851410411190        1.1345993802101950        1.2310610298232256        1.2645760271701667        1.2105735307383292       0.97981126331942181     
  0.66580517431886832       0.88132258879066172       0.30933938343253431       0.65159322823109089       0.57806793357639774       0.61111271491246877       0.55725939785892076       0.58532308203845029       0.86095852855900368       0.40131666269698690       0.72993129346671992       0.66182391737316859       0.57847833673842464     
  0.95300146718057732        1.1049788187744507        1.0798886582775342        1.1192538796112785        1.0373615356934225       0.99487782941553071        1.2630075107067640        1.0752457243284843        1.1035728212125435        1.0625971600247590        1.2728585035193916       0.96161853196764346        1.1563134578132432     
  0.67696142573126694       0.88787984355928229       0.32740488609048096       0.66458320409457461       0.59356100473010420       0.62746575881159572       0.57259389337955591       0.60245121610226160       0.86702343887221778       0.40850279601833178       0.74081606491373408       0.67572945004518092       0.59428351818330505     
  0.96876300549613259       0.91729199856348709        1.0265635657832717        1.0755168573052023       0.97757123247196132        1.1016319644832775        1.0048373756216074        1.0777254449722156        1.2113784904308167        1.1294280419231608        1.1606141498868656       0.99604940121013597        1.1004914125418470     
  0.68768126478939584       0.89391687941135123       0.34717115901894585       0.67729095947362650       0.60789512798154299       0.64406389668680253       0.58875849529697954       0.61843677444035705       0.87297573423811770       0.41536209670489693       0.75183268211973009       0.68968140158161850       0.61081258262728144     
  0.95895639933677823        1.0430333594334353        1.1504718403280061       0.97601381242662411       0.83456960859648732        1.2593947364528830        1.0589080049977155        1.0366329995033725        1.1397609791405872       0.93059073550818605        1.1607975238930843       0.98427457344430347        1.2105099444445466     
  0.69912798182387792       0.89925346006415441       0.36765371467893110       0.68916757121634031       0.62207973811670791       0.66084766395315797       0.60454344145552941       0.63516781911266929       0.87889307393275995       0.42186605991840420       0.76294409235857408       0.70402602158413596       0.62823187367268130     
   1.0938421183457661        1.0081471368137351        1.2392381460205910        1.0300801335685918       0.99521977659881189        1.2748279447357016       0.97515348748426667        1.4152676070646464        1.2789829903297385       0.93880884022051370        1.5371786643403131        1.0860475029343866       0.94790478192240624     
  0.71190380678735654       0.90447907916961756       0.38815399629373470       0.69952049522720150       0.63761336282960923       0.67650320913509054       0.62015790566128948       0.65216009381282469       0.88451844346452690       0.42869808747896748       0.77211315354589238       0.71778218608744582       0.64592936246673094     
   1.3161358099645639       0.98826352286854124       0.98367344460514450       0.87684035118831638        1.0413443478426723        1.0164251532490469        1.0867908799365944        1.2695120309179806        1.2864121413329137        1.2016126258975470        1.0516210965626152        1.2164717167000740        1.4134275565024221     
  0.72389132050966531       0.90937274591983630       0.40815323558806582       0.70986878875312875       0.65458377072937002       0.69129643151776587       0.63633423492740848       0.66877932340930679       0.88960456067895233       0.43539034531403775       0.78140977971178560       0.73011539622985311       0.66370045225108953     
  0.96259868805283799        1.0443157015977833        1.0615749492093756       0.90537854121630013        1.1960869679710766       0.96537770158418257        1.0802284114791540       0.96135157484626343       0.98607875849136839       0.95629792986619566        1.1139122232740954        1.0149998968542970        1.1663963471453243     
  0.73516045050240963       0.91465337498878585       0.42624421958097936       0.72170726869512980       0.67244229144699474       0.70469798259428751       0.65330910387547714       0.68517664963389102       0.89445943095292846       0.44278138349560042       0.79125079890624850       0.74298529315041395       0.68053642333990672     
   1.1398368496668703        1.0145120415272404       0.93477607495839632       0.92049807753914037       0.89258074749474292       0.92642794952356700        1.1268303158926898        1.1910134086046740        1.1722519737313817        1.1678325194843802        1.1681410527816110        1.0353191042210670        1.1514763362513247     
  0.74674239666395337       0.92059321339134392       0.44480689782306904       0.73319285327659822       0.69040792303635301       0.71921769703665006       0.67177991395445225       0.70161868173252073       0.89947142403262270       0.45087552524151869       0.80179403181028552       0.75568242792813622       0.69696330072264934     
  0.91702637870781167        1.0725172492362653        1.0989392142097794        1.2291655999136069        1.2118945630847844        1.0222864669193612        1.0726798555881831        1.0194837719218461       0.99739261607176544        1.2130950371215310        1.0390429774199588        1.1241555931404918       0.99454310271119839     
  0.75860367740061307       0.92620337157333710       0.46468936400382616       0.74526920264883811       0.70767260540144550       0.73412911488477095       0.69113638551662038       0.71776339578640103       0.90459292609216091       0.45969126136392829       0.81095361849473913       0.76863558485798278       0.71322124276859500     
   1.0488614864052450        1.0242818536833562        1.0649197161518553        1.2345303170331468       0.88425429174094794        1.0180040225807270        1.0981197920363535        1.4142706613269134        1.1661331336234859        1.2346914940187763        1.0293551670161873       0.91352706680469564       0.96182072214732894     
  0.77262765173878067       0.93085301001886511       0.48408910169596869       0.75809088188486518       0.72448027258908709       0.74811041117886112       0.70962207572134306       0.73362854973483549       0.90964481362676342       0.46961298959345421       0.82002131692568758       0.78181814814766570       0.72909105543133779     
   1.0855821094856137       0.95473348027240335        1.0971103015720471        1.1025498631250690        1.1949419835465238        1.2225132547863553        1.4359396501671196        1.0603306823596865        1.0700665952487911        1.1009293132057569        1.1854972315288499        1.2310256295371245        1.2341409392393956     
  0.78688267621946040       0.93564901390983524       0.50218356813004728       0.77203564438131389       0.74180464421628600       0.76043680323500051       0.72744202214841402       0.74929446014430423       0.91431075642776449       0.48003282631054534       0.82752876586923307       0.79436063226736131       0.74495927372105375     
   1.1512848491553564        1.1051313751930294        1.0612977186141161       0.94900149348913698        1.2392865315455652        1.1454769943195775        1.3120936074502447        1.1531493934501871        1.2761348364991540        1.0976728612827626        1.0616209993979482       0.98275653814392649        1.0841926012037351     
  0.79979648751552856       0.93943374195578222       0.52166604948564699       0.78579000655687214       0.75979688523099587       0.77217264125609786       0.74436056451494259       0.76495591308580302       0.91865010380755274       0.49057570048910265       0.83600339403852897       0.80612667908578906       0.76112573461254096     
   1.2482493723886419       0.84896813986362818        1.1212711541385187        1.1688820841518104        1.1504452900739559       0.84594538582539003        1.3508796167697328        1.0228296268938371        1.0872820205372631        1.0636144896302266       0.90996980606319033        1.1129957744996151        1.1808547428834490     
  0.81353434143357095       0.94317856279986512       0.54106982829129702       0.79940970053573679       0.77767877900254256       0.78435473570557124       0.76174008362720924       0.78043177348131543       0.92295972641567314       0.50074031325124946       0.84551538749783095       0.81796539698675164       0.77572258904293934     
   1.0649334019751879        1.0037111970461865       0.87101038658992791        1.1057264158008406        1.1969870882433240        1.0457807325017960        1.1374473783674719       0.94006248953742488       0.96840959804903048       0.90882968535258757        1.1142174289573115       0.86742690906760345       0.98423879774653689     
  0.82580909780235978       0.94784491555774830       0.56244676006930305       0.81231148353180871       0.79457298825103373       0.79907432446299209       0.77955078586264137       0.79621686877032383       0.92750098670674208       0.51062015413001971       0.85478779745906253       0.83032496456695937       0.79256819342947571     
  0.90028613361400833       0.93834711709196372        1.0001693857401470        1.0157478847584345        1.0098055322511394       0.95228764039771530        1.1882295980497819        1.1622487811162137        1.1359511715861479        1.0494095540530319       0.93260402669644604        1.0214803636922971        1.0502884949033664     
  0.83827814506900966       0.95278359630126663       0.58330461062145633       0.82372280402391718       0.80784410684655739       0.81418598456557700       0.79937523182712888       0.81317614684296802       0.93262655964752750       0.52104357599242623       0.86410123965972940       0.84280647589418578       0.80783133834030296     
   1.1010140706125613        1.1338684188649844       0.89231888419192340       0.86002933856863228        1.1837146983028404       0.90928388355685696       0.95963448324591083        1.2431583614316173        1.2400597092018755        1.2167074963166535        1.0803507130375229       0.99055848686468262       0.94578425995378279     
  0.85150494890754569       0.95752403970075606       0.60799041908483209       0.83523322131557554       0.82027940860230919       0.82640194333146333       0.81878560585596682       0.82989975631700807       0.93803044263051016       0.53153680040875584       0.87247104645399043       0.85520836003302614       0.82352388416550926     
   1.0714271301004545        1.2910932351569882        1.2021974181187436       0.87117258309989620        1.1178357465851114       0.90450228651167908        1.1108403854140994        1.1976542551865006        1.1625531353710417       0.82782690688979765       0.99680897980948779        1.2513605794585314        1.2776513571238910     
  0.86437938110464496       0.96195633311517781       0.63729130882245988       0.84679973628310012       0.83292713747014913       0.83877617326537868       0.83745872490807960       0.84400562977829641       0.94304504841273129       0.54205555800298244       0.87995963850904491       0.86710922894339848       0.83903769864498090     
   1.0230067243372487       0.97487907512227812        1.1598939291358537       0.94312022185196909        1.0667910230529984       0.98878265004583943        1.0501184044632963       0.93143732351919684        1.2578442250187267       0.96484840394920668       0.86804719338881520        1.1020409989634596        1.2201378331314674     
  0.87650565826582660       0.96602330166468942       0.66465301297241397       0.86005252324628212       0.84637437364024148       0.85331189629268334       0.85331284234948224       0.85755394841270061       0.94792391557760669       0.55242133223360956       0.88756358520753931       0.87858283565085005       0.85332300347032031     
   1.0835324712511869       0.91641856936524657        1.0793581971722384        1.3425162539177216        1.1114476476573403        1.4751362276270850        1.0057255963119203       0.92344162342529357        1.0470018776179770       0.96810620080593257        1.0631664073858844        1.0759646983685112        1.1120691803017013     
  0.88818930907085325       0.97003298501317048       0.69104359543629545       0.87440851483332671       0.86132791431520650       0.86805625565306332       0.86717571321719034       0.86865356852091336       0.95217749716089783       0.56270869439950533       0.89536093773765779       0.89032754167259420       0.86669216517254344     
   1.0963243146035742        1.1044257185276964       0.90559165391195873        1.1120704471489520       0.93836229850790498       0.89986044874950566        1.0961509398871419        1.1085529770386067       0.95385904659470300       0.96199014881855871       0.93413180668677809        1.0166773296128182        1.1129623571343759     
  0.89998638593719738       0.97416184308164122       0.71786293184374883       0.88769097152629139       0.87594366439650806       0.88371007496457321       0.88120677665894287       0.88036667596847673       0.95636379584446862       0.57364517050507902       0.90372768685107163       0.90201709139011921       0.88103997023257852     
  0.97743778849242813        1.0676316972267677        1.0705935408802310        1.0307973613910235        1.2162877911916452        1.0984722624981114        1.1783421948112376       0.93602228934102727       0.95432714504560845       0.89743295715249150       0.89777215162365032        1.0127904062675759       0.87365534227156527     
  0.91157585296314936       0.97801424984806573       0.74614837141311585       0.90098491628746147       0.88938783437744318       0.89818573816090264       0.89629186464179655       0.89319802733258480       0.95988039794599411       0.58381507993720827       0.91403605029230572       0.91406351411984288       0.89585506059031750     
   1.1288072197639580        1.1792499715955731       0.93535812773592109        1.0066515795221016       0.95980873638549669        1.1583869762872319        1.1806745012317994       0.94692491995323735       0.91288946630820211       0.87837857254099305        1.1571281547605583        1.0335958658423774        1.2370445931564569     
  0.92411383015133086       0.98164886027278897       0.77618688524954627       0.91408294335500562       0.90246608436595621       0.91315161043191606       0.90995421460456571       0.90631086367646574       0.96368615184643269       0.59708108564370521       0.92511309235277583       0.92577150867511238       0.90984716283794476     
  0.87044305973707747        1.0872057704132050       0.95558014639152389        1.0825229795145037       0.98241310078846888        1.0516654700647086        1.0213244259338861        1.0014689068282969       0.90603204048968700        1.1656919874621423        1.0970113869364793        1.0586742465513361        1.1009841982946338     
  0.93701824333564654       0.98503814246861976       0.81013103296103484       0.92717041348824369       0.91595712217356029       0.92822877497609346       0.92269335548920184       0.91915922536006911       0.96768058034747628       0.61232514262638915       0.93697964673072420       0.93719309443858800       0.92328453069452077     
   1.0757087726644128       0.99334029274235225        1.0103796445422011        1.1499954897202329       0.98768526682332114        1.1564872814055713       0.85901307307050445       0.92266763132756857       0.94511685460871953        1.0728653546961349        1.2831997447238286       0.98585017258477881       0.97109017447583601     
  0.95050531506528502       0.98834652119093014       0.84522524769992691       0.94058342752042201       0.93026130849177679       0.94287064649622865       0.93528727043037085       0.93289855842475422       0.97194444091868837       0.62785779159147537       0.94913594334728812       0.94937834557046274       0.93642776235082170     
  0.95904607554050392        1.2023592700970607       0.96636796050579576       0.94090130279390527        1.0980547412223916        1.3073773921810481       0.87774885100749755        1.2661857168710657        1.0679707762598343       0.87399869366231975        1.0565197801056110        1.0911870763143634        1.1200305622351392     
  0.96446223164164424       0.99137423340324382       0.87999090630614940       0.95389038967284767       0.94608582665948815       0.95703704444167292       0.95186233512332941       0.94979933882335577       0.97729449742770991       0.64655635621041185       0.96155980060625468       0.96209867637514357       0.95168513455792192     
  0.89538960265441359        1.1525279245836235       0.92717515055620658        1.1192510018520756        1.0430570993633002        1.1524563381261996        1.0604521998771730        1.1894091966133686        1.0661993504982841       0.99729550931304123       0.91501032111276048       0.90712059078262686       0.91651945846121707     
  0.97765314297036743       0.99427083453869380       0.91672033689717936       0.96722248430414959       0.96368140065158303       0.97125325668678797       0.96766402827708919       0.96598564415401589       0.98286856251988786       0.68364982764898363       0.97382186242875313       0.97533687573964045       0.96624884248350806     
   1.1116622322824756        1.1392158498716540       0.98807808225892690       0.96498743898782291        1.1708550772809394        1.0474123748167747        1.2445182754949362        1.0209807624285143        1.1578301407221721        1.3224489272682538       0.89483145686612697       0.87313170505253523       0.90676138732805089     
  0.98896539289607799       0.99718402228233527       0.95625774859739532       0.98241166269310143       0.98180094687818709       0.98574177591868495       0.98411326867567117       0.98277730835736254       0.99084758450804444       0.77365593152428280       0.98736728678790953       0.98757433492172142       0.98333705766256629     
  0.98438164750247970        1.0521605089581187       0.93845431751063180       0.91246698586869801        1.2616751079349708        1.1538325727674497        1.0523343525220812        1.2487664234769837        1.2964292076732873        1.2473714773989972        1.1668584370143704        1.0581199822115286        1.2359973751192879     
   1.0000000000000000        1.0000000000000000        1.0000000000000000        1.0000000000000000        1.0000000000000000        1.0000000000000000        1.0000000000000000        1.0000000000000000        1.0000000000000000        1.0000000000000000        1.0000000000000000        1.0000000000000000        1.0000000000000000     
   1.0298610938282566        1.5048387215330710        1.1195369516267151       0.94897055765855409       0.90087720077015410        1.1042687513902856        1.0699831924964458       0.99443551171682776       0.78675584207826244       0.68745998344307890       0.77224805887146786        1.1196098383700952        1.0204630097133509     
   9.1988207896305489        10.148532051970399        13.521663892787922        9.9995025573698726        8.7331080418662133        10.445891883033148        8.0432720100724975        10.991340448942891        0.0000000000000000        25.740983933066037        7.7799660718215167        10.828253274902446        8.9764305917677110     
   10.372174803593037        8.0903536559954450        7.0804181082925970        8.9303406721650891        8.7709034537318828        7.8122614241347481        8.2817082153643913        7.4031651044378988        9.3734505195680828        8.6644920792930122        11.751885729826279        6.1647489687417689        10.118943668416051     
   7.0128355556619280        6.1855020533524954        5.3677991903895341        8.7036685576634945        8.9410330994640699        9.0014994927273495        11.239778330166052        8.3528551476412591        11.412420913392090        7.9317720779723571        8.5305073269634555        7.3801713141271028        8.2553656400185957     
   8.3220415809585582        4.3511582444323054        6.1870759016132650        8.4376265812065618        8.5359033169972705        8.7961303682399681        8.3326281089839931        6.3301181413912229        11.979579062702582        8.3183302679811391        5.8989142226886555        13.950980448544449        13.909964830604364     
   9.0606540465652046        8.5267987590573640        7.4086074236473118        10.822550165430545        7.4145974970012691        6.0906796642413878        10.447029614918563        9.0992634281993201        11.126619984863583        9.5010471141277151        9.5878880335280137        8.2113700356263344        9.1389366301070059     
   8.6800135650776795        8.2166620123863243        7.3739867935022678        8.2381551794093646        11.815266786058951        11.906947651048442        5.8057330639648583        8.6805549634033667        11.435963943435858        7.6035317183754314        8.3398314266917701        9.4496176563449836        7.6683405456467755     
   7.8780522326168985        9.7539302453907144        10.156823736596122        7.8147268353751373        7.4747919749494383        9.3109413367722116        6.6096804965340974        7.9619591423990119        8.3368740339213812        5.0850894817561576        12.369547415968603        8.5619681515661537        7.6320700790245963     
   10.565800117323173        10.489860371269986        10.601029243388483        13.070509490012020        9.3298678145840501        9.2320673709681156        11.840380781234792        13.476396641393762        6.4043285670615502       0.84079682555711988        7.5676787136494692        7.8582170216961389        7.2479466006437168     
   5.0583291224406239E-002
           1           1           1           1           1           1           1           1           1           1           1           1           1
   5.6504559301064766E-003   5.1708977823122487E-003   1.7112703483875074E-005   8.9020384331403868        1.1699909225502275E-004   1.7065295136686918E-007
   4.1767855535299324E-005   4.2585543819499428E-005   6.1133698494703455E-006   6.7948810847139385E-002   6.1119021495323271E-006   5.9983215989333747E-009
   5.0000000000000001E-003   9.1795601177378039     
