   0.0000000000000000        0.0000000000000000        0.0000000000000000        0.0000000000000000        0.0000000000000000        0.0000000000000000        0.0000000000000000        0.0000000000000000        0.0000000000000000        0.0000000000000000     
  0.15965630395428784        8.6066908033684481E-004   1.1186837236411767E-002   1.5609780392072102E-002   1.7142574288622071E-002  0.33157615328744255       0.17631523960595408        4.9025944186193209E-002   1.2988860658662987E-002   1.3716846486324466E-002
   1.7646849693908691        3.6788927347186511        2.1440401317909146        2.0327985566817928        1.6534337398132306        2.6633450843650777        1.3136859712458537        2.0213120785636685        2.4854519163540578        1.5944026561314353     
  0.22106863468711813        1.7316023790833728E-003   2.2872318175020594E-002   3.0868983812739410E-002   3.5264463267814933E-002  0.44710860228210925       0.25053178242449470        9.7343364221810780E-002   2.5425067171500733E-002   2.8201912610447580E-002
   1.9790013368799464        3.0651037255423694        2.2234997546088784        1.5303731927511155        1.7788861797370126        2.8131424496102584        2.5365064675669156        1.7514438884823504        2.8970580987295480        2.1644576999296792     
  0.25207868426760305        2.6706763001869771E-003   3.2525848722375711E-002   4.2560849908561182E-002   5.1967696644192200E-002  0.49586726034531037       0.27856565033691921       0.14203024785180429        3.7448895478779151E-002   4.3088990417259443E-002
   2.0102999589772397        2.8772396418569399        1.9803676199299818        1.3714829177443875        1.6450433479638371        2.6035349930901144        1.7884028757657024        2.0182693453905114        2.7268218518609491        2.0806831482172501     
  0.27711977676118288        3.7610034760686582E-003   4.0262017059327665E-002   5.4883146812151784E-002   6.8193190640833151E-002  0.52849455880397456       0.29850445721410834       0.17878164081157016        4.9672645329127109E-002   5.8263108381763760E-002
   1.7926895272447458        2.1255425750546086        1.9021612657104248        1.9664863074514403        2.0154844012979525        2.1019648378454292        2.2807922106538663        2.0103700022953892        2.4858436926598237        1.6947024098074286     
  0.30036669429025459        4.9779144292996574E-003   4.9130623137248496E-002   6.7241907054528843E-002   8.3285324240370148E-002  0.55638147164972818       0.31440948019755877       0.20629792204973857        6.1316599661222514E-002   6.9133608243083441E-002
   2.2668375520731736        2.4418543447466874        2.1851698229344061        2.0779566197801240        2.0539814190599484        2.3251073180786257        1.9416565961316279        2.2460715480570168        2.2747540063231901        1.4839065897652819     
  0.32372873611455455        6.4104358961173643E-003   5.7889844612230582E-002   8.1970018711674641E-002   9.8429953529941563E-002  0.58103476569509138       0.32892277519231561       0.22617403744204520        7.1850364754640156E-002   8.0202009948853500E-002
   2.3199777931078427        2.1987086761516936        2.0228510575163545        1.5798896553991673        1.8791474713644158        1.9376473838488342        1.9899776726199629        1.4893528903522562        1.7718360344357973        1.6945916778572760     
  0.34360968308290801        8.1931928969036193E-003   6.6944756519720428E-002   9.9094922402457292E-002  0.11358789170500461       0.60206002751420318       0.34145949853077640       0.24198173775696188        8.2610965308098472E-002   9.1214403207886832E-002
   1.9837754715103355        2.0404169889107684        1.9534037699662197        1.5947424921149913        1.8535191135528037        1.6727107209325938        1.8942756451510767        1.5721684238350611        1.7489856719743160        1.3520816658986659     
  0.36174552109729058        1.0367362929171913E-002   7.6460173702116024E-002  0.11642906776805483       0.12877647503041173       0.61665084981787310       0.35244549625213123       0.25688098760180866        9.3335072470775479E-002  0.10333472034224171     
   1.7365795612273023        2.3808070055907535        2.3061262551212445        2.4447307259074087        1.6297895900679995        1.8954619095585672        1.9394462890465558        1.4376517325388334        1.6041231079338063        1.6563457633274197     
  0.37765104360050877        1.2646766649059341E-002   8.6070417683521971E-002  0.13385631084853850       0.14411067532053148       0.63360294288514107       0.36259402235518762       0.27060945021283528       0.10529219694182183       0.11770576038877612     
   2.0204999686816496        2.3745295433121165        2.2051026778827505        1.7293954487416829        1.8641965533737597        2.1167350467912467        1.9764044528730720        1.4655529826325131        1.8489782403127026        1.9535440973219447     
  0.39205351076124101        1.4741203971240993E-002   9.5403803857987371E-002  0.15283417925406251       0.15904958703510361       0.64900538379968065       0.37189321817685045       0.28412553098152510       0.11823886319099751       0.13315301344121397     
   1.8245078817280447        1.4795080970783618        2.0857407981009626        1.8770888625372038        1.8398525578413509        1.9143080439140887        1.8345973909823181        1.5843336317128818        1.9837710770856332        1.7545615013649507     
  0.40434702189270810        1.7003666259827240E-002  0.10453815697030394       0.17072270224060240       0.17442284449389256       0.66299797261324445       0.38048534865533534       0.29746869360072486       0.13136377478196151       0.14710975255260020     
   1.7323378209863225        1.5908991212958350        2.4247172745386822        1.6954569713886682        1.7543428414718423        1.9107697488659554        1.5924018259826855        2.2312859366995954        1.7241978774211868        1.8804075116701104     
  0.41692156019504995        1.9603887057892750E-002  0.11350327801351605       0.18645366815897585       0.19014112701946184       0.67629010726324013       0.38820606833663812       0.31015101817296253       0.14539360756764738       0.16049030315826299     
   1.7305054577415828        1.8582461705262461        2.3703440215711411        1.9297442288551951        1.6261956040675547        1.7520668667252348        1.7153340088177971        1.9839100907939993        2.3122153219678214        1.8204016382767647     
  0.43037855889491494        2.2723823644910424E-002  0.12357633494002754       0.20215824620291095       0.20559297525172746       0.68920070904533537       0.39535173175347171       0.32279310235214076       0.16047936823432823       0.17714111399997287     
   1.9089660476283739        1.6468741858877378        2.2268390599233201        1.9378159712860437        1.7282725353957304        1.9946291755774004        1.5333396594528990        2.2663541161002621        2.1707852257182201        1.7704174224511837     
  0.44339836772281871        2.6606029659310033E-002  0.13352111043489007       0.21764394818626775       0.22127286822161030       0.70151357070601150       0.40211448102805003       0.33564983089191602       0.17630488254470017       0.19518291330223947     
   2.0292884909923101        1.9071929525365336        1.8697791318790278        1.7490754294712034        1.7554131469660814        1.7821900439682326        1.6405568473069829        1.7678248438398383        1.8077858271444043        1.9994179804835386     
  0.45606852686161103        3.1134664263982970E-002  0.14357476978800573       0.23397442591164075       0.23647857583568885       0.71214373092181948       0.40949239527591375       0.34946070071479862       0.19172774391006892       0.21374057491350981     
   1.6551578327164460        1.9419648483048404        2.7152664240099975        2.1197526217311413        1.8555962973804179        2.3705939214087124        1.9927746304555973        1.9330023678977506        1.8051664672493637        1.9045120377672990     
  0.46769912955732001        3.6403060297038985E-002  0.15357275143479718       0.25087422993441205       0.25053553747862517       0.72116725387662484       0.41678805004834074       0.36362355612976210       0.20715156401838525       0.23174043451584764     
   1.9999560745467302        1.9463123255276416        2.2973024279719572        1.5972600308080220        1.8402520695306805        1.6899182562338715        1.8600792844735985        1.5865418344396032        2.1041923459474514        1.7048693607238521     
  0.48008363868239973        4.2293676077545868E-002  0.16345193100992461       0.26448361532043668       0.26555877243590498       0.73043838232539682       0.42511813747388166       0.37806350380653031       0.22343597524783149       0.24860750988104707     
   1.7977691859713263        1.8999775031205208        1.8883933771949573        1.6698953703025594        2.1762069229553194        1.5253178121156759        1.9864899199793737        1.6055029454403560        1.6533048953274017        2.2502941985998026     
  0.49310100476834839        4.8681970696109481E-002  0.17226691946493478       0.27893321381556535       0.28152032094478291       0.73998825680581115       0.43361976334386709       0.39238344933969210       0.24001868977186097       0.26551662283928495     
   2.2201474006406676        1.5456940105967027        1.6666140154173639        2.1625900938157758        1.9336837584296322        1.9195566465562139        1.9604547716919016        2.1420797724039717        1.6540792476713224        1.9366638590463130     
  0.50649988466318618        5.5570572883092903E-002  0.18198343004341672       0.29349920941228985       0.29842230124982305       0.74949483604390255       0.44095634108710180       0.40652265593672332       0.25744245541584193       0.28314078639001145     
   2.2489399180059628        2.3213988132880514        1.9359434067458077        2.1924941144486878        1.8338179382306306        1.9721827416672317        1.8519016330813554        1.7870641368093234        1.7895143679480663        2.3710664477443149     
  0.51958029734179401        6.2679839470154250E-002  0.19255140382096178       0.30889425945716470       0.31553568250640129       0.75872854608863105       0.44829976859840043       0.42081683875505665       0.27566981833207821       0.29861905646826653     
   2.1176438138321156        1.5488477074071614        2.0666582225962591        1.7171070663225052        2.3029699836037927        2.3533980951192435        2.0304846507847971        1.9605999320120460        1.5925606687627005        1.6023537858724222     
  0.53152002788504360        6.9027131904611239E-002  0.20253702203932078       0.32431382723759156       0.33140465830827398       0.76774682785761938       0.45765035821910788       0.43533654070132061       0.29419166045603473       0.31222603123218057     
   1.7244900544306858        1.3559054816547935        1.9711682148884087        1.8729861923244895        2.1814724066431648        1.7959325105773707        1.7728055914448939        2.1306144330507308        2.1030412955822899        1.5140616799578202     
  0.54381254897509868        7.5649782617489308E-002  0.21256418564742857       0.34052964281338532       0.34684142521940708       0.77649607588201131       0.46609155081022724       0.44952164089193447       0.31337528016158034       0.32609728227765128     
   2.2983987283313350        1.8212535224897899        1.8589593707008756        2.1182605500779625        2.1545731818282299        1.6529559907506217        1.6610064805210598        1.7117779663046433        1.8348719658778918        1.6035087273906561     
  0.55527660445442273        8.2429879778367229E-002  0.22270950843753584       0.35707331583814328       0.36278945955556163       0.78482657714270043       0.47394001858049251       0.46187430389383366       0.33291619172124293       0.33897892958713272     
   1.5716550074347073        1.4802575719402891        1.6167775631096932        1.8625686066383358        1.9597584686383842        1.7777254681850838        2.2245130034961140        1.7416039016192213        2.3082066602132745        1.4955772394128137     
  0.56589240309910260        9.0423433587484850E-002  0.23291950082754351       0.37439000082288437       0.37898155296736896       0.79268616856366803       0.48185799924357808       0.47388254644098970       0.35265372857188354       0.35475809318758783     
   2.6441687639270461        1.8762376082418921        1.5974383784227881        1.7033333588717627        1.9099881829982064        2.0005789633895783        1.6273222973332693        1.7102630349681689        2.0045926553268010        1.7366016920747267     
  0.57773056148578827        9.9656770243935433E-002  0.24140150293447038       0.39117246334790023       0.39310487682411083       0.80014329863120426       0.48881711231859831       0.48624837863653275       0.36971107929131969       0.37195540479309824     
   2.0829083415234786        1.7564421953226532        1.5553891455981506        1.6421648707813037        1.6169338712869723        1.6474066278011399        1.6759501074281711        1.5412645387630997        1.9285464627701527        1.9476289444560100     
  0.59018404731818419       0.11106740277633989       0.25072988961538706       0.40776382442628073       0.40563584626334859       0.80730247155222123       0.49563008167793554       0.49983985071162390       0.38420502192949735       0.38719199619664157     
   2.4989698105514608        1.7004480433345344        1.3227133735750014        2.1887321798544650        1.8303587261255694        1.9930953797141424        2.3817433413229399        1.7131093196257188        1.8551890192207687        2.1212063014777356     
  0.60351685289014390       0.12246621785449208       0.26021465793489962       0.42357891904545697       0.41712362087025584       0.81420360877211806       0.50258484059621567       0.51685133847631615       0.39835684112285147       0.40289309661021089     
   1.8427884080552708        1.5985044674490290        1.4888297220510454        1.9466371828032170        1.4801227346684782        1.8622585157603040        2.0521460502168773        1.6945146517672527        1.8123680076347826        1.7337528444105117     
  0.61699348622479899       0.13516651179258901       0.27136819529408318       0.43890793439504383       0.42906243745219014       0.82010416821996435       0.50920820359761421       0.53470139755469803       0.41270939852217164       0.41883425415647318     
   1.7752883401513579        1.7791225728090916        2.0218070741282195        1.8758823061915311        1.5675134787829685        1.8372258966722659        2.1517629571898049        1.8616524592668935        1.5477931630358144        2.0865250188374098     
  0.62933129498722162       0.14850953377221660       0.28437313704380457       0.45443587703378108       0.44053443111347962       0.82558011497425332       0.51502370349825344       0.55384744217727722       0.43065154932197042       0.43400674633324610     
   1.6009816917253017        1.4974175371995786        1.7343297434525231        2.0050934937374554        1.8109254597465110        1.7672763350834957        1.5069282519864702        2.1216015636558483        1.5142605730232575        1.6768694090552732     
  0.64062042572467770       0.16384512113100713       0.29717762226150463       0.47011168293524352       0.45597491194445872       0.83084545118725550       0.52073515330344744       0.57287668372982181       0.44900135405622016       0.44902822675367066     
   1.8863869026991598        2.0222056041072736        1.9849557343392952        2.1737454033654262        1.6707883261635419        1.6499758908884734        1.8725463412276548        1.8886612501899323        2.0960911998866281        1.9218645711398497     
  0.65088432902805748       0.18017942471668622       0.31022770661054372       0.48704908262474189       0.47095793224021804       0.83487961763017493       0.52720498146797068       0.59143770876782398       0.46702762373605206       0.46389108946746344     
   2.0258178076859426        1.9932495351474413        1.8833712306665564        2.1833942984043300        1.8607729817645309        1.4347748029704512        1.7655935442299893        1.6520957889357164        1.6023525457441301        2.2245926331044426     
  0.66164563354191797       0.19252879073784063       0.32210905709658294       0.50514612709462725       0.48687964416437934       0.84071372149669776       0.53368332441672972       0.61121284637577167       0.48175331846758462       0.47796780919515441     
   1.4070191746240661        1.5937708695951356        1.8036713255106929        1.8983557550818069        1.9914171259993143        1.7766420877852103        2.2179641617320947        1.6818422104997905        1.5553348401558178        1.7619067955050773     
  0.67254087628126646       0.20656938714340423       0.33312135204597304       0.52252350150891913       0.50324444123589351       0.84587599542333791       0.54036834312567794       0.63172711602332521       0.49534651383484446       0.49053155669582521     
   1.8686504929265939        1.6896452963477639        2.0339677709779087        2.0204867113399674        2.4296302923527002        1.7965681496787493        2.0644297141505588        1.9136334473187855        1.4916501751858082        1.7678331884482665     
  0.68508722482619222       0.22191548063052002       0.34479952130136016       0.53915623439395910       0.52063333826603486       0.85119136069383861       0.54718914565853305       0.65062733145817575       0.51134539704003812       0.50578699586463727     
   1.7505300045781589        1.6107977736053376        1.3148938385552822        1.7796841121626210        1.7084801843662325        1.5438231768843795        1.6799059194073533        2.2545307022460417        1.8638035516781102        2.0411532518629376     
  0.69712426294886309       0.23887624960248047       0.35758411519408245       0.55546270256286046       0.53427581817006309       0.85762720208395071       0.55411985076088832       0.66928806382486972       0.52609869755803540       0.52260286833570746     
   2.1408530184649037        1.8902800623524250        1.4581382686481503        1.7450397832859790        1.8142407893775747        2.0392062465924861        1.8328827656829008        1.7206107325926361        1.6978494144281582        2.2805580566434753     
  0.71028648954671236       0.25809866814635007       0.37263023732267098       0.57170900381430245       0.54870851591888825       0.86365416648293869       0.56082666028687600       0.68853032399221981       0.54008022874531092       0.53985255118775810     
   1.4893395699512519        1.4588841232770755        1.7180760259357033        1.7568943076132126        1.9419261145107105        1.8191645514621890        1.9475917011765971        1.8212092732801233        1.5507187679317662        1.9019706020969462     
  0.72361823241603374       0.27697234084721967       0.38894443857452310       0.58870544492688703       0.56393139051399643       0.86950901922810220       0.56794214650139319       0.70695140589469252       0.55506250517450983       0.55791883105494500     
   1.9083951380746396        1.6043082111305282        1.7712913523444695        1.9107709040638332        2.0075188043370686        1.8147311047989774        2.6055110903538825        1.7926894670067652        2.0469781461826226        2.1977885823445789     
  0.73629272775979082       0.29911525843918857       0.40572025780223181       0.60588590887145843       0.57975955049963823       0.87545017118686619       0.57554024778602331       0.72485553185429852       0.57051024558619245       0.57669683131556815     
   1.6652624573998953        1.9264812016636683        1.7474116781432680        2.2563271898043342        2.2744924425938020        1.7984944971849675        2.2091899765105372        1.7613555552268336        1.6928821601415580        1.8295041154050620     
  0.74774569787160428       0.32264704818615136       0.42266632908773316       0.62220088493660930       0.59559383255634424       0.88106710895799834       0.58208199974589692       0.74228252036761444       0.58644284769338828       0.59658243970470926     
   1.6525482146190393        1.7821771796532617        1.6857820058391979        1.7367006443942408        1.7184096850755022        1.8300244013966271        1.9031589566058142        1.7223017690817317        1.9132436185723116        2.3548787005825011     
  0.75739390367057957       0.34634511552610536       0.44060435715526497       0.63849934643780148       0.61097364309513147       0.88629769536835479       0.58817744187008614       0.75967016452201808       0.60253647423604184       0.61577791457565945     
   1.7626800851487570        1.8749607107799104        1.9809836482548688        2.0339182277479604        1.9677518610484170        1.4114066900346269        1.7642740534178838        1.7517446623241151        1.6297326311709481        1.7047593224436428     
  0.76664760285770983       0.37048378526152353       0.46086956549396346       0.65468442123874193       0.62714339332841473       0.89099378007956032       0.59432586662909959       0.77634805977724131       0.61837971379019707       0.63425873426737234     
   1.6512109255637863        2.1938094601848017        1.8924143838838292        1.9119996111754696        1.9358169153414935        2.0358427929188232        1.7846442294098892        1.8357128703946610        1.5972372852734762        2.0048596181339762     
  0.77562901568371923       0.39645863903338707       0.48203504818792875       0.67052967040014988       0.64394649422641725       0.89564693194895140       0.59904778901738009       0.79082011176404643       0.63403258346612801       0.65292451224185144     
   1.5413832620030610        1.5253604029258965        2.4676507387685458        1.8460105846860408        2.4039533844106660        1.8421054578354077        1.9074765819019976        1.9914532903908331        2.3252025648383854        1.7802301249269028     
  0.78579194153640053       0.42340671160611693       0.50220488852797240       0.68541902441629021       0.66113775956068643       0.90035367043381564       0.60480036500982093       0.80454761144170983       0.64922549819149378       0.67173978992823513     
   1.8076669057620998        2.1790360914443374        1.7447371609130802        1.9539162374944363        1.7738423262633065        1.6011662208355411        1.5280562582555899        1.6507418353937215        1.9607472187466315        2.5400007137110610     
  0.79676757997171577       0.44890105837593952       0.52214935134150076       0.69982722607687409       0.67863400473169788       0.90488504182948892       0.61170744853409231       0.81760865083365697       0.66378250252777671       0.68966516198353933     
   1.5577270704557731        1.7659838921815552        2.0355696665289571        1.9596840705354632        1.5770944679102021        2.0302711823062727        1.9590284756275225        1.8117238048261228        1.7994552802175079        1.9283739597810494     
  0.80805118748639226       0.47400947249662856       0.54474155360968746       0.71363085908761181       0.69600818094479100       0.90928932909851956       0.61731457286730573       0.83162876334105396       0.67635563156285794       0.70737002362073220     
   1.6930534787586380        2.2242489218382602        2.2551220566150882        1.6761360003216212        2.0779877822042980        1.7777583531096248        2.0368690717144653        1.7900389692598402        1.6372166955566601        1.7855721696723281     
  0.82039643705500487       0.49902399936364988       0.56823031532614832       0.72676906837082711       0.71324559352261030       0.91370841732591657       0.62364601747524528       0.84476398407766939       0.68856362730657839       0.72491667072073485     
   1.8618597556217897        1.7466738086985543        1.9141441815072857        1.6104541354679223        1.7601087757377356        1.7074046463081052        1.5257785445988727        1.8730170055708102        1.4705390343130593        2.4257016344057742     
  0.83328711459975491       0.52619934005542912       0.59305169850484596       0.74353777039707525       0.73044946280523226       0.91793411670106817       0.63038088991484309       0.85729344583787137       0.70323025586538668       0.74265574686940738     
   1.9519595007352222        2.1189589786830054        2.0146427419062358        2.0704145787093684        2.1177987425094154        1.9240881690408198        1.7086689392511858        1.9734465708107822        1.9721330563766692        2.1344973708457089     
  0.84554201528989748       0.55481455828332638       0.61834848496555717       0.76138279536060727       0.74713913028494117       0.92199486584310419       0.63727604688941808       0.86953205834734992       0.71944842748183713       0.76063982412334741     
   1.8809717575657616        1.8345826089990589        2.2347565306590309        1.9179815520807453        2.1083389369399761        1.6303997787171318        1.9323275934351092        2.1878251156075881        1.4266930359071084        2.2721254534915571     
  0.85708068798920356       0.58442807302108779       0.64504332961214761       0.77674969675351047       0.76410684196706447       0.92626401211507448       0.64533067253518939       0.88197446252773115       0.74010457159417442       0.77809430978244765     
   1.3657014708244790        1.6588519308435050        1.6868862505837403        2.0710800004057788        1.7616053550202271        1.9709928198156446        2.1197282418215893        1.8725495165223793        1.7272174518774939        1.7816690762397165     
  0.86824445078541090       0.61369622752173547       0.67259213706236221       0.79129504702730935       0.78126742472207167       0.93081545149559364       0.65317549390830099       0.89157296936121433       0.76041962872525515       0.79503842449106943     
   1.8660940812924558        1.6812831032690445        1.6023619702272229        1.9556575244416716        1.7638508221553046        2.2286607550620743        1.6905052224046506        1.8897696598749942        1.7944657474508030        2.3294326180141653     
  0.87944327560664171       0.64246077261103818       0.69608556596901916       0.80620288331353362       0.79851164683806797       0.93529669254035908       0.66050256142845643       0.89981865058252453       0.78032043755514613       0.81114694440876201     
   2.2118218238802241        2.2117021579480785        1.5651324834145306        1.8777972508810390        2.2951847867716486        1.6544547108026104        1.8972756173592116        1.7824693015782735        2.0697494737858628        1.8766254675258573     
  0.89064075850663094       0.67230007934906166       0.71912667505239769       0.82133701994379771       0.81628746454279599       0.93969636498526454       0.66852852834976084       0.90889840959999257       0.80028218139150142       0.82666376987195767     
   1.7510280947161905        1.8489414044838219        1.6245322640185731        1.5677911258017276        2.3891110731787149        1.7381825324429823        1.8679288959353419        1.6770059977413061        1.8529210760618622        1.6145693005367834     
  0.90170690269962872       0.70228916440416200       0.74282320217948461       0.83757824116515533       0.83343901347436067       0.94350665232034681       0.67648942592437533       0.91851326483819695       0.81957994227666064       0.84247186826377496     
   2.2270287125412800        2.0319190243723106        2.0686288094244811        2.0146587144481640        2.4047611315036370        1.9451015716967872        2.1495081434150465        1.9200124936927487        2.1638183191541587        1.8931835944488977     
  0.91271695468381153       0.73043789695577499       0.77124044788247448       0.85418493773620152       0.84708487099672392       0.94691019587388725       0.68519429382173624       0.92954444071733588       0.83854697943671896       0.85734096026963924     
   1.7839145207222173        2.0415161244048168        2.3474848466336811        1.8967963680281543        1.8626691240928679        1.5789072126341854        2.0493906535936781        2.8433708190325815        1.7437852990559324        1.8171115928102022     
  0.92276354031261865       0.75780713201742600       0.79921625313654554       0.86989232698604080       0.86107473563146297       0.95028417783390506       0.69504004218211002       0.94035300697060809       0.86022340107937267       0.87063833782235800     
   1.5585258709515666        1.6996880030673187        1.9934485723312192        1.9150614749110804        1.9981261942249957        1.8548390359056472        1.9776722205876107        2.4346500063394396        2.5344609825281861        2.0389435754952996     
  0.93048596414802731       0.78593161598183248       0.82475434473929521       0.88579732821379675       0.87498367407648336       0.95394366654467877       0.70495754329720683       0.94940548729575325       0.87993454997058973       0.88433923765629197     
   1.5756654606547640        2.0078924696357059        1.9954240923790669        1.8772168620315257        1.4962735631912305        2.2020931161983657        1.7188614779045142        2.2342159869163565        1.8191108738334119        1.7722488547098583     
  0.93758567181277297       0.81580839030621488       0.84950913168420061       0.90333603003023288       0.88961592855826366       0.95815287358144974       0.71423315405698617       0.95622547147692394       0.89611333930873505       0.89751888559900195     
   1.8372655672924427        1.6792401830461769        1.6738300461477098        2.2260395870000762        1.6993315407774670        1.9238448360254568        2.0624285757613134        2.2724662606290225        2.1573499837165424        2.1111898350648928     
  0.94557194157758229       0.84709386931760045       0.87529133799151271       0.91928687367712303       0.90476801715998445       0.96287816449187358       0.72251756693413527       0.96187735969957855       0.91360169246515599       0.91222203207566599     
   1.7400568274357489        1.9883515911647667        1.8321662776681906        1.6972589983858237        1.6268637896978893        2.2099513153363324        1.7571549218070521        1.8694470020717071        1.5828014938501234        1.8665474780903217     
  0.95339436980111780       0.87801212529369954       0.90033459777766900       0.93350499663382724       0.91824587327308516       0.96743748686848219       0.73156560761882350       0.96756550852749490       0.92939506750847400       0.92790427315217727     
   1.6863217335312075        1.7549959431050803        2.1743459963465428        2.0073308156922551        2.1539797418395059        1.6057099880973287        1.6069535676225293        1.8075812366992039        2.2999104770930381        1.6650186829985625     
  0.96228288346382873       0.90554955190382869       0.92470118252802680       0.94802900110659505       0.92995317398382116       0.97216214608225027       0.74009679317645594       0.97374198334968010       0.94538356284448999       0.94405032259513599     
   2.2059585604581708        1.7772268861759584        1.4281283976955974        2.0516346887066512        1.4827312906985477        1.9240637975142489        1.4485415154293915        2.1512537059538457        1.7933846487640985        2.3831867452283948     
  0.97130159466806831       0.92848479660751837       0.94418106337698227       0.96270305754579677       0.94902314376998220       0.97701277495531924       0.75581577590476268       0.98020075047984845       0.95951919192981050       0.95872911226519242     
   2.5334222778697728        1.6659062647171965        1.6010306150575253        2.4330976192509319        1.8911885757588325        1.9188854197827558        2.6814197201630328        2.0967425875237362        1.7265085055258138        1.9467665685412308     
  0.98031448240192376       0.95040613938335217       0.96057473661510495       0.97589650838943642       0.96504445383697457       0.98309086016378522       0.78040755749611190       0.98695114338817758       0.97297071611913644       0.97302801493901458     
   2.8298132932481805        2.0036683955840351        1.5196661024223848        1.6932271796296181        1.7853248521616150        2.3740986291517796        2.5014839683665691        1.8483526881905579        2.7639415050234657        1.8281998116395823     
  0.98969337918549771       0.97584163989601491       0.97931781446233379       0.98821349540130865       0.98279154613927044       0.99132757302533192       0.83545631838862078       0.99327625386554985       0.98689509201107084       0.98670680470328398     
   1.9074115355130681        1.7986063365603704        1.7653033621619814        1.9311427074103078        2.1654733006637703        2.2915455577791577        2.1177406168006288        2.4165529166105109        1.9133391872740682        1.9480860079990554     
   1.0000000000000000        1.0000000000000000        1.0000000000000000        1.0000000000000000        1.0000000000000000        1.0000000000000000        1.0000000000000000        1.0000000000000000        1.0000000000000000        1.0000000000000000     
   2.5068378692525464        2.3347850473162728        1.8156030089422530        1.7799745747068645        2.3765633429105142        1.5721576995353388        1.5096019692029434        2.8268494738716416        1.8792070765316720        1.6280476088283924     
   3.7529376100217293        12.291425124464741        17.226838444836304        10.786036901018333        4.0618074762187648       -2.6685519863526674        7.7658318736652445        6.7990550982702187        1.9043084835714135        4.0433859039305275     
   4.8781840453106700        5.9120285443005143        6.7233951756906221        4.2107284459171570        9.0366163865258677        2.1439678054023537        3.3805136773366824        8.8416877704452563        8.0195426059790460        7.0103061989595110     
   10.525451512653925        4.7140821013306056        2.5247423466671037        3.3499184612540964        6.1270194464440104        5.1618480460627847        5.9210884901699146        5.7342627442338863        5.8677871822726848        3.6073835854874483     
   5.4851684935471932        3.1680583350784919        6.7759520986887738        4.6991464343301992        5.7916850716826644        2.0070279152366264        3.5834567278592315        10.649436668248082        5.9970707525449169        10.678774413138152     
   3.6553508356905731        2.5393442438331904       -4.0759756681878043        5.9329320821861913        2.5630725107912986        1.1427788575369044        5.3641701240449535        7.8244547958382249        3.8697743963138680        1.7812154661931208     
   7.6495369135605733        1.6148396758570507       -1.6270173496294855        3.2234433029594198        3.1350266673901501        3.3567490252309145        6.6867983152762358        6.6370060033629592        6.7851946109716978        6.8995530657553026     
   4.7065683932350373        2.4262943209526888       -1.7870711511482975        2.0855106866637665        2.5832368518163729        2.1012890545379763        8.5965098946283103        1.1135050314244728        1.5431499694967599        1.5647122479640485     
   4.1489748927767280       -4.7681153226483994        5.5574052157752192        4.0796569941297030        6.0440818837104437        12.601709973959656        2.7175737619053040        2.0431099450262962        6.7718237837899480        1.8146246393838519     
   25.117265621717483     
           1           1           1           1           1           1           1           1           1           1
   6.1289809125688350        2.8547842447377714       -1.2763113189465101E-003   4.7078716983921485       0.12606425057465548        1.5885083028115959E-004
   4.4434773121094374E-002   4.4043203641673391E-002   8.8756952789373206E-003  0.19932354571455732        8.8720027103797276E-003   9.6691422436294966E-006
   5.0000000000000001E-003   6.4319640986798117     
