   0.0000000000000000        0.0000000000000000        0.0000000000000000        0.0000000000000000        0.0000000000000000        0.0000000000000000        0.0000000000000000        0.0000000000000000        0.0000000000000000        0.0000000000000000        0.0000000000000000        0.0000000000000000        0.0000000000000000     
   6.2098316318600646E-002   2.1228552997160057E-002   1.7430708229868398E-002   1.3141358835198036E-002   2.1132971967310791E-002   1.5961511204751033E-002   5.1863021956170445E-003   1.5624355135426414E-002  0.35186084812857188       0.13631613021283348        7.1459292505370781E-002   3.6278097014773865E-002   1.3650969830706612E-002
  0.52322286201098156       0.57573271373442769       0.76712993120438644       0.61852148022428000       0.51076702138340180       0.67364575507216140       0.83854536918250078       0.72035545399670842       0.46244969087832433       0.46244969087832433       0.49929194980334657       0.61445711472031472       0.55712671783988554     
  0.10222853603010203        4.1298493349070452E-002   3.4656594887949581E-002   2.6342688551174186E-002   4.2104843993905260E-002   3.1503077098660279E-002   1.0340371661522567E-002   3.0607986991925667E-002  0.47332284986677786       0.19446204260621405       0.12050480084182684        6.9980181748008685E-002   2.7998777483339087E-002
  0.65566590484968734       0.59413187752107122       0.55779832979276223       0.63310708387963699       0.55508921914789555       0.52818019931974924       0.68863514074123933       0.52990101337387086       0.52723338311566870       0.46244969087832433       0.53255655158278004       0.58622295240263433       0.60747517766052328     
  0.13172336428953091        5.8009175328714697E-002   5.1420574873173405E-002   4.0466098413288715E-002   6.2125692396981833E-002   4.7414808894326636E-002   1.5425271666491025E-002   4.5066850475267504E-002  0.51895878688399366       0.22363537746491105       0.15831611369403417       0.10053881018617127        4.2236146807646882E-002
  0.67876253220327942       0.69348439597842804       0.58775098673127213       0.66447378108780508       0.51635959702801337       0.71770418563432392       0.62390994375019571       0.56278346019899972       0.56922725061073187       0.51448983721322628       0.55161530579219697       0.54278011043828911       0.55799945987832977     
  0.15639181102381824        7.4325187645752896E-002   6.8160306657813294E-002   5.4461781047617112E-002   8.0921855170188337E-002   6.2490098980477436E-002   2.0522091361251951E-002   5.9629147457838719E-002  0.55281685866323071       0.24366033768833897       0.19420154784370847       0.12736481320354714        5.7694738311890356E-002
  0.71570640788527018       0.66919437056612263       0.60074484235586356       0.58565675715144239       0.57677776481491316       0.56499047609574826       0.67397096895918263       0.65323759830095118       0.56485644154896530       0.48882053179844948       0.64198754591258311       0.53929313660536471       0.58443370179750354     
  0.17950921268990278        9.0159102508344705E-002   8.5624689026912074E-002   7.0220157647025452E-002   9.9771526734594954E-002   7.7123204104390886E-002   2.5716785705556407E-002   7.5388004056565719E-002  0.57283258662294578       0.26038203285436939       0.23079023624335562       0.15411861752955072        7.3068199553531971E-002
  0.72078383743406582       0.59574974737019248       0.60131122845619978       0.55467423374741243       0.50399340456527497       0.60052071110579397       0.61615562359032261       0.62545398012314357       0.51491917493382244       0.54488737472577742       0.57486431682917605       0.56261850509893807       0.61081851285253863     
  0.19934100452329426       0.10601831644504399       0.10342169025596715        8.5779663868207803E-002  0.11888478291667094        9.1832335182765581E-002   3.0939456367153763E-002   9.1184103940672057E-002  0.59133969979208856       0.27478638435217428       0.25381318570328210       0.17548891614780071        8.8173844515073194E-002
  0.70499352973364871       0.60069433317739662       0.61843356495081736       0.61031677544862695       0.61145319650538155       0.60114428005277099       0.66379090505490945       0.69101860341194343       0.53592531034720825       0.60338451818636663       0.61438962111530326       0.54300505119758224       0.57381694194827459     
  0.21892535571302255       0.12190839430195249       0.12033599420883767       0.10119018295638728       0.14107023538092761       0.10575641214089657        3.6162355191104556E-002  0.10715033604078932       0.60875862298364303       0.28784375546096463       0.27423706457840974       0.19567399758141127       0.10235691329772344     
  0.69815910123713087       0.61931384114878985       0.52405101642004126       0.54037317528824269       0.64891292095886355       0.57773598062893006       0.71705369482828274       0.66113394193003372       0.60502380597369054       0.53039642972988121       0.61105722502473647       0.51821683730814605       0.57343043310730912     
  0.23561552386115328       0.13704163331177083       0.13739418920539304       0.11613313077078168       0.16383682115866757       0.11969152695889808        4.1585469951842209E-002  0.12249722750932211       0.62516386505068389       0.30027911864638135       0.29020403274575451       0.21468681878630461       0.11646026113590360     
  0.56989473086185871       0.61588774642754396       0.60961982233889633       0.59188737219821264       0.60561746319844723       0.63113408777080027       0.64686450142469576       0.62624868728100613       0.55378238053010198       0.50348241513733183       0.55673762525637727       0.59415497371731985       0.56526084971963853     
  0.25153033214458620       0.15250196281204123       0.15441632199823926       0.13063314311583915       0.18462500143593635       0.13367839114215241        4.7251871778313879E-002  0.13723164602282131       0.64015938971175834       0.31247373719725513       0.30622558957475499       0.23518945909501102       0.13032800592627192     
  0.64642829447282391       0.60420095427666332       0.56992772473554942       0.63765637730066338       0.68274812363188786       0.55271421044173630       0.61580777320230229       0.63991523753935320       0.61075997361388734       0.54956571870261206       0.51899894796858237       0.53035239130415524       0.59793345594150760     
  0.26673220900396999       0.16827460699462754       0.17113046289861572       0.14350372724283053       0.20450536646305009       0.14850136410389242        5.3669907782821664E-002  0.15232033019582311       0.65263573873863534       0.32350569474858526       0.32181629493995390       0.25687264587215869       0.14361777280684387     
  0.57238613803147187       0.69336470864615085       0.62577091794647366       0.50594142372294293       0.60377908816752568       0.59239770321842888       0.68081566649864667       0.61359491543494205       0.55642804836437021       0.49269367099572076       0.57309600238537250       0.55793143626737363       0.63168343033329477     
  0.28133827836174807       0.18398953508295282       0.18722306182535203       0.15542344347650328       0.22207981900829551       0.16344224843722283        6.0095728338753193E-002  0.16763525227208406       0.66332081304094070       0.33439608565119938       0.33762603031056682       0.27836251450855420       0.15748728841451004     
  0.64436655971236800       0.62148384778255783       0.58053873419753999       0.52343232117930960       0.51299673814967706       0.55319685417048936       0.63266510916999141       0.57247750004321640       0.54608567789130213       0.49332211829708672       0.51202377797774223       0.61088714528683308       0.57388409907919069     
  0.29563203692825696       0.19905567070081850       0.20263651273176347       0.16750046772759569       0.23950290768775942       0.17818669536058054        6.6129917517347772E-002  0.18248561366917185       0.67283715836448332       0.34512555224012798       0.35391317179527415       0.29995429678354363       0.17124898812664641     
  0.60642602963891223       0.60306437023167281       0.57083573247192476       0.56677716550257129       0.51974238106252779       0.58647216556234827       0.60000376748561879       0.61983864399827904       0.49676093312927050       0.50942184382197198       0.56529086658671679       0.64347809321737859       0.56979197740073906     
  0.31010926225512003       0.21396704574300932       0.21923859420981442       0.18052978203561076       0.25600265933773220       0.19289266713253736        7.2317093371981805E-002  0.19743836568808432       0.68226317804906611       0.35548450295394818       0.37009465911140399       0.32107674567430344       0.18467244004497385     
  0.68056493210374802       0.61010360930351892       0.61091817638765678       0.51371909078955791       0.56717305408079777       0.54905660090368991       0.55176667443871730       0.59613764469043240       0.49284345670935165       0.59694237022364538       0.56954536649752041       0.55228669327310909       0.62130955806479726     
  0.32542230708853265       0.22919096674110950       0.23730522299141260       0.19403618990165031       0.27151141983530286       0.20741039130285105        7.8567596536011169E-002  0.21309257267413681       0.69216819171887145       0.36542667290974934       0.38596121505675418       0.33998288606501464       0.19794477634618321     
  0.53636187649933542       0.74824691893318129       0.65065913864425773       0.67538504898394602       0.56099716059907256       0.52951756087585067       0.62222646001469639       0.47503498007308126       0.48090926490655667       0.48796196486637183       0.54671648011484208       0.53435468601072278       0.52275322378892530     
  0.34112811203100951       0.24490050904625815       0.25442024648923312       0.20694572767990008       0.28648903756323030       0.22142999948553302        8.5084689451870948E-002  0.22902557343412017       0.70298741548134092       0.37505043972407337       0.40148078556287897       0.35633334689250507       0.21054129688407153     
  0.55256405617734761       0.58866449301904833       0.62920575783242749       0.54813665894523889       0.52902310461240309       0.55074519377164466       0.60266599717146463       0.54329862220931946       0.51912231677365228       0.50921460551162512       0.53367232669969356       0.56016606167595828       0.59252935979718102     
  0.35698287297020453       0.26090611358827004       0.27082779010174524       0.22060988110229685       0.30068702749283122       0.23522117204448503        9.1950643152659994E-002  0.24475979986252996       0.71263704067285194       0.38460665149134776       0.41689086770877587       0.37268030364074167       0.22416603152615200     
  0.57389448898479867       0.64746537826223216       0.53450151042472482       0.64375770967890811       0.50220930718441081       0.54822539106082890       0.56318157535806612       0.61916543743695451       0.53660971581214023       0.59288791310021305       0.57588490152997374       0.60809937450540175       0.60045401195517134     
  0.37215998364521585       0.27739235820090563       0.28888667748208197       0.23468738808034409       0.31361384285303279       0.25006555731180297        9.8896678455052581E-002  0.26056725837609374       0.72173758185139159       0.39452297358788896       0.43184910720474795       0.38933972671378253       0.23891285399139855     
  0.60137145289101146       0.55155105012144656       0.51002458850337207       0.56425884573235829       0.54701477308879842       0.58706888916042410       0.58385987854034260       0.60978467524868318       0.55093255086988668       0.66170868445225506       0.60629528547181488       0.55064098365201175       0.48492012666815387     
  0.38587447641094214       0.29077258576300835       0.30756509818616667       0.24925203928289713       0.32563799926259074       0.26538867318379150       0.10553579837218875       0.27324566584460769       0.73081544148810007       0.40463769946416905       0.44672193616860811       0.40609783091886814       0.25481815019398191     
  0.52497719215519700       0.55964940202447244       0.67253373966155272       0.64159219138152035       0.53485802153171269       0.66348705424878895       0.56380441456863628       0.53299416061998384       0.65671957805950099       0.55687262883493094       0.50648513049855992       0.55871385820602026       0.59796181795807901     
  0.39858974555797239       0.30129005721644941       0.32801436256547828       0.26454653116620547       0.33772249395697407       0.28228670406010659       0.11260680298521733       0.28483682333529575       0.73950994717322627       0.41421412443959715       0.46190885183583724       0.42233343587390232       0.27092672001136470     
  0.55660991861289966       0.54376144791995307       0.58986918827336565       0.53250983977485078       0.55478065129293030       0.66977448682061369       0.54090489914118633       0.61809466180530570       0.59800205107917948       0.58023866210645969       0.62970003408822006       0.58185606278445823       0.59036966950326919     
  0.41098219628793564       0.31190969695092374       0.34737887734301359       0.27962993139302628       0.35052607601744962       0.29923507215790968       0.11917413889463346       0.29714523644770441       0.74790027967308381       0.42334113241638055       0.47634188626953455       0.43870328352702187       0.28571692329210518     
  0.67252484007227153       0.51448983721322628       0.68762343644171797       0.56123598937785335       0.54963674366010773       0.56142202348121517       0.52899603797377148       0.57562988461275777       0.54291379632907744       0.62818324727642583       0.56581635867066038       0.61197085038402854       0.60981678683459284     
  0.42351800585510058       0.32243810069473416       0.36574717872948670       0.29418266975896989       0.36381135191017810       0.31381190308057527       0.12813523220071998       0.30930559640046779       0.75595175720353036       0.43196590539397711       0.49040883921150247       0.45447023149741178       0.29983914081885804     
  0.54484641733986250       0.52251879153007208       0.61278136625692214       0.52135518189678232       0.55282222284287452       0.66096829149964165       0.74366527950540684       0.58455375867601322       0.57420578047858195       0.54629397138793345       0.56592055681243192       0.64957275163088501       0.50308448229916825     
  0.43596943826755957       0.33424508085345950       0.38280085539448322       0.30784702726774554       0.37728373143553101       0.32857280483537199       0.13772041918536021       0.32071747675211398       0.76400560357815595       0.43984534046710422       0.50429957087844257       0.47009593537537314       0.31413394185901089     
  0.57238613803147187       0.53857808779941529       0.53887513960233535       0.60548457664215727       0.62720131336216411       0.63988549361242486       0.58622130875231515       0.49415309181202399       0.66126717396672774       0.55744318513665225       0.73903265386166705       0.60265281874897525       0.57831686479680133     
  0.44834708780341392       0.34670772886581086       0.39952824167973533       0.32135968252033276       0.39117295713862571       0.34387566538891118       0.14760416645292662       0.33161279987746073       0.77168209850761171       0.44783862260948182       0.51741466275938564       0.48495228311065197       0.32873084697040483     
  0.55856186954810616       0.58809274152311120       0.58883372852179749       0.68437497653512580       0.52873115925346215       0.56945265448290872       0.70061731605044453       0.56292950325459590       0.61389654834387508       0.54200590275352167       0.58359457602537612       0.56162465053543575       0.61060431683997285     
  0.46075062104904679       0.35929372529978204       0.41687429684426736       0.33499243408991275       0.40556039261760157       0.35903089849708397       0.15763819085401878       0.34224784680805181       0.77938643540603125       0.45629484366750878       0.52995767418854545       0.50007200415712783       0.34347476755496020     
  0.56237024120130241       0.54032482928759262       0.55690000560275355       0.55124376672252728       0.51499586656144414       0.61467265878120858       0.53000498107974237       0.55940428818031462       0.59749942951209423       0.62843447222159132       0.58643596237571116       0.49849375434531623       0.62292577747384670     
  0.47362938448477454       0.37281267915257260       0.43409008466709925       0.34919292053480600       0.42124807767492989       0.37385568932417695       0.16766373063489012       0.35505908049114882       0.78703883310890765       0.46458764902731969       0.54293350226021608       0.51310901970450429       0.35863653953852581     
  0.57849977311406731       0.49917791806073442       0.55414118038654581       0.55623960311636456       0.61763115555921866       0.65357785172450922       0.56255604708212748       0.60423371447659402       0.62170699769850546       0.51115559668196286       0.52167513255066844       0.71828999265716398       0.63335102834224621     
  0.48502438044307777       0.38682636878890281       0.45123043186588951       0.36459870444850218       0.43669404763124348       0.38800723889738653       0.17823549515463333       0.36797545963733158       0.79333069753571006       0.47298562056844545       0.55523907915183179       0.52623659233350251       0.37358919475478652     
  0.54961941380386925       0.52360971409062196       0.61169582118510024       0.51407584173945975       0.72517058604610496       0.54333328859635965       0.61924699721356569       0.60477025829279529       0.55601535301538607       0.70344344808470483       0.56110020759151602       0.63658310541548013       0.56264909960548926     
  0.49606052503609888       0.40142684539053275       0.46835001504201018       0.38101714687815036       0.45373487307796512       0.40091508060276987       0.18911508722938233       0.38221931785097235       0.79958244360618358       0.48116518923918539       0.56654100611128544       0.53924893265400997       0.38741611557117117     
  0.60146113957949365       0.56788311823089510       0.60478298060693925       0.63697497868910946       0.58749933179005731       0.56014239595872550       0.52468146003283400       0.58606083041867385       0.58282448479953441       0.68931506190358316       0.55593762628689958       0.56153459751759338       0.55693444345647936     
  0.50705250293197801       0.41648968277337367       0.48462914079095842       0.39532305228551629       0.47104856315887367       0.41386481687876087       0.20102569693914835       0.39572512992228670       0.80662122300871053       0.48986658782193832       0.57741095932137365       0.55228116717312625       0.40137077073589500     
  0.59892896288568065       0.62070246920961414       0.54051347359559254       0.62340637146114464       0.77618120485357789       0.54863364420920979       0.68847839620024875       0.54727008719940828       0.64705762772014730       0.52975286509202668       0.57208605337856511       0.63326425235650574       0.59404114216252790     
  0.51824144900190316       0.43117850976700750       0.49958219365679729       0.40831843699065784       0.48564465876457696       0.42653768120388058       0.21337718397552685       0.40851198891974472       0.81378901726389741       0.49878257652092373       0.58722323796982800       0.56589390110695059       0.41536981577917759     
  0.55664555208248601       0.61198347773912787       0.56430279273583206       0.64842313807058116       0.59443295498786275       0.52453951781600072       0.62754362888525483       0.54760218409219785       0.69378311355718270       0.67692417769405200       0.53360629279699123       0.60321157940760961       0.53466958297735867     
  0.52921612183400335       0.44604748238559472       0.51297965992605077       0.42008813521374005       0.49997334622580308       0.43957650239583274       0.22540156103196662       0.42105962619566850       0.82141967354040879       0.50777289649149460       0.59803338514202742       0.58002639930321065       0.43044134191034328     
  0.58506994846279414       0.51616776658786279       0.52019208791639782       0.53211946028725965       0.67672145205883782       0.57087886777886421       0.66152409562769099       0.63572438003211384       0.57492968511496767       0.62298541203675095       0.54219348968660208       0.61866890750534820       0.62417904655663736     
  0.54001216563600918       0.46104735908605832       0.52677450349049304       0.43122604109345675       0.51315547628160563       0.45327224695113494       0.23753131114908183       0.43420343346066370       0.82882304660043660       0.51707553316786237       0.60921055469299756       0.59346193352783005       0.44503178500657148     
  0.61286202743367657       0.54077111248116505       0.55413096184639488       0.57269724567949398       0.70826790361402492       0.63684604163262204       0.61338699712074585       0.55200830026529835       0.67101949184985543       0.67539243692977546       0.55649535827526542       0.56184516263945128       0.54066827193437939     
  0.55047839045417901       0.47609847112701048       0.54221046453834398       0.44263174898226737       0.52675670371618366       0.46642468553284194       0.24906235030038848       0.44681567035701059       0.83600635803249235       0.52629924682909901       0.62115449151979463       0.60729847632556910       0.45996061305277197     
  0.61240116642551845       0.56087108958499665       0.65285059285455216       0.55517789146719809       0.60395173531681723       0.64022175938430859       0.51883912562684320       0.59694523934376820       0.75438183379187362       0.72257719739256721       0.59217905827786854       0.74146378213394726       0.60529122860076157     
  0.56040521323135217       0.49328026130030045       0.55924457463431709       0.45408255062416486       0.54128109638245558       0.47898732193943017       0.26118547675371578       0.45838377147995568       0.84312649813939944       0.53418876380482117       0.63404290070581115       0.61997069541006977       0.47483619464580401     
  0.57489349595948747       0.53675551777011943       0.58132067693045830       0.51427011348621476       0.62174943686560713       0.61070968825216598       0.58873844815596243       0.58044244873768591       0.68405239094204817       0.65968362565034455       0.62737054739719544       0.58251997557661661       0.58746677436890438     
  0.57206157193007889       0.50994531155330336       0.57589602503127924       0.46672733778791392       0.55547721781157222       0.49229422502754311       0.27396571608313602       0.46995158503863793       0.85046125420583274       0.54162143993613066       0.64720687581701186       0.63251003664587457       0.48979781544307294     
  0.59339276647728745       0.61672396927161488       0.59919623964814184       0.58895137936477371       0.58930552166034744       0.51631382324690489       0.63415402018288503       0.51199536697941972       0.74666626081141541       0.58245426963931446       0.58233865715373745       0.65064132793264307       0.64782042891359704     
  0.58360611026891129       0.52878709871388152       0.59233801720251356       0.47976875632541083       0.57102234678114216       0.50579708476740215       0.28766123440398000       0.48610585096520192       0.85770734363159851       0.55060280147819307       0.66106858441464633       0.64511996492281598       0.50466373180712687     
  0.59716607068322070       0.67597405382531328       0.68829013896060820       0.55016631760815204       0.59831231223206027       0.51454709361745044       0.63997229219427676       0.50530367018161182       0.64969186646458332       0.74645916228156495       0.62544307094723894       0.72784108398610148       0.56262705640638644     
  0.59631224411511730       0.54753017412645877       0.60760994597464379       0.49539843425619506       0.58686215002992670       0.52010177190963569       0.30263663897917276       0.50245391143530649       0.86465751631034016       0.55971127514112295       0.67459340563112913       0.65762083788882131       0.52215893945826319     
  0.57031616322703627       0.67986896169056743       0.60014702686497556       0.57518525811057675       0.68117853443935472       0.52242923334975000       0.63889211766257703       0.57325240020396306       0.61679944912965423       0.65844795755456098       0.68902580015091530       0.60110282022800521       0.73743743617702440     
  0.60947345974288814       0.56598150673290204       0.62261070273592778       0.51150550473823198       0.60174361134507848       0.53471403972501608       0.31697114416013322       0.52152133372609322       0.87083784173256618       0.56876153046224043       0.68895891741121407       0.67037446444045956       0.53959186026537131     
  0.55305665680469240       0.63987499386295410       0.70949127488077790       0.57912536295257644       0.72082790497699434       0.59525853346101776       0.57113693613703631       0.65050045250052646       0.57262464448221884       0.63572217167502454       0.63868240832254786       0.54208454833648667       0.63013201794919271     
  0.62248598250436471       0.58424252504028884       0.63733130101158597       0.52943839990360220       0.61635061402297175       0.55028772703828965       0.33048677800226539       0.54212890842848904       0.87662524685739773       0.57790617290804502       0.70295427869833316       0.68302823052327732       0.55891609357775951     
  0.66589274445807722       0.64857718647227636       0.56594539735701899       0.71923012792557439       0.62394395483642173       0.62188768848143416       0.56452835832419967       0.58963145315909893       0.63528316951942454       0.67175076405223311       0.71231474418211371       0.54625760995075756       0.62801739635969045     
  0.63511240050181350       0.60233799618349837       0.65224300084156750       0.54745620324033351       0.63106846619062340       0.56613625706414683       0.34343664715646322       0.56187557263236043       0.88228798897345528       0.58693338803516060       0.71552225961191307       0.69567252036351745       0.57863333101304992     
  0.70749739704326597       0.60117470737569811       0.59468689903285654       0.63849303290748471       0.54821210015941968       0.48734765233350091       0.56615364029965654       0.71695592732146918       0.71399028997833824       0.63451831136072601       0.66657986126585611       0.63667351115686188       0.71376508911547665     
  0.64818697631134670       0.62038096575383794       0.66606007168774506       0.56824860378530262       0.64549563338638805       0.58305075967881581       0.36101715429995129       0.58071084490870384       0.88677419939091473       0.59520257557881950       0.72803493381454676       0.70778411287850262       0.59408266970516410     
  0.56858991783590929       0.65264783887534461       0.53795310078333658       0.67236355389686031       0.60561725007443001       0.68178756417181641       0.56311785903194866       0.67779316920847965       0.62082932429222615       0.63162734133380050       0.60067971617029003       0.65565690073570704       0.61311067011591658     
  0.66143657130120503       0.63788790968598508       0.68017351371571955       0.58905962299327341       0.66102241299485121       0.60016097613996067       0.37791397464020726       0.59925757954192505       0.89124179302214990       0.60324769255918820       0.73992277087234748       0.72281077539083372       0.60986960539789681     
  0.53927834728440538       0.57433227537907017       0.63345850632980483       0.64874341126536494       0.72524311809096831       0.68228359182703435       0.72437741013380441       0.54885051845649735       0.57945336030473205       0.76118596568132757       0.62785556825975675       0.67097857179063369       0.55267401593577337     
  0.67522308824876842       0.65405975991424758       0.69453254970373135       0.60883950914417118       0.67778635957826527       0.61802869603129562       0.39526999986271577       0.61738972274034276       0.89599062970219023       0.61034415958162913       0.75098169902076672       0.73780379366028992       0.62631350957533094     
  0.70121864838698456       0.57999828774549900       0.59414292642259858       0.57889872073145077       0.58130806971290672       0.65888678699149750       0.56383065415485500       0.57794098807936789       0.59124876382836700       0.55998137644727553       0.63552743100288056       0.55206845312531161       0.65273120730830581     
  0.68987635815476822       0.67064542721041087       0.70888308671872391       0.62951019172956701       0.69344602066602823       0.63686524217431051       0.41196780845908443       0.63475067200722157       0.90094967672933557       0.61740137311563026       0.76233143561622019       0.75323659390204645       0.64219729737284248     
  0.65292511525188845       0.57574523742912775       0.57069983787377065       0.60683497181457990       0.60553008799485508       0.62459955212407059       0.55199355903075276       0.63718510845996357       0.71769904169654553       0.63224804889521657       0.66988060616065903       0.68394662505098303       0.64347072232382707     
  0.70360474261014361       0.68874509551420160       0.72347611015468138       0.64910567046865852       0.70805519454607102       0.65567062420380318       0.43006395911104672       0.65035989650428461       0.90586729685110168       0.62438724607231832       0.77409274307409692       0.76784255532167611       0.65733365128173515     
  0.65536815060532971       0.72547301030894040       0.60202480738555597       0.62528629732032981       0.56605167506186238       0.56236951190882212       0.56277761632656864       0.61857186905905714       0.59490784525217888       0.63855946784172879       0.70204968414803526       0.55394166827111757       0.62380596731624960     
  0.71613743343564162       0.70619059266524009       0.73860689027184590       0.66903218515031260       0.72235376165929288       0.67350082821149471       0.44818838203555511       0.66724849969756461       0.91059452772507476       0.63094918411629930       0.78580749329120825       0.78000799579863533       0.67205615932786456     
  0.59608260738874141       0.54600175830219866       0.65399076274275081       0.61118725916999295       0.52462319139005675       0.69853596804892659       0.57338859727894886       0.63854641025036829       0.59375629982649303       0.59271051094153226       0.71291163898982124       0.59199357465111990       0.58064058825561005     
  0.72943386724608594       0.72218910793477298       0.75431617838593168       0.68626640108785097       0.73645868626619082       0.69184868142365574       0.46436486997281051       0.68768681150523825       0.91519381388581045       0.63832903512143135       0.79709852876070975       0.79221784577038612       0.68615858944351282     
  0.61740091132868968       0.60674155295996557       0.60723154428660198       0.74289370089829476       0.61225889680313450       0.58575466203513837       0.52632602215511226       0.60018001194087089       0.65362978920466597       0.62014542573813680       0.66660391736504088       0.57057815513791521       0.62662201846422882     
  0.74330289584038856       0.73823463531749356       0.77001516981867923       0.70269231161767098       0.75083956431370402       0.70891703255971927       0.48201090630468896       0.70728956292420353       0.91965471936153464       0.64579848598515688       0.80870431243154728       0.80432425696230692       0.70032119631534151     
  0.58848140842924290       0.59884263494788337       0.63045640202717512       0.60661138022466565       0.61781494364687095       0.61131492430905066       0.55242652652527091       0.63116020140140583       0.73819739631273751       0.82597035592968182       0.63652940315024387       0.66887835034169330       0.52518167739400035     
  0.75709980242274033       0.75906718275420515       0.78450064811728959       0.71956713184394094       0.76591247026575571       0.72589381510020956       0.50560229638911280       0.72589336863097587       0.92398137445035766       0.65365449485248750       0.82091352736789602       0.81647970442387630       0.71621865629146886     
  0.60346921186581148       0.63160010498594588       0.61122486445591073       0.53269398778802723       0.73669477902227465       0.57910402581461262       0.69410588560052855       0.68516318070378590       0.60304835351234809       0.68182381396641756       0.65878153641320303       0.64944329518400568       0.49025259965603030     
  0.77109482826363229       0.77981363436580109       0.79799712952480828       0.73705386189399169       0.78029663699979801       0.74579108775362868       0.52910366823837363       0.74498411886908000       0.92812088150757810       0.66112360311992258       0.83308975765842985       0.82854316681090356       0.73163944884847898     
  0.63338076681326971       0.63562581568086651       0.70082650674887037       0.61490331698302458       0.66409433733968359       0.79216629859762078       0.59701530342738007       0.71608474079206286       0.57287849589845963       0.53562388282029472       0.63934150483498864       0.61060443458618996       0.54150605894550241     
  0.78501978778257619       0.79636060668920194       0.81135136568808031       0.75454934297607457       0.79472795654484296       0.76683038281202764       0.55164999205665632       0.76043597834264287       0.93216338557455602       0.66851211426274504       0.84368293070128564       0.84019103110034776       0.74894730353895234     
  0.62022296416595468       0.66520039629192074       0.57012542286167256       0.67479115315569815       0.73672659163786003       0.69461749970654330       0.58537223383019010       0.58967024180948691       0.55325665067768159       0.52053572108823021       0.70629838059687999       0.67175736720248902       0.65204301016672128     
  0.79856240209558382       0.81259271522381848       0.82392572257765062       0.77206991426264049       0.80926122252122001       0.78440760968950995       0.57515837553879068       0.77583774977461040       0.93626000782244712       0.67626235977373950       0.85358588855017381       0.85249022267950358       0.76616146025287535     
  0.62660549820274514       0.63164884797603693       0.60061755023653784       0.63270544223043368       0.56457278592211024       0.66611778557412304       0.52747779350065138       0.61974455802412221       0.62331102190664711       0.61586241554115151       0.61285136190119982       0.70269835239262080       0.64694055250257398     
  0.81138690513393574       0.82628828767600326       0.83721424204057326       0.78909463251162038       0.82276416197606539       0.80182972903732941       0.60031420459887708       0.79154915605695242       0.94062457808491917       0.68440282874119629       0.86374350668063293       0.86470134025179357       0.78292773826414941     
  0.62057301176965418       0.60218481300852267       0.54788036440492049       0.65605413279241520       0.61735010255758849       0.55169319044624110       0.54466329260637714       0.55409696008146658       0.71058315591033838       0.68858749196697100       0.64734337835167821       0.54956628935316676       0.65273750564370658     
  0.82305025090469042       0.83934663882525629       0.85163155518999378       0.80519415703122399       0.83589984857312050       0.81562926925292090       0.62861357684974828       0.80728212767433882       0.94506480633027434       0.69254238160246584       0.87422339264181537       0.87780826679990243       0.79942296107550570     
  0.50527809577566252       0.63985084552318716       0.66340479114947848       0.56968938638315547       0.66448892849076391       0.62257103810593462       0.56050582690197870       0.64370607222623821       0.66030938682973184       0.63889821505200584       0.66361211036981427       0.57687228067243612       0.65481730309976494     
  0.83452597058850508       0.85671049592600457       0.86671472791357007       0.82087823238802637       0.84987285575450899       0.83028546271526016       0.65812703921308546       0.82199025710729512       0.94939094949777492       0.70049450562460835       0.88464435633023886       0.88958409759193702       0.81611794065294796     
  0.55862373842667490       0.68258688645407917       0.78791020671389811       0.64230376730957106       0.62611693998402029       0.51883437258335208       0.55983939848709152       0.58674634965352268       0.58569466940546089       0.62859745753938723       0.62672973497547935       0.68092573323541561       0.62727952797156450     
  0.84536353289877153       0.87387975947297847       0.88220806374315053       0.83631288924808589       0.86352311254182235       0.84640735369492093       0.68456107835336044       0.83667435568321680       0.95367511802303540       0.70815756703362664       0.89505492076396387       0.90042335640159188       0.83343251747040004     
  0.64808415726237290       0.65980054752351713       0.58908553827977261       0.61603264774158373       0.69198138421917499       0.61257975916311846       0.54268678711231999       0.60364686830001280       0.67813994598554228       0.71948410319387535       0.61903835322828071       0.56793900345776982       0.61053382135650058     
  0.85888567317222153       0.89052660582964860       0.89639386591096004       0.85386113660250751       0.87718033559914821       0.86239182204711040       0.70987571583297604       0.85381998318491037       0.95784269667905553       0.71656349615362136       0.90549511655290449       0.91189826655735051       0.85133044499120980     
  0.66741815289734452       0.59634161807889430       0.65591837330753977       0.72615545580407181       0.59095476935064151       0.64588018760943378       0.54777552243932737       0.67997905151779903       0.62674768793837488       0.60905685481005689       0.69432934134078195       0.57500657490136331       0.64202760034471007     
  0.87307211635485737       0.90680103659619560       0.90880560079369987       0.87143318902909039       0.89082351471752019       0.87887831731438915       0.73885318376096343       0.87048365374714576       0.96197430906020287       0.72515557208591741       0.91691300981899426       0.92346774035530399       0.86934336311493732     
  0.61186928276139785       0.63876490329244096       0.58409617861147822       0.63054786749589353       0.55932106084293909       0.65986742981567215       0.63222040562720105       0.66653717235222354       0.63314931901449967       0.59016927354835902       0.63807845685850917       0.66578344990168592       0.63758454436153389     
  0.88795460235742152       0.92148959460848101       0.92140853491572317       0.89059363355267507       0.90461427200251432       0.89504258008872484       0.77070733652162859       0.88830223802705399       0.96627861160111361       0.73643370129766239       0.92874034754954637       0.93512893085543813       0.88752467044971128     
  0.57180681736451622       0.58210891633924378       0.59539246676472768       0.63816641381145633       0.61914116482436310       0.56317225978868324       0.66177526769968431       0.63963418149971418       0.50693147197188182       0.69490287717419019       0.65951435083828003       0.57812146981017676       0.68083822862296439     
  0.90423683929729637       0.93511165976563237       0.93305020573563802       0.90956751502554978       0.91943708636198951       0.91219562465675097       0.80359538354027460       0.90696509297421102       0.97080774734944819       0.75050162247808616       0.93944943550632309       0.94688990094176384       0.90615063634397452     
  0.59049853170689925       0.50731408695231817       0.58654743316510527       0.54584017738886370       0.59686121137689274       0.63489122867908598       0.53395915356532642       0.68947827267812523       0.64250391688358655       0.69943469469857389       0.58844989613926313       0.64895469444934306       0.61082511905320436     
  0.92111882694917713       0.94936125759357537       0.94452368410038345       0.92788500835916699       0.93431847782589894       0.92972904029466363       0.83788548510761440       0.92574018655138690       0.97533926920736136       0.76360754288243271       0.95064913701986786       0.95771195925309582       0.92448251475420073     
  0.53016064435126753       0.61525416294436719       0.63630779249148151       0.60444294096553430       0.63026421781809283       0.67501309786366714       0.56885632011374077       0.58146935808088751       0.58620309887982913       0.73753796639415747       0.56252813934562329       0.75720969376498481       0.60793852028037454     
  0.93952106381311673       0.96414689259167896       0.95776569225503594       0.94598742798263191       0.95021054186815457       0.94761958769468124       0.87587276805427572       0.94462532918857467       0.98055881834356218       0.78741087560675727       0.96274062618186873       0.96729025781626854       0.94486716026704642     
  0.63201709613615298       0.60088085670597757       0.58993858966884605       0.65419016976192146       0.62872695145800672       0.58022988019238986       0.63794706591937744       0.59555655499312321       0.77902082078144486       0.67763257923581943       0.66058556652326672       0.58820745062244562       0.57094550368172525     
  0.95798386222566501       0.97769860762607885       0.97068738620819683       0.96398595882198368       0.96630268698123356       0.96489588734679166       0.91544975161671638       0.96334214648947636       0.98605958328206289       0.81319416020938118       0.97469042624344338       0.97730355068983621       0.96496155713555654     
  0.56242204894524883       0.64971816596622556       0.64205049054523744       0.58900539654564554       0.64547232630871865       0.59528417072820328       0.57841318070336645       0.58680936447654986       0.70392376004166746       0.58120963686925198       0.61175595051432252       0.55396330918260439       0.72109844526744893     
  0.97914577360304000       0.98893723851358295       0.98525570879663193       0.98174812167063663       0.98338263664659764       0.98268090745167203       0.95690058876605200       0.98125925397556968       0.99279001267831346       0.88278937037334138       0.98721525745315253       0.98867588261056660       0.98255403106417805     
  0.59837751119512506       0.56801203924038468       0.57235696321282881       0.64425191585520325       0.63217153555940198       0.67024238641806044       0.57754264063080496       0.66739020503242852       0.60304419668496645       0.76166648253863056       0.57014580182633401       0.60483603732331104       0.72675570950506507     
   1.0000000000000000        1.0000000000000000        1.0000000000000000        1.0000000000000000        1.0000000000000000        1.0000000000000000        1.0000000000000000        1.0000000000000000        1.0000000000000000        1.0000000000000000        1.0000000000000000        1.0000000000000000        1.0000000000000000     
  0.54580547353422915       0.63656289022483969       0.57426018833778214       0.76366028171049438       0.61417851916697719       0.67871338922903113       0.62346657984649645       0.56182844255619224       0.53974694144183510       0.48777624601788050       0.55239140099719553       0.70117088318939735       0.69008734340779732     
   5.6718564489860315        8.1984875999590656        5.3418646757791901        5.4508121089220252        5.4563343957041033        7.4999019863819498        15.828140595596343        7.3706273350167830        0.0000000000000000        9.9603147451420195        9.5203841359884613        9.8534130897858745        4.1204730530325788     
   2.7712131787276415        6.6499858226588211        6.1886085155861794        6.2846863912391200        6.7681645941373754        5.5302650765629675        5.0644062807073267        5.2353114185348888        9.7050115145401872        18.580500277187301        8.9210277586077176        7.2310101544827488        11.961739341858964     
   8.3758598747764257        10.926535395687868        5.2427256417272243        7.4035545517917782        8.9989146531239381        12.898668631382703        3.1593988666644921        8.0085587214336869        11.054466644882714        7.0122640976299033        10.048021124537421        9.2477658555756523        4.4360662516705442     
   10.739444230986209        8.5769040641858201        5.1654462793661367        10.285821096389672        6.4224203317635737        10.668694585397567        4.1996359873432842        9.7826384824346722        8.3091561198959258        11.080904543930236        6.5187596377020292        5.5215598482949924        13.534469783027406     
   9.4011488985231146        7.0017092181292497        9.6169526522173250        7.8292472494974543        12.170493216645205        9.1474659698711420        4.9014154590449506        7.1186269052009790        9.7095856936148230        6.1565615716999389        7.1268826569793378        8.2450632670392014        8.5045748350815575     
   7.0247710241715922        7.7844622617658077        11.609837932792354        9.0514499165789779        5.3281484687901370        7.7076877285506775        7.6472829310318948        12.376703058811342        11.646854191182189        9.3832133392120483        8.9444365607089651        9.9768401164571472        9.9095942696627635     
   9.8154432968892369        11.700853563725527        8.6669391113484906        10.364459032703403        13.882292412280776        9.1610257338746823        7.5177815163680055        10.019216600651294        6.4298440902901364        4.5938747867512362        4.5177744011581833        9.5867978589194589        6.9424812981065447     
   8.4631414089982950        8.4397235809795976        11.061210963035785        9.0799691963380766        10.541500655482093        7.2376206292147609        10.203478485159687        5.8970317552382658        9.3951770468533748        8.7282133403014193        12.872368359782657        9.3138439466588245        7.1124494166207555     
   3.0519279012918195E-005
           1           1           1           1           1           1           1           1           1           1           1           1           1
   4.3097193177701867E-005   3.9808798679023127E-005  -1.7098470435609700E-007   7.9150888709630198        9.2617668372582024E-007   2.1818157813173108E-009
   6.0273879792377168E-007   6.0528251168416919E-007   9.9121088509030306E-008  0.26900532863214832        9.9068702913435317E-008   2.2514299832117717E-010
   7.2691010887869579E-003   8.9594396487277770     
