     
 Collinear #           5
 ME*wgt:
   0.0000000000000000        0.0000000000000000        2.7297085158497410E-021
   0.0000000000000000        0.0000000000000000        2.7297085158497410E-021
   0.0000000000000000        0.0000000000000000        2.7297085158497410E-021
   0.0000000000000000        0.0000000000000000        2.7297085158497410E-021
   0.0000000000000000        0.0000000000000000        2.7297085158497410E-021
   0.0000000000000000        0.0000000000000000        2.7297085158497410E-021
   0.0000000000000000        0.0000000000000000        2.7297085158497410E-021
   0.0000000000000000        0.0000000000000000        2.7297085158497410E-021
   0.0000000000000000        0.0000000000000000        2.7297085158497410E-021
   0.0000000000000000        0.0000000000000000        2.7297085158497410E-021
 wgt:
   1.0000000360081565        7.5953441854482333E-005   7.5953439119539012E-005
   1.0000000034513805        7.5953439381683228E-005   7.5953439119539012E-005
   1.0000000003437113        7.5953439145645069E-005   7.5953439119539012E-005
   1.0000000000343574        7.5953439122148579E-005   7.5953439119539012E-005
   1.0000000000034355        7.5953439119799953E-005   7.5953439119539012E-005
   1.0000000000003439        7.5953439119565128E-005   7.5953439119539012E-005
   1.0000000000000349        7.5953439119541655E-005   7.5953439119539012E-005
   1.0000000000000038        7.5953439119539297E-005   7.5953439119539012E-005
   1.0000000000000004        7.5953439119539053E-005   7.5953439119539012E-005
   1.0000000000000000        7.5953439119539012E-005   7.5953439119539012E-005
     
 Collinear #          18
 ME*wgt:
   0.0000000000000000        0.0000000000000000        3.6346960591129134E-021
   0.0000000000000000        0.0000000000000000        3.6346960591129134E-021
   0.0000000000000000        0.0000000000000000        3.6346960591129134E-021
   0.0000000000000000        0.0000000000000000        3.6346960591129134E-021
   0.0000000000000000        0.0000000000000000        3.6346960591129134E-021
   0.0000000000000000        0.0000000000000000        3.6346960591129134E-021
   0.0000000000000000        0.0000000000000000        3.6346960591129134E-021
   0.0000000000000000        0.0000000000000000        3.6346960591129134E-021
   0.0000000000000000        0.0000000000000000        3.6346960591129134E-021
   0.0000000000000000        0.0000000000000000        3.6346960591129134E-021
 wgt:
   1.0000000128481366        1.8333200555991191E-003   1.8333200320443731E-003
   1.0000000012314931        1.8333200343020940E-003   1.8333200320443731E-003
   1.0000000001226403        1.8333200322692119E-003   1.8333200320443731E-003
   1.0000000000122591        1.8333200320668477E-003   1.8333200320443731E-003
   1.0000000000012259        1.8333200320466206E-003   1.8333200320443731E-003
   1.0000000000001226        1.8333200320445977E-003   1.8333200320443731E-003
   1.0000000000000120        1.8333200320443952E-003   1.8333200320443731E-003
   1.0000000000000013        1.8333200320443754E-003   1.8333200320443731E-003
   1.0000000000000004        1.8333200320443737E-003   1.8333200320443731E-003
   1.0000000000000000        1.8333200320443731E-003   1.8333200320443731E-003
     
 Collinear #          33
 ME*wgt:
   0.0000000000000000        0.0000000000000000        2.6075725335908090E-022
   0.0000000000000000        0.0000000000000000        2.6075725335908090E-022
   0.0000000000000000        0.0000000000000000        2.6075725335908090E-022
   0.0000000000000000        0.0000000000000000        2.6075725335908090E-022
   0.0000000000000000        0.0000000000000000        2.6075725335908090E-022
   0.0000000000000000        0.0000000000000000        2.6075725335908090E-022
   0.0000000000000000        0.0000000000000000        2.6075725335908090E-022
   0.0000000000000000        0.0000000000000000        2.6075725335908090E-022
   0.0000000000000000        0.0000000000000000        2.6075725335908090E-022
   0.0000000000000000        0.0000000000000000        2.6075725335908090E-022
 wgt:
   1.0000000089850312        1.0778764891334169E-003   1.0778764794486630E-003
   1.0000000008612149        1.0778764803769463E-003   1.0778764794486630E-003
   1.0000000000857656        1.0778764795411077E-003   1.0778764794486630E-003
   1.0000000000085729        1.0778764794579037E-003   1.0778764794486630E-003
   1.0000000000008573        1.0778764794495872E-003   1.0778764794486630E-003
   1.0000000000000859        1.0778764794487556E-003   1.0778764794486630E-003
   1.0000000000000087        1.0778764794486724E-003   1.0778764794486630E-003
   1.0000000000000011        1.0778764794486641E-003   1.0778764794486630E-003
   1.0000000000000000        1.0778764794486630E-003   1.0778764794486630E-003
   1.0000000000000000        1.0778764794486630E-003   1.0778764794486630E-003
