   0.0000000000000000        0.0000000000000000        0.0000000000000000        0.0000000000000000        0.0000000000000000        0.0000000000000000        0.0000000000000000        0.0000000000000000        0.0000000000000000        0.0000000000000000     
   7.1089149862565840E-004   8.4381345450303957E-003   1.5392607638271782E-002   3.1223858256298489E-003   1.4539664832138272E-002  0.29130665827571650       0.20139219592972432        7.4279057846499338E-002   1.2618408551851876E-002   1.8488803284353941E-002
   3.7711654997580650        2.8026674414475456        2.3379606705365985        3.2564966194221783        2.0213579311041396        4.7745804262468718        1.2629177387750894        5.2787801939743666        4.3451999697456003        2.0881714634478468     
   1.4210940652127340E-003   1.6813805602408367E-002   3.2202892302818704E-002   6.4545547712881873E-003   3.0004213775275613E-002  0.36492107516495370       0.28890789031584879       0.13152450665038984        2.3776349522045725E-002   3.6252422570230453E-002
   2.9377754759583650        2.4415686438245809        2.6873960105058554        3.3352904391906488        2.5849004436634919        3.4680046440888583        2.3095546236548952        2.1641905095676330        4.7770632922865355        2.8022843803289197     
   2.1521751484213170E-003   2.4506554548753005E-002   4.8776595477506374E-002   9.9402613622067461E-003   4.6797245342600748E-002  0.40813914167524712       0.32993751468509069       0.16423427545780417        3.3804389036167011E-002   5.1174334343070289E-002
   3.1026350263217606        3.0144744117908235        2.5113414135474956        4.4723431242000933        2.3177064020066274        2.7677291910966511        2.0379499869954665        2.7355448681122803        4.1718706231926248        2.4007139820997407     
   2.9308885591241632E-003   3.1490478031076755E-002   6.6434717400248491E-002   1.3872156746929990E-002   6.1558880848513117E-002  0.43596400933542467       0.35204331490622914       0.19195429225275307        4.2452823237425746E-002   6.5203853448648694E-002
   2.6980394272811701        2.7734132279466319        2.5128996023365922        4.1283929838473661        2.4351662732213066        2.5248826621443419        2.8701141594803294        2.0814711819770779        3.5641474591688480        2.1861768127851198     
   3.7863664689512366E-003   3.8298576954801378E-002   8.2921352430425033E-002   1.8258029759020099E-002   7.6627307282802204E-002  0.45761384176748909       0.36984762506310537       0.21443998099673389        5.0302200834527064E-002   8.0210498312154932E-002
   2.3461299589378659        2.7753472436158648        1.9372584055965674        3.3149792436399794        2.2646729837942501        2.5382578982358570        2.0503045515219549        2.3733330901813168        2.0935878067018598        2.6001099962875522     
   4.7332327893951026E-003   4.5421570832493721E-002  0.10004974340207864        2.2713111854371734E-002   9.0163715880851161E-002  0.47898271583992003       0.38655780930345518       0.23444626886672759        5.8962526963532678E-002   9.4425475434930989E-002
   2.3220394653590093        2.3938268822693844        2.1177748642666328        2.9403829077496906        2.2373902951646336        2.2153395334468478        1.8437549463155605        1.9640355531297897        2.6690785866255093        2.0705834964012846     
   5.7314596293428881E-003   5.3191368305449301E-002  0.11601593426291007        2.7093133543040403E-002  0.10342255315669581       0.50017971275248774       0.40057405020560433       0.25222548837378139        6.8272981855536277E-002  0.11105143265123527     
   3.6123775279439569        2.3830563795350042        1.7772513479600092        2.8209610964612928        2.4892313557219659        2.2398749602829402        2.8962283336999830        2.1744420122062817        2.4997126559362006        2.1408841569285260     
   6.7953070933450561E-003   6.1610979194250251E-002  0.13120478460532353        3.1506450211299011E-002  0.11573930836490795       0.51774182345123054       0.41315724701031720       0.26853595242883571        7.7745086489420329E-002  0.12728426653302524     
   2.5823758891954327        2.8796619084727602        1.8981589678357933        2.6176312591510977        2.4395782981759679        2.4279629827794613        1.6893124801755943        2.2177258358339507        2.5141585573324243        2.5068623634674587     
   7.9564943814451148E-003   6.8863932056930283E-002  0.14597163486709444        3.6146388840676509E-002  0.12772434865529284       0.53507905619194007       0.42460683579035119       0.28456611266084653        8.8087151452666643E-002  0.14259909866409712     
   2.1708991749116935        2.4214041696883917        2.0916966109744757        2.7702209282569186        1.9581836961216137        1.6504149214952830        2.4022971248318408        1.8262563108567593        2.6918854776099854        1.9634279100744561     
   9.1475823367512480E-003   7.5387674362817000E-002  0.16128926308383582        4.0850454986353354E-002  0.14022692242789297       0.55020314207713494       0.43691030872987752       0.29953289858428361        9.9196683650829648E-002  0.15744219797967896     
   2.2617854989870732        2.4122447852316182        2.4643699658587686        3.0480340195377860        1.8832705139388100        2.1963293426438621        2.0157732314511247        1.9448935362824351        2.2404416387122219        1.7347194232503513     
   1.0428233159472878E-002   8.1494381875055338E-002  0.17786684764285574        4.5751290529237681E-002  0.15196429986009771       0.56436018198626825       0.44769683582779912       0.31419391476532832       0.10947357941031927       0.17269860098189954     
   2.1836097403276007        2.0635694452694571        2.1663488018360586        2.7289063497278803        1.8895702195008703        1.7813134880028705        2.0574771162612913        1.6446397548929523        2.5435324438793625        2.0957094177788584     
   1.1881107225019099E-002   8.8067487765277466E-002  0.19534032779755764        5.0502153568456963E-002  0.16295822889855310       0.57833945003939047       0.45762097108573491       0.32926634486693240       0.11942016343792056       0.18900259755659030     
   2.4339318752811097        1.9923171944210845        2.3121037712263299        3.0989163143743017        1.8554771364534064        1.6415282518125773        2.3240174459272187        1.9036482596743443        2.1256134655937404        1.5522255112945644     
   1.3484548806149641E-002   9.4991569957585828E-002  0.21163176928131619        5.4861999927279546E-002  0.17393093616121030       0.59047561243438185       0.46717621947878435       0.34421680588091058       0.12982199443972181       0.20679642366528289     
   2.5997361192457085        2.2291754589341446        2.1608904214224776        2.0831530719344804        2.0578152864734336        1.8240280874487056        1.9966446276435921        2.1136342438192215        2.1960302423675699        1.9952163909591278     
   1.5187040303553679E-002  0.10181661526260902       0.22720329596290934        5.8815695325813676E-002  0.18449637316799450       0.60152334413567787       0.47717821941560828       0.35983420374248931       0.14047868962732726       0.22591936665942280     
   2.8615312637927475        2.2442902381827294        2.2111741929208995        2.3980907744614668        2.1755659639914242        2.3503587341671861        2.4621983868080224        1.7867936182373263        1.9932759265591022        2.0954973615975274     
   1.6928498367234392E-002  0.10855053935107863       0.24136542446828074        6.2545811255105943E-002  0.19507134106940535       0.61291560676536894       0.48830585650968483       0.37616948024209607       0.15291908222134767       0.24540032187781055     
   1.7382334022106734        2.2454619500520749        1.7599161872854536        2.3001682107816599        1.9843072214648731        1.9956613251691806        2.1216146706904135        1.8137568297232765        2.1549899385218083        1.9084404359360934     
   1.8507018157570471E-002  0.11751020213384768       0.25497033448491807        6.6877226139298543E-002  0.20510606015449065       0.62400671092333981       0.49866189630455526       0.39160271353050768       0.16522631964279447       0.26446170459621615     
   1.8530845928309594        2.5038933134633998        2.2559546252071776        2.4425699200666555        1.5482585376959617        2.0403158458930175        2.2753222030565325        2.5310073104448798        2.7284657309847549        2.2220700436852732     
   2.0622595556692484E-002  0.12680779808851597       0.26819279354018433        7.1690086586514545E-002  0.21683633877273026       0.63682772586088887       0.50892050748189044       0.40603949598568684       0.17774607638619680       0.28338541327384353     
   2.5853161116378911        2.3526904212530746        1.8733927494530798        2.1052332263569449        2.0643055214256854        2.5247654626691913        2.6472400994938292        1.9047073484281283        2.5277933414036351        2.4166814469766602     
   2.2953451790350379E-002  0.13611481388924485       0.28102942027514882        7.6695532838993899E-002  0.22995043833271137       0.64844921723452476       0.51915246702986395       0.42257938786866478       0.19122037989932933       0.30164609918557178     
   3.7119004797910331        2.0617289911843089        2.1245084937693584        2.3660582297280270        2.0926433144095293        2.1348229263295724        2.2563001382069241        1.9015703156139541        2.3783259983188665        2.5222216176557013     
   2.5275057516905848E-002  0.14613627231099707       0.29543128077118846        8.1986304687743636E-002  0.24479463925811124       0.65955353196098365       0.52919413500329315       0.44054936656877230       0.20614914903699336       0.31931425931677859     
   2.7244550900476248        1.9388199958339478        2.4120409596334915        2.1957615783138782        2.5919213294304884        2.0636029550015786        2.3889763624943963        2.0948669041385228        2.3276079590561887        2.1814225697463270     
   2.7528153939507805E-002  0.15657547327760979       0.31023984301407742        8.7351833828634290E-002  0.25968289350663754       0.67063710092673934       0.53876374659922255       0.45886185187032691       0.22195061000172051       0.33734734903497715     
   2.2124554118046245        2.7973284905998232        2.0301028371771914        2.0339484650819863        2.0771608688293166        2.0337910479975672        1.8781072276348900        1.7426693882138267        2.2370905338217963        2.5563043435037773     
   2.9731940534889506E-002  0.16735162159078937       0.32524029543545985        9.2563666074881853E-002  0.27397257446102297       0.68064416264367744       0.54780574005963656       0.47613737662365918       0.23728331637647654       0.35537963387814031     
   2.0917034227875044        2.9681621858944975        2.0043513486453777        1.9304734224186804        2.2258372750747717        2.2753224213644052        1.8697338091381839        1.7897421784845993        2.1817187500094404        2.6256292897314313     
   3.2109274939612666E-002  0.17767220655170643       0.34104796170398965        9.7660737838082282E-002  0.28785431839039011       0.69035410583872492       0.55618663834941950       0.49392881173721492       0.25179437408719091       0.37403855235663586     
   2.4684953376882137        2.5358406357184187        2.3070450458927660        2.3167526475817057        2.6794160338191717        1.9154864040529389        2.6612661048170310        2.2916115922285449        1.8374301772521677        2.2025036124592448     
   3.4774091679702641E-002  0.18734984485655087       0.35835818484865589       0.10291105178438555       0.30230085008817786       0.69916481428995880       0.56374919121342704       0.51327119153005607       0.26623163743483486       0.39359660461389417     
   1.8685441477728928        1.7399421975161140        2.5216368641487068        2.3141499601837281        2.0813334517205395        1.6599479364570577        2.3635927343431957        1.7788955499092309        2.1417070495691855        2.1460653068758777     
   3.7525513085544970E-002  0.19692492983623661       0.37464451811232474       0.10837313604567868       0.31723154338585369       0.70748439292144005       0.57111946040689932       0.53389711313493537       0.28139620915125529       0.41103450517025603     
   2.0109375054064222        2.2487486715832423        2.1146191694245893        2.0168195326179124        1.9762036468727722        2.0532910924790473        2.3437861522803858        2.6251033059120905        2.0446127752013981        2.8922371034943191     
   4.0380097819984744E-002  0.20542778978254916       0.39021255781453812       0.11417709923949988       0.33233977140757670       0.71553324630407933       0.57800713055681285       0.55481550054686368       0.29560087409937968       0.42557380057397393     
   2.1815944624786279        2.0489246795483931        2.0127524684852860        2.1530331794885340        2.3183645984833618        2.2497564810353823        1.8981838573031644        1.7278635563324338        1.9733989864928907        2.1810991720466935     
   4.3260803586053567E-002  0.21595261066725041       0.40535800192232474       0.12046869704479343       0.34908121367423706       0.72349797671402227       0.58494841215053006       0.57450930606303574       0.31099870953206477       0.43871735249880817     
   1.8195967542874145        2.6457682128809394        2.4520826808748555        2.3342968829021187        2.0611746948412741        2.7541765094374711        2.0673830093599195        1.8923489714478370        1.8069644956526303        1.9352175826119553     
   4.6544091877452148E-002  0.22731656060782929       0.42013047738565251       0.12689265342259795       0.36556443292724233       0.73151846557593958       0.59222914385307923       0.59296735249239507       0.32688525648131289       0.45184505817658921     
   1.7688073651975340        2.4768843628218447        2.1047394127483914        1.9084513388969333        2.5768366684857877        1.8803238569968674        1.8425342353456551        2.1259387508540302        2.0820853216459336        2.3574549700097225     
   5.0274713202567434E-002  0.23876632579287552       0.43455164879631142       0.13355656945996283       0.38287803516512520       0.74020039284479833       0.59972091522951254       0.61156122034870808       0.34581108973550101       0.46585993843218826     
   2.5714166928885906        2.4778001777277749        2.1852216684677490        2.1280428209566247        1.8031276501963314        1.8845533028961283        2.4162658967057702        1.9317992665825310        1.9493290587578318        2.8583794565413272     
   5.4297134212816782E-002  0.25062342939944510       0.44792871807750856       0.13959126354291737       0.40022241948097109       0.74867248108174145       0.60737439651148462       0.63015841478786472       0.36482905588200709       0.48153186527618447     
   1.9705874475277219        2.0495158386253900        1.8320411038050843        2.0428317748393630        2.3273404475731421        1.9590717623105536        1.9083216886235728        1.7877788238760368        2.3976052394040863        2.3870873417142748     
   5.8478690108676387E-002  0.26204498593832332       0.46098165248345979       0.14592481824570977       0.42094960342091209       0.75705467948671057       0.61492981434153460       0.64872976306415220       0.38239210885846986       0.49687531331666329     
   2.8194468204907168        2.2233773141305915        1.7124380606460701        1.8700397425257897        1.8182151293851518        2.0296138167216879        2.5080034044954487        1.7971242236416813        1.7418938244600104        2.3307959562977518     
   6.2804003601124980E-002  0.27211988035692802       0.47540589550033102       0.15249112116651692       0.44509744532592799       0.76554195453730889       0.62235711605192934       0.66709063609045172       0.39944061166143624       0.51331954800946766     
   2.2111738721637768        2.1522964679228132        2.2874638408861201        2.0679930445402310        2.3683612063061474        1.8066126978632850        2.0552279708759351        1.9824320355598679        2.2250571175368963        2.2738972167387534     
   6.6890670984758038E-002  0.28199857535034412       0.49111576773503179       0.15990194132559477       0.47073678183883605       0.77369285830490420       0.62956238865141878       0.68533101458946621       0.41609058981317720       0.52965428068173492     
   1.9049479733534325        2.0219715093812773        1.9801603080723245        1.9875410956236454        2.5619102596280383        1.9213072051810391        2.2774933443752245        1.8525316354396111        2.1291533047358775        2.2993001243701641     
   7.1354000773176524E-002  0.29231015713496100       0.50596203806366502       0.16785318781840891       0.49879302007366538       0.78169419570945509       0.63669001662224289       0.70349220515480315       0.43267871720196027       0.54306696128301224     
   2.1902918023030717        1.6554414844044492        2.0808520579623324        1.7729634941767034        3.0666549785114214        1.9208799301209651        2.5779414770029292        2.0447551471700880        1.8955988046035859        2.2627955900215007     
   7.6257196171610198E-002  0.30380321576685149       0.51883545407204501       0.17576839809612360       0.52243241756498371       0.78925788477127456       0.64352954569519716       0.72014525332217438       0.44903421751818712       0.55676376175518028     
   2.0019895390513960        1.9427557850992081        1.8891685788600541        1.8920283773145352        2.0579702241649325        1.9041513142616826        1.6906426392308476        2.5266977864233469        1.9247911525615633        1.8073708435182292     
   8.2195256007786086E-002  0.31602532380353576       0.53149606889598200       0.18413394748869291       0.54725488164978309       0.79647215427222351       0.64971977996222618       0.73461913380975252       0.46518957568554375       0.57132508870303711     
   2.5494818871701930        1.8682900269190310        2.2146562364898896        1.7095082506616865        1.8976764273961073        2.6483432489404048        2.0041448035927525        2.1768919402049822        1.3510041684286709        1.9695693992996801     
   8.8632776158706850E-002  0.32805415942380228       0.54521655971166494       0.19373790554719436       0.57259550543781135       0.80361298633248146       0.65567873229318885       0.74714396119628812       0.48240871884489639       0.58658948355000384     
   2.3714282961194382        1.6659108160996632        2.3689762771768983        2.0220493870378569        2.9492852533827101        1.8503028796907539        2.3548371077591992        2.0741770027264130        2.0805018366692654        2.0826152599673717     
   9.5311586681150237E-002  0.33961630225677741       0.56002895275782749       0.20441557874737681       0.59724312125309487       0.81122407616229064       0.66193669584610226       0.75865397028736736       0.50039750204879185       0.60219099571119328     
   2.1698118720186432        1.8483991699521536        2.6548115101273524        2.7589480572992233        2.4778234420145591        1.9220467045944070        2.2341791848206976        1.9288422747699516        2.1750371945863551        2.2532963559257868     
  0.10304430457189329       0.35188978418056927       0.57491101624177476       0.21517186094446603       0.62143290966430187       0.81843736903392816       0.66948519153618458       0.77151623405022585       0.51647985952990294       0.61704414479110903     
   2.0314642213291667        1.9430158375939630        2.0733328070550998        2.0336820657540704        2.2458467285916162        1.7751205525843785        1.9913809756921639        1.9360636524616390        1.8574879489468514        2.2492045425668596     
  0.11134362195572024       0.36376270004648642       0.58950555351060496       0.22604413697701020       0.64218738929677355       0.82475313800800232       0.67664677339352464       0.78516712953973722       0.53098605865254855       0.63162654840515897     
   2.1326781505576271        2.0217502757541612        2.5268465359532719        2.0870045732295956        2.2219496250538762        1.8159616450702805        2.2250842743375303        2.6352538094618274        1.8462984806529026        2.2591030422796301     
  0.11973991485437682       0.37640733015948713       0.60413371557275675       0.23776262265521741       0.65956332625720782       0.83095816123729460       0.68355617511949573       0.79976163511970577       0.54536426042132824       0.64484046388826388     
   2.1638184246437953        2.1282480111030280        2.1082255975798851        1.9489838116368203        2.1195579643696627        2.3965861178579480        1.7884645658682867        1.9326672504675615        1.8061115464737936        1.8536367740319601     
  0.12926181966309339       0.38848315532815558       0.61833071496689396       0.24981788753371478       0.67487276226668136       0.83702949235861002       0.69040260720444480       0.81275757117015479       0.55960873938155453       0.65920683306746009     
   1.5921761546064577        1.7728010148070439        2.1003847425536875        1.8891422316381301        1.8653137189758815        1.9285221601862412        1.9607645417418960        2.6914785808254971        2.1596908399432557        2.0506219817764211     
  0.14048672541352411       0.40295645591000545       0.63341281985605280       0.26301911299571373       0.68988681153338038       0.84306121109124499       0.69766839488428689       0.82364169388409481       0.57561749546051288       0.67265295097716082     
   2.0066430009556719        1.6557635959181038        1.9962151248413724        1.8522085658435048        1.8592934090876156        2.5172849974696159        2.2033702548095579        1.6666212914651102        2.1764730279255540        1.7751553945359662     
  0.15142325902484491       0.41890223592764192       0.64937578107526917       0.27687969183909594       0.70431101772077531       0.84907802243231745       0.70554615226548523       0.83312762079538971       0.59110670752058125       0.68644229266637935     
   1.6274614095019975        2.5381772020323075        3.0167638464786624        2.1316956075376767        2.2329232947809472        2.2402048305467548        2.3058640132065888        1.8047711259735946        1.7176778314319625        1.8224017914740731     
  0.16235527032805971       0.43468475012544144       0.66599256376401350       0.29014441194768437       0.71791310842005474       0.85512650715680372       0.71290759055992381       0.84240377493351171       0.60623996672019442       0.70087043901020929     
   1.9823129283139709        2.0369286630885011        2.3561307797581894        1.8347315579046284        2.2012200151484969        1.7543430102251705        2.3503302773449546        1.9370691288119224        1.7190926162495286        2.1806684357990291     
  0.17528681886913544       0.44954800386621108       0.68262187677545327       0.30393743744571095       0.73166511485726082       0.86150919176367968       0.72014147205379819       0.85258991308867593       0.62192061114703390       0.71725279208304515     
   1.6312288412926623        2.0123168631685129        2.0441734493633872        1.9042651276503761        2.5586108554778435        2.2298623824530472        2.3289771382526543        2.2639939910623919        1.6829821854386042        2.4222062586278827     
  0.19118287624402228       0.46417434288730836       0.69956180804669599       0.31910661927126105       0.74502563759551022       0.86814723075802802       0.72722027949411205       0.86254093333103832       0.63840013944855289       0.73361681543593416     
   2.2077333302539000        1.7128363064145287        2.0090072413244862        1.5741356552187644        2.3709298429093586        2.2418719350676852        2.1161506403053347        2.0466155926780347        1.8626913893734787        2.4310167173022514     
  0.20794525883252551       0.48048824691551101       0.71689131728146738       0.33515269342139042       0.75905682670233221       0.87505548659055565       0.73456797987128575       0.87255405897689653       0.65506128624869098       0.74836700663000255     
   2.0187029327705668        1.9061805468490636        2.2813695719652700        2.1370506041151360        1.8455126344647330        2.0642972772931949        2.0201698400623780        2.1469535438348593        1.8681376430083465        2.1618596423345671     
  0.22578860511326598       0.49908670955186274       0.73327218702459829       0.35076625902369424       0.77283902775899582       0.88182940723362435       0.74066167414693984       0.88229224974589526       0.67163330095818319       0.76463742662305045     
   1.9493293669462841        2.2257774518227733        2.3764950922086876        1.9908390391624591        2.1899685560313102        2.0998604745656690        1.9631685137759256        2.4889989942325101        1.6993851818602239        1.9313532108497264     
  0.24673228704468989       0.51849213014980489       0.74853741643830063       0.36668190684064944       0.78631755547187410       0.88816043813112633       0.74649259248668720       0.89219908166091166       0.68877778923765465       0.77933586299571833     
   1.7866896765426739        1.7802149063902881        3.0196186147483388        1.4838124073971555        1.8445999784239759        2.2292159941787277        2.3883417573736949        1.9922663563077692        1.8917732914001153        1.9779722810106426     
  0.27125939320163828       0.53849140399173656       0.76259653846547359       0.38390717817466802       0.79947082246774359       0.89423306255998725       0.75347363964389880       0.90264059787225703       0.70904082168709004       0.79221613492496812     
   1.6255996933202417        1.9786989672570170        1.8414279670300566        1.3951218301444142        1.7781430973231007        1.8947427570068072        2.1530481369812331        2.0195534500120185        2.9499457776687459        1.7194154178441059     
  0.29866283391216747       0.55856167380198440       0.77624721126447771       0.40389079486096618       0.81200794758523043       0.90035385591723005       0.76031059325944572       0.91228984475598884       0.73166849790007327       0.80525752263875516     
   2.2378100859092691        1.7589155424718279        2.1392818493219226        1.6009861845104854        1.8166780842509092        2.1668827243580049        2.6275766359550219        2.2499825209172091        2.0070609435738116        1.7448740693788851     
  0.32904761832799984       0.57951301341339645       0.79302194534749326       0.42763943754301886       0.82604931070537235       0.90612059843821036       0.76775959694149565       0.92176683998397013       0.75655187697835169       0.81960959159940727     
   1.8920644131649285        1.9368631174566955        1.8272367096530293        1.9551872297256438        2.1518961645292389        1.6780330670380059        2.1715936182434490        2.2177530456422789        2.5186615800562904        2.3770663529881406     
  0.36093981358131372       0.60188137106328121       0.81114849943127942       0.45470186719434597       0.84045974182563954       0.91191354685991988       0.77581360813881350       0.93059511586244925       0.77756582617593617       0.83535960199329484     
   2.2295598157054415        1.9433577600170659        2.3297292575639705        2.2111483598946480        1.9365254392402222        2.0441185871255034        2.2234659043848795        2.4851782229334773        2.0497736956443156        2.3825455710256520     
  0.39145141067156097       0.62659676777483031       0.82914272313636050       0.48333904551075918       0.85384573599318347       0.91854478124729089       0.78476394648741743       0.93836550107911476       0.79560664230672129       0.85020925928807389     
   1.9640031040965034        1.8460483698703785        2.3903101396932835        1.4467110245677390        2.4839909185441438        2.8453783168278268        3.0707208048819101        1.8545606760380424        1.6133472376538547        2.2863837422826938     
  0.42189414365498429       0.65326789502646754       0.84751115123198284       0.51136623349338606       0.86709854465140013       0.92493756297967622       0.79370472773417955       0.94546574992426535       0.81530294803406844       0.86658013895699193     
   1.6152168027282161        2.4827222188034925        2.4144946345979381        2.0482645309194618        2.3461597401003176        2.1424997615661781        2.0872385495326533        2.3951881100377217        2.3299580199065288        2.2991846690903373     
  0.45999273976035171       0.68141891209528460       0.86634438442130401       0.53847883939472641       0.88091993534966095       0.93079222826148178       0.80210725849809739       0.95236946913028053       0.83622488326355471       0.88288229065135715     
   2.1058154023438140        2.1398129484518846        2.5455500759641674        1.5270357379720092        1.8018274219585353        2.1434614907701079        2.3022804746026262        2.7735035430457486        2.2903630404925486        1.8829415749880132     
  0.51334514264666153       0.71028456668871709       0.88315108015886645       0.56718364280489852       0.89403334293991676       0.93627136807946398       0.81045292022552695       0.95892905774756809       0.85751585504772676       0.90139950553549042     
   2.4695100181130942        2.0396477520929377        1.9133076117734946        1.7580209216684328        1.7306147678460935        2.0792680806846544        2.1400273275506665        2.4667609613926622        1.8677050865484515        2.6904687310139783     
  0.57677988605630126       0.73959390735831443       0.89968073847460761       0.60065583532683620       0.90647897360480245       0.94180260765368373       0.81906561631425934       0.96462125527426790       0.88061706877845303       0.91717306848064195     
   2.0904868926921942        2.0320990250447908        2.0500295473261914        1.8936300398412813        1.7553114379385943        2.0218221651065957        2.2037877359244251        2.6073334250732607        2.2204991389389042        2.8235197008433892     
  0.65352325328938010       0.76968072214593586       0.91594555080552287       0.64100843291748799       0.91826381268743495       0.94862986063857468       0.82872562870792410       0.97004544079500643       0.90311296269399621       0.93060571507963730     
   1.9814886756939560        2.1643898215867399        1.9057690569893015        2.2196569003048774        2.4776027128690234        2.1570299669134241        2.2529840493471833        2.7873495313220595        2.3356731355087899        1.8330557101739795     
  0.73571899060126766       0.80377123281428153       0.93062712875700648       0.69176635133534248       0.92998385930902228       0.95697616511689054       0.84009457004795507       0.97567372111889394       0.92363967834689176       0.94430756024954632     
   1.6389351261921368        2.0670529841481167        2.4260131507476062        2.2595301681773043        2.5429207468510726        3.6721572105118523        2.6564980245901486        2.7568597482152337        1.8395472019250436        2.6010925478866773     
  0.81097271454081421       0.84126576267372410       0.94680842977093493       0.75002783639605064       0.94410643665281424       0.96616494214823911       0.85341808397672370       0.98171652026605560       0.94180826358402603       0.95808545169114434     
   2.1078198554406642        2.2591426892252464        2.3182331278004176        2.0718352068227057        2.3370146727130217        2.0587697715349398        2.2112206476023504        3.0413134849952677        2.1304361962901548        1.8085790961320820     
  0.87747000488744742       0.88166344954525977       0.96400708117295275       0.81337671581966864       0.96064276658159919       0.97570447647925906       0.86954173055144413       0.98817315732242361       0.96010440488132476       0.97176528142193697     
   1.9814603033088709        2.0860251890730814        1.9822458515866146        2.2967983911760541        2.6967831718656394        2.6557393605315283        2.4666925495573371        3.4933496798167227        1.8408117906558028        1.7918692272995922     
  0.93857153282976447       0.93542048914824949       0.98147101286604588       0.89382043873970340       0.97967706822909739       0.98679711071605991       0.90598754531849890       0.99418548870294554       0.97773710161970140       0.98545190429771257     
   1.7677276364441843        2.3727328670298400        2.2821016812350052        2.3100909857340062        2.9511833691784322        3.4256432097117675        2.6916959472724393        2.6967083508589966        2.3255516536784060        2.5912724448209445     
   1.0000000000000000        1.0000000000000000        1.0000000000000000        1.0000000000000000        1.0000000000000000        1.0000000000000000        1.0000000000000000        1.0000000000000000        1.0000000000000000        1.0000000000000000     
   1.8793326071571075        3.1992842585012076        1.9829074500280459        1.9823908198577158        2.4888262556943395        2.4991603647116309        1.4071285722085565        2.7653803794925680        2.1222006280108876        2.0803903910320480     
   21.236759030146541        11.094375881728610        1.5003526951393542        8.7267785014377051        11.931939185326643      -0.38579762147988089        3.2923141879301370        11.183724277650215        6.8312581707186579       -1.1788604349732541     
  -2.3097104163088469       -1.0953394152963809        3.3560616178866374        12.082081225687572        9.2699487754438739        1.2160006864549331        8.0369831360819237        7.8090352371187075        2.4742852674696243        2.6310811252994157     
  -7.4954130695698238       -3.3709919610875803        5.4238859307535101        10.579826245946036        2.2044139634400532      -0.89075464650760883        4.9868431218854319        1.2910097760632950        8.7804480016376836        11.542425327307662     
  -3.7628790577025368        9.6702705265187330        6.4470944347885855        7.1153837115439273        3.3268576665745351       -1.5449132361363442        8.9138240199356833        2.7906036074450689        10.948566790067508        10.471062933186767     
  -6.2331794557307854        19.050225824497179        11.741883264051125        9.5273711138219372       -5.1331753020663884        2.2104188840984119E-002   1.4725250502961920        6.2264927125975413        8.0468147374674839        3.2707931226067446     
  -3.5626322599522071        9.1299969670082159        1.1472354869913892        6.6835644215375938       -2.2003441385256313        4.9340637170911847        12.674126287318762        2.6625203146118186        5.1290598929224975        11.697341235988146     
  -1.6275053779974999        7.8490642234881536        7.5568946505861119        6.3359485635105406        13.854982881946118        8.7006466383010395        1.0018501757250846        13.837162463259993        11.464020927984544        12.809888322080607     
   2.6425546067438992        6.7184756817870674        4.6792110074408901        8.0568212801439500        13.061269488093531        14.273879474204689        12.856339419011732        3.9476633680862685        1.8171220359878963       0.67124785399016351     
   64.968504171865348     
           1           1           1           1           1           1           1           1           1           1
   8.5653647121215748        3.7565665190195490        3.2947205387904327E-002   5.6620665038138513       0.24906086520863180        1.9073097695996010E-004
   6.3863718601127828E-002   6.2440803350952263E-002   1.4090987190097406E-002  0.14700092283196831        1.4090080416559066E-002   8.0549983837540767E-006
   5.0000000000000001E-003   7.8261738057626200     
