   0.0000000000000000        0.0000000000000000        0.0000000000000000        0.0000000000000000        0.0000000000000000        0.0000000000000000        0.0000000000000000     
   1.0527741390071482E-002   1.6593265532092259E-002  0.18954811585549478       0.13768242572521741        5.8025646530927656E-002   2.5785996318209846E-002   1.8169564652678862E-002
   4.6409635093335373        2.7790488630713073        1.3693790810952990        1.5068133168885580        1.9394634748261754        4.3114278388395055        2.4332344875578968     
   1.9530331780760798E-002   3.3176122403904475E-002  0.27048202128433302       0.20727185617295235       0.11966958388091137        5.0136277847509229E-002   3.6138996897028729E-002
   3.3874116200746869        2.4844417241902814        3.7797752115983991        3.2713877953200976        3.4185892590655111        3.1817542148151010        2.8998475730298590     
   2.6789026470949800E-002   4.7643652041937157E-002  0.28430079417795634       0.23676884532491232       0.16484416350713882        7.6091854506767170E-002   4.9456081545184313E-002
   3.0578772878721461        2.8980060080026799        2.6578713314249538        3.8233912445706597        4.6109322855352506        2.2084834920733201        2.2927022181019021     
   3.3921898231643204E-002   6.2358019269982988E-002  0.29666687993597618       0.25781928542347682       0.20682664316530888       0.10321177344280155        6.3076125214049580E-002
   4.9357418942856590        2.3859784993984126        2.7852853583849773        2.9844016579224646        3.3341604571958054        3.0815263850007106        2.7710154010756844     
   4.0343014972844399E-002   7.5966834002310551E-002  0.30751947435118415       0.27654555955132282       0.23473054035246282       0.12643719620709429        7.6329814148221029E-002
   2.9506568357985024        3.0723981335216419        2.3641311851821896        4.1206936531910223        3.7627954002528585        3.3364494652989123        2.4283092426905943     
   4.6515944671101414E-002   9.1908240594701138E-002  0.31855685998783917       0.29157176807362761       0.26338343552564603       0.15061692983892558        9.0736480975771208E-002
   2.1378063052235627        3.9730194283400508        2.0260540501877391        3.7143798195268252        3.1760002990672933        3.2562315174897303        2.4740875376186611     
   5.3666406720901623E-002  0.10840627191068616       0.32822054254356708       0.30428073058945199       0.28707372052342017       0.16978196326349906       0.10671025639613209     
   2.7421486110977495        2.9442550504149136        2.5681285850119497        2.3923820242682394        3.1494251989617728        2.6264415353030084        3.1906611836254459     
   6.0277722953237356E-002  0.12204941477940262       0.33769974723252083       0.31617928493684955       0.30754191324645719       0.18630615822097654       0.12217218726292969     
   2.3482078993519337        2.3151704498840089        2.4059604101082077        2.7756640115066884        3.2015549528291181        2.4219623343362033        2.3662055860774474     
   6.6786336492860074E-002  0.13550318703955827       0.34634271970746200       0.32779458499553332       0.32653629440014137       0.20478345420226676       0.13776339064767257     
   2.6795991676217561        2.6317744191523809        2.2410401794124275        2.9332229318790066        3.7002388496306651        2.6355284425003194        3.0694094124289939     
   7.3558153168568188E-002  0.14869004014419451       0.35468648998669788       0.33777380473276464       0.34563111343175973       0.22294455107585306       0.15423485393298364     
   2.0715284775175626        2.4014681964523041        2.8521622184807209        2.3385101175160150        3.6014666069842525        3.0063355563829690        2.7081296057902184     
   8.0657039102244352E-002  0.16444136568093459       0.36282455491608778       0.34687261023925586       0.36654335574004415       0.24562638598377248       0.17225299396305102     
   1.9762191000991909        2.2219492888708694        3.2482191115634982        2.0904240162225567        3.4159429374144454        3.0347541739351622        2.7904213727008842     
   8.8187196454819483E-002  0.18119091955892899       0.37017384637201972       0.35601886900427437       0.38710787556642717       0.26840761886362258       0.19080393997491410     
   2.5417522458467854        2.9524781747087752        2.6763263939835893        3.2074395649993050        3.7273399964335123        3.9881112179608151        3.3179086403905091     
   9.4922670594912176E-002  0.19821928474370643       0.37722201651170317       0.36524480134606274       0.40462528015250421       0.28793896069358982       0.20985500023105333     
   1.9029559073834099        2.5036072141667005        2.7881727903098379        2.6464335371238086        4.0300371215042574        3.8126975624753858        3.4630863716572078     
  0.10085044540673509       0.21527190694922316       0.38432765120244011       0.37434195803550080       0.42036689557712814       0.30712003055854126       0.22724724723552436     
   2.1022385342499397        3.1624101522119354        3.4869109526392634        3.6944745689547309        2.3847778945085238        2.9046847012928096        2.7288541659243704     
  0.10676178971885551       0.23159511873807601       0.39204460646046058       0.38317821642719879       0.43552283573269707       0.32575653148741174       0.24463638233798202     
   2.5984628064732416        3.0674918182174946        2.7197339341728388        3.7662560273265089        2.3274558556356069        2.0344026262540424        2.4737849781292507     
  0.11341363250423443       0.24823680446348620       0.40020239281654196       0.39225226323780310       0.45070407797912709       0.34468012848415597       0.26040629581851277     
   2.1213627913808906        2.7170296402109373        2.3546791136981726        2.3347632103496081        2.2536086491576932        2.4532780933423495        2.4183109229708939     
  0.12153298213278635       0.26512492854782693       0.40822051983611679       0.40087078837481344       0.46607747398308608       0.36447588972343009       0.27656915005119820     
   2.1715768406937075        2.7602219122093188        2.7727518166752834        2.4703171929272645        3.4900723205270747        3.8327265695624617        3.0371723829940400     
  0.13031198561512111       0.28149551432395126       0.41594699803906732       0.40972262765773926       0.48095384196366309       0.38281752111493744       0.29215577800774245     
   2.7775357175734032        2.5130268628118850        2.2487413140169661        3.2297987756072248        2.3742544899643696        2.0693959119923964        2.5682951394677334     
  0.13877085689571847       0.29656515742221434       0.42375354027119250       0.41748702022110085       0.49499265447825097       0.39900681838729318       0.30849282367654035     
   2.9893046571004227        2.5435413111159257        2.8646843889044153        3.1643323995708088        2.4265532562582046        3.2082369786543903        2.2587131438263341     
  0.14726336880973079       0.31217638728028740       0.43170986105109749       0.42509478123794475       0.50915811248647891       0.41484198730964211       0.32476742496368288     
   2.4083395979135069        2.5268589368714820        2.5134792873888445        3.5061926102124708        3.6943655313488746        2.8488902213317320        2.2297817247702518     
  0.15608553009736570       0.32687254191724957       0.43991454197775981       0.43269718533348062       0.52408649900034365       0.42916332365791010       0.34027842553814364     
   3.1666659646552415        2.3104182278399215        2.9061171123323382        2.8645392282779141        3.2156579599797830        3.0428940300050256        2.7243644147052590     
  0.16516570106868639       0.34137936908747474       0.44834127862603829       0.44054446489448190       0.53861041731040171       0.44392618670550105       0.35570171583921806     
   3.0857989397433312        2.5207107502723769        2.3984513219278742        2.7273559594650543        2.9894023599645312        2.1433866258309240        2.1507219237452051     
  0.17444065186887597       0.35604386662982873       0.45613505939282945       0.44884203178249032       0.55238981952014476       0.45860739214048057       0.37119269107160430     
   3.6964513722008516        2.8840015674947579        3.0838158385769461        3.3293229423927082        2.5225572952071196        2.0316389220037316        2.5645600643874111     
  0.18303203653864830       0.36986512718337444       0.46348484021655273       0.45679347096405032       0.56423247064773030       0.47515871727412656       0.38732200035362468     
   2.2316882504083981        2.3435644722356761        1.8643752729918348        2.7989073967308626        2.3213371154013633        2.8802724633341974        3.7527502840908107     
  0.19108050640208557       0.38330810973513146       0.47063089988763346       0.46449189720044953       0.57482402230417229       0.49265894807096833       0.40360549292795600     
   2.7034955958125062        2.2461847091851537        1.6875331314279889        3.1331287926966933        2.8672011339452128        3.1130165089190700        2.5740678441927631     
  0.19931717206561814       0.39720351967102391       0.47813416296331429       0.47172124117774833       0.58528729320707329       0.50909999107575021       0.42004392006893060     
   2.6591362142544388        2.2011818014565629        2.5379212827807422        2.1544305866288593        2.1155744869018376        3.5694117426891263        3.2423897788255691     
  0.20817796356143992       0.41164443161995051       0.48631247682305345       0.47899383527176725       0.59572575946955331       0.52460362325507304       0.43453749241840772     
   2.2670134275574982        2.4237063833240011        2.1903284252735524        3.0184182441884571        2.4430988595365393        3.4166787520244597        2.7669465920152794     
  0.21785824288587075       0.42773458356253996       0.49457520525591420       0.48582256990455541       0.60595950310657198       0.54007948702272890       0.44856520649639137     
   2.5398639917721901        2.7047892803585922        2.3372969990089145        2.5927367908061809        2.4619357411241372        2.4703077273601197        1.9117378533396276     
  0.22808898495482011       0.44456100269894683       0.50431890273617908       0.49277874602330041       0.61571043233911038       0.55609620605346488       0.46238817551831946     
   2.2406548744349362        2.6775265510981132        3.7474236523172042        2.4722195393550663        2.4847155440815718        2.8536361550434473        3.0990797041058658     
  0.23831842630428068       0.46227406798568249       0.51399451173643695       0.49934670285103760       0.62762234422076435       0.57249586890590143       0.47854657583960497     
   3.4241403704403992        2.7016037824473376        3.8176353718974947        2.6583320664100198        2.6659032218101291        3.1339526231581694        2.2103238090453865     
  0.24837335860919360       0.48044023306531436       0.52350652932300235       0.50571849176435235       0.63857848992667110       0.58701919499515998       0.49589860074932363     
   2.7531215420365744        3.5132572180387895        3.4106123342270278        2.4398801622499691        2.6909065049806413        2.7630167935775649        3.2086062886183506     
  0.25925431771855006       0.49843670046570876       0.53263513467485402       0.51166180245106740       0.64924233460942804       0.60103453359429004       0.51130767808127087     
   2.5539657527669957        2.2899111261602521        2.7843126873401705        3.3184691316734662        2.6326005300752802        3.3959235172071698        3.4417047683368258     
  0.27077643310900329       0.51558997502962944       0.54126640022169925       0.51765114183627170       0.66019241749433277       0.61513134962608573       0.52616209224787092     
   3.4285704078404660        3.3123437960440127        2.8930412133154131        1.9230812889981181        2.4021392228721785        2.3733215994545453        2.2762086643114778     
  0.28240138220138356       0.52956760843921236       0.54986868944463474       0.52359598012876307       0.67146077231690016       0.62892069762386538       0.54100707887755806     
   2.3845249168636053        3.0290492234860968        2.1715002608363840        2.6861004614642270        2.9928895316442614        2.4515126139675378        2.7493593167690444     
  0.29408369323675387       0.54358438697368194       0.55989772912369806       0.52956762145456104       0.68340656358341056       0.64336812061066029       0.55676387438328323     
   2.5285740297166486        2.9509408744586563        2.7503842419016715        1.9341365429045350        2.9215413771773848        2.8306442194449479        3.1459988058241843     
  0.30514981815066861       0.55947700403448208       0.57025278246793354       0.53585097995083819       0.69536505701469176       0.65809190454868716       0.57236675622915945     
   2.8306589087795615        2.7993793603738104        3.9585631559336290        1.9144470190528979        2.1416377639449014        2.5389951547312442        3.2195612817525250     
  0.31567886406552259       0.57577775368300743       0.58057158137682774       0.54170472223319877       0.70793829059178659       0.67229168774208770       0.58821187328475633     
   2.9758506839373084        2.3855846838431547        3.1345259966582475        2.6442859386235562        2.9504708963795316        2.5130326275583701        2.2488245891915071     
  0.32623273905459499       0.59008176902596554       0.59097110045903500       0.54737503422922551       0.72041964120435220       0.68662899931136356       0.60320881951626648     
   2.3825196657654861        2.3081384874383271        2.5853067936936553        2.6642675873647050        3.3088487529905093        3.8630563446118842        2.2583406021276549     
  0.33736051452953508       0.60489738374653690       0.60122648051226379       0.55369017397820075       0.73280571766031788       0.70043277456546937       0.61773627432566713     
   2.8693132453050101        2.2099980820095615        2.6518314249391581        2.5648087885490338        2.6257037062603246        2.4674456017618627        2.8280269277991117     
  0.35026862389774843       0.62082009533957916       0.61181347713489698       0.55960069268449997       0.74462356513650885       0.71451950603418146       0.63023720172657005     
   2.0998633819941017        2.2705465287633286        3.5717792944166762        2.6259386764533996        3.4258893567981441        3.0710462458292236        2.5983477956740506     
  0.36441018695337773       0.63720507262508075       0.62347142016458057       0.56680745509865604       0.75488028193767343       0.72886926926071383       0.64417314278986793     
   3.9616304561347722        2.3299339716430936        3.2046957789589192        2.6659213418365302        2.6126114030605967        2.6650395122237720        2.4155559177687556     
  0.37885735413256122       0.65333160985534455       0.63503624850362028       0.57404788633417325       0.76381175888352504       0.74306686551532131       0.65918895203714045     
   2.8070764443381160        2.2355358840788284        2.3513758336411668        2.8776695929555034        2.4936814471717224        2.3555819044091462        3.3146579969400829     
  0.39397929967550005       0.66986744638080542       0.64710253738355472       0.57949640679996006       0.77282201081779245       0.75626930465343367       0.67446488704410879     
   2.6329003287467208        2.6072374034416175        2.5935052852753024        2.1468924022565163        2.1009652065066886        3.2153510007390449        1.9492918538352142     
  0.40799199866228980       0.68631041631662337       0.65915264054900524       0.58484303971393559       0.78174701877886543       0.76894281976923795       0.69008932761295105     
   3.3475287723389027        2.6355013851866214        2.5502673826039466        2.0883018483514069        2.4127820859776326        2.8680059653499383        2.4629028466271214     
  0.42143382413404207       0.70265246236175161       0.67140022461805593       0.59012096071225995       0.79161827472317525       0.78149699623966151       0.70720009671510131     
   2.8277660410872314        2.8371909285568675        2.5663202164408649        2.4665609684353043        2.7562392852154454        2.3617128022793099        2.3806096982805141     
  0.43456150623517165       0.71972624761846649       0.68278460918687245       0.59551463148215245       0.80236642434820171       0.79440435558296429       0.72464261770852778     
   2.5660277210730933        2.3267354789053676        2.6605448177963682        1.9081308126017029        3.2313461291986147        2.8693467678052165        3.0417214226078282     
  0.44768349001833924       0.73693144317536607       0.69239030379181454       0.60259913215468164       0.81298195395100614       0.80747382430692161       0.74135984484821094     
   2.6357632270185163        3.4314387906337211        3.3280738191587673        2.7769345305180360        2.8486986324541732        2.1675145391478634        2.6728186762979300     
  0.46112544809743439       0.75387874659532095       0.70131897040904856       0.61006848512580836       0.82293963980906648       0.82050217049735319       0.75770386677227297     
   3.8741765632551193        3.2993581300305448        2.7312460741628990        2.1513051433311352        2.2844144364884102        3.0183758452261302        3.1172951322121931     
  0.47490095258984516       0.77069377632435987       0.71156829574196834       0.61758944717824216       0.83274489457834910       0.83329705020260325       0.77363907619273109     
   2.1362346553489138        2.3824043918700517        1.9014672058874502        2.7669835079795218        2.9783230990020710        2.8069082049011218        2.5756245612277988     
  0.48942517328410667       0.78853883369921585       0.72190506584369629       0.62507092552439825       0.84265293012790221       0.84557787697880094       0.78981198386012919     
   2.3811495031255121        3.0036328540226984        2.5507450742832609        2.2546366156161519        3.0051073228020133        3.3885797729912914        3.0298431432849320     
  0.50578770628681302       0.80633337375808412       0.73480075065451500       0.63281837712774647       0.85236727300404347       0.85767814755667426       0.80581551861827538     
   2.6285430938320067        2.2457887565321930        2.4095697484436114        2.2762997416548312        2.3609875333184767        1.9958438014948126        2.5489653699606794     
  0.52507118132667119       0.82118175747879263       0.74803874325900321       0.64132818195295427       0.86186376337839798       0.87006641026613507       0.82179963048585025     
   2.3456109692377849        2.5859617782252875        3.1611825272095335        2.8903926203843340        2.0016071710344994        2.4881642075381278        2.5323748399740742     
  0.54521384066418521       0.83634748149602756       0.76325100493868614       0.65023707997849822       0.87232307216451532       0.88155174201185649       0.83829962225304566     
   2.6758235566955721        3.0732595492903862        2.8087943507535234        3.3022459698982614        2.2530497862709078        2.2905489200395150        3.3598586163889510     
  0.56548986211442831       0.85157020066218081       0.77461322083349626       0.65935542320623175       0.88359975186543593       0.89294036250263253       0.85526448709554825     
   2.8485615324674489        3.0507322439911144        3.3144931848043808        3.2292173461125726        2.7978370280136624        2.8552462175866289        3.2154426898675514     
  0.58579298479323949       0.86792760304884020       0.78658180683419532       0.66789206659791134       0.89504854837886194       0.90444972282030334       0.87007339449188981     
   3.0566236872751618        3.5852171954005851        2.7656468229280255        2.6886224036780919        2.8134185229516970        2.1517656961095444        3.3987098371859723     
  0.61422396608378660       0.88661276801938160       0.79880534625171684       0.67579884902190579       0.90653876958984403       0.91642541773639918       0.88483879313118508     
   2.9280291431346517        2.7875843245235505        2.9798153372662712        1.8702027994214581        3.0189505484645216        2.9232661011679681        2.2718820435827647     
  0.64469935623552876       0.90468392024458821       0.81335545376421925       0.68378053565268770       0.91802375521262425       0.92891952025054625       0.89978583125141243     
   2.8242940216940990        5.2072813958708517        2.0686819991125183        2.4187341945207526        2.2887580269297754        2.9817315347620164        3.4144034389294959     
  0.67900441685542801       0.92145250049893990       0.83341308113947687       0.69251653767687793       0.92964303291578376       0.93960162214060949       0.91541994383568803     
   3.2521897350773510        2.7270968057325442        3.1044281739868294        2.1164310653628680        2.4464969355648392        2.5069381288916319        2.5549646880787931     
  0.71617594843159726       0.93905685484664680       0.85361385368973741       0.70176439588986927       0.94109630180368009       0.94873692344745542       0.93161635141049259     
   2.8767610059284880        2.4430628356447492        3.6310306961661496        2.4512873223865279        2.0107172760410061        1.4922819903156221        2.6364480812006263     
  0.75965031815145723       0.95516136635344306       0.87333374863540270       0.71353627991725932       0.95257728769495875       0.95805593880603401       0.94801300456222370     
   3.0953691322036172        3.6846749947243076        3.0288304237311379        3.0913087812700741        1.9570131407228533        1.9441972670045298        2.8804868744394501     
  0.81627999665711004       0.96856282505040570       0.89547294520892873       0.72499259812568839       0.96397398514859700       0.96666759007949454       0.96419235285555804     
   2.8545668143815819        3.0405224254556042        3.1530828723163515        2.7871991259105831        2.1811984989283113        1.7081558823216232        3.4306556044901737     
  0.87695062734629892       0.97972167179379943       0.91873217318393519       0.75886409938553878       0.97576566901120387       0.97748361578006493       0.97742746927807522     
   2.1943722319996777        2.2490580656284216        2.4378018546602611        3.3917043450718465        2.1078204303988990        2.1672258420152648        2.2592287641469091     
  0.94015904298058905       0.99010614341060088       0.95395576958656247       0.82177558393660588       0.98774552117893688       0.98870727493755184       0.98906791401038818     
   2.2687275350281939        2.4148883090353412        3.3180113838072134        4.8101936574676190        1.8690647455276106        1.9729064921226793        2.1733596409872495     
   1.0000000000000000        1.0000000000000000        1.0000000000000000        1.0000000000000000        1.0000000000000000        1.0000000000000000        1.0000000000000000     
   1.8053340752318783        2.0838610657275467        2.1653632890298922        2.7056663808922838        1.5481734524776498        2.0864047471236602        2.2419637587424894     
   12.842738475328780        7.2717398472492318        0.0000000000000000        11.551246864488409        7.9034680467229306        9.0818219221782304        9.0879174678643206     
   7.0605775326638787        10.535445400286479        0.0000000000000000        8.8869334349265934        7.7143341663749654        7.6757656514611678        7.3049389898240893     
   5.8554636056198150        8.1262547063375052        6.4125096563257955        8.3501019863654573        7.3347296083509077        7.0901731413435423        7.0876442369526949     
   5.2875738617834918        7.5891263407292069        7.5278930613968900        8.1626828638940516        7.2378585850611392        8.4565208267239953        7.2576792210456107     
   5.2140557443210565        8.8073830749994482        7.7691399084354824        8.1574401818054376        8.8099085419012262        6.9532487175503634        7.4231714894219261     
   5.8434541043600321        7.2806531024446679        8.7582744554047647        6.9542769940341458        7.6020384940207366        8.0099244879367415        7.6874124469447276     
   6.5738695078909819        7.1919257030932657        8.4613946517866516        7.7160829342476811        7.5015129488775028        8.8837332599140186        8.8741991349533293     
   10.856330144325470        6.5077217405223688        7.6628227806685238        10.762113391196223        8.1249378673957757        7.5077422083850021        8.1913375128556449     
   26.156544689136418     
           1           1           1           1           1           1           1
   5.8992929551528981        4.9858159325058855        7.9011613686990820E-003   7.1776279466179149        7.1305783476266857E-002   5.7759579040500943E-004
   2.5429045151845197E-002   2.6023623526531474E-002   3.2875301996346672E-003   2.0632821276529476E-002   3.2862656807626325E-003   9.6773979906395230E-006
   1.0280000292041076E-002   7.8006219028547434     
