   0.0000000000000000        0.0000000000000000        0.0000000000000000        0.0000000000000000        0.0000000000000000        0.0000000000000000        0.0000000000000000        0.0000000000000000        0.0000000000000000        0.0000000000000000        0.0000000000000000        0.0000000000000000        0.0000000000000000     
   5.6921388645374933E-004   2.7836148192570968E-002   4.7052608581737380E-003   1.2632681917980164E-002   1.2873446557903645E-002   2.6868871603765228E-002   1.9143079913672114E-002   1.4591737781105963E-002  0.24874083444558842       0.22209895099095270       0.10032645166080131        4.2500907696080434E-002   1.3947819474846808E-002
  0.71386263070199774       0.91309727233573490        1.7225167342259178       0.96113844497384104       0.73791301714134605       0.99169633238245647        1.0205114888559892       0.82537941831263217       0.69284680472247850       0.86903765304811775       0.80001174844528455        1.3774532445301750       0.81338678653644625     
   9.1212981362401768E-004   5.5974868671228160E-002   9.2455575956489205E-003   2.4917056883826717E-002   2.6643177672807009E-002   4.8952811687307696E-002   3.8917390505480896E-002   3.0263816277684694E-002  0.34128093018834621       0.29714886578183686       0.17076138454582010        7.6470370000484178E-002   2.7291044725815200E-002
   1.2379197533964736       0.99101649944545611        1.2256249685324669       0.84104319774068537       0.89119548941715410       0.88247394636021370        1.0061631534951714       0.85157654273114891        1.6309870226727166        1.2746608846036163        1.0312195538451752        1.4491513819678201       0.99945993802525213     
   1.1734816502911053E-003   7.5813081510512498E-002   1.3828090747786490E-002   3.5397231149666128E-002   4.1152726305305296E-002   7.2281515165979901E-002   5.8389835655549630E-002   4.6415070539340908E-002  0.37305362724704372       0.33601526217079958       0.22048755142977955        9.9993058660654999E-002   3.9443604225949759E-002
   1.4667705724494300       0.93434075272316197        1.2826232840791540       0.91743148526472773        1.0056226844110678        1.0047800510412983        1.2128698115430159       0.85107741309023743        1.1207112519487039        1.0706045961080626        1.2620383418290029        1.1652840323602043       0.90188537042931849     
   1.4013216361390957E-003   9.3902928225006399E-002   1.8359660982857101E-002   4.7273393062487921E-002   5.6912797500688131E-002   9.2218062830958694E-002   7.7060814047522852E-002   6.4243965762827843E-002  0.40449631539804082       0.36031230996981950       0.25864117348291044       0.12343361900792942        5.1698694390570496E-002
   1.1848770107799274       0.88536029080696099        1.0634841827800312        1.0216784714565570       0.75828201976462384        1.1054158965389773       0.99570631439311463        1.0650797384930037        1.3502391807846965        1.0287430527412242        1.2756789439938143       0.90184348764258715       0.91071814994698508     
   1.6119659581282008E-003  0.11304520194543292        2.2830915693289343E-002   6.1664298002010808E-002   7.3197073387083769E-002  0.10925483630730100        9.5297180320234764E-002   8.0052992276322746E-002  0.42075961864843303       0.38084333170023715       0.28724939515963649       0.14942767188534062        6.4049963773201990E-002
   1.0233888824199173       0.83800932141341422        1.2775028454941924       0.90355553892181473       0.97168006282650410        1.1045609317463660       0.95782282094160576       0.87202855474586860        1.1341867612824272       0.86878280625545234        1.1424478749910989        1.1198132305375175       0.82385737407987258     
   1.8334425420902013E-003  0.13236630730508975        2.7976697971137221E-002   7.4829196831789513E-002   8.9129407379228351E-002  0.12504912116333308       0.11416651787296458        9.6441286778702090E-002  0.43801563085761847       0.40001411778251045       0.31118017965185996       0.17634782147729100        7.6171760294119817E-002
   1.0627799766035073       0.94656975789154174       0.90184799304855956        1.0434642583753861       0.82394670726043384       0.95761489685640921        1.1861932108977300       0.87720304262148707       0.94729174052919618        1.1192869264649277        1.0127309575061261        1.4832226550430136       0.88957583880607538     
   2.0729762898438592E-003  0.15075424158667755        3.3561229958143896E-002   8.6718239194056648E-002  0.10553689297729778       0.13986615313834400       0.13368066503682122       0.10806211945829108       0.45577455428487684       0.41851570230314272       0.33134432419126369       0.20331127043099859        8.8446869882780360E-002
  0.95874524697374930        1.0419734045364040        1.0829661558833736       0.83313394083246584       0.82701040614237897       0.96492279147389082        1.0025286733872574       0.87525916952409033       0.91789339330555442       0.92669792948435004       0.97105813096040161        1.0760336511533273       0.88186138706858375     
   2.3220104748581110E-003  0.16995219356381913        3.9086658580997947E-002  0.10069826804721350       0.12155614922694935       0.15484692783810783       0.15234070407438369       0.12007128075042163       0.47320872664864910       0.43280463765380289       0.35333619680756462       0.22837720858289987       0.10253557230183966     
   1.0487464585529558       0.96110983526874438        1.0082716680166581       0.83667888513191413        1.0208534706574643        1.1662511089451910        1.2929144934543770       0.75945291238655899        1.0003450453127392       0.88617768426708454       0.89566962911899994        1.4691491913174342       0.77655393764252723     
   2.5754605729322619E-003  0.18860964597713387        4.4622250284728583E-002  0.11338018477955021       0.13838898503732480       0.16894911930001952       0.17038921806599960       0.13334669827384524       0.49038409047754639       0.44475532723965266       0.37582881554365266       0.25241549815594699       0.11656294217930867     
   1.0759141575545506       0.89305803191880273       0.90537434344605139       0.92202584062847603        1.0694805275595773       0.95734722287177065        1.0250755314623983        1.0149850076155491        1.0638321847645729       0.92130681700522365       0.93505885366769959       0.99826174568947523       0.97147435185532294     
   2.8498967862139683E-003  0.20592900509941273        5.0428867971079656E-002  0.12483234386073555       0.15607012364313827       0.18135257900814147       0.18813883182097579       0.14815436506041771       0.50636753460915707       0.45687149443379427       0.39732989075316572       0.27518239076438855       0.13096377165867998     
   1.0497024075909787       0.85158342225001948       0.90629507534561382       0.78757087058731512        1.2127696168245004       0.86454655013305193       0.97552905232366782        1.0954988245734396       0.99788567768203096       0.89135500435926596       0.99969277078501229        1.0099097422366154       0.87703808873137323     
   3.1558978015779828E-003  0.22287209492290733        5.6647730032468882E-002  0.13879815078146349       0.17408992167694531       0.19269304137073698       0.20612824769796517       0.16417519372311065       0.52067623994005718       0.46848356897730919       0.41643640577683205       0.29464216512530012       0.14568027065891212     
  0.97018410120810561        1.0117239952355128        1.0204569647343682       0.93544754797590501        1.0433278997383248       0.86323732875269321        1.0297492616286623        1.0491423728331104       0.91530324671613272       0.89265971112943177        1.0214121915931624       0.82725782940910342       0.92685202610545103     
   3.5080668687708823E-003  0.23973784129907610        6.2474154951942674E-002  0.15444477366960890       0.19265476703574411       0.20386643667397372       0.22379276418789948       0.18054027463999309       0.53392696684793839       0.48004285509939271       0.43383107722258812       0.30790303858571239       0.16086357937983023     
   1.1241870553900950       0.75797117690877225       0.87154576378174231       0.98850029006951257        1.1642900458082304       0.94885013904322857        1.0618102581116682        1.0705206459482757       0.89246728605518066        1.0115664012371071        1.0289383403717387       0.84096090486319541       0.87679403230148056     
   3.9211556695245434E-003  0.25578987628889371        6.7604906620292018E-002  0.17129670726662058       0.21181276848747388       0.21461598260735998       0.23916529469418182       0.19601137568180213       0.54624907174003012       0.49082649268679712       0.45039641460974628       0.32144316000170037       0.17591300827804479     
  0.95474394889826686       0.96156450264028925       0.88375876900124040        1.0108932420841934       0.92705910429723615       0.88050715201704921       0.98309833354821330       0.96341673780208892       0.95308569465638437       0.80353942620712837       0.90500978016414813       0.78320265538692835       0.96461439772550284     
   4.3535985005075445E-003  0.27248384180459195        7.3215633191700380E-002  0.18909373440155200       0.23090368323458241       0.22518620037651274       0.25406714976055844       0.21110079362435549       0.55815249794415889       0.50218599070686221       0.46554450197405733       0.33627992082366109       0.19170054058003394     
  0.95158279520591615       0.86680937530850000       0.99810365006309354        1.0034653082052336        1.0672198709975182       0.91624730367388940       0.99606252940995388       0.92141283844574240       0.91270585741012367       0.98440548226950764       0.80109253979960071       0.88052727494024552       0.98885228820966042     
   4.7774835967581532E-003  0.29071949587942530        7.8966244044725409E-002  0.20585403367365246       0.24959840312321749       0.23501421246164528       0.26808117730574410       0.22669274283394056       0.57042815868367813       0.51381710532979252       0.48280551067374777       0.35382190010026582       0.20778709363623868     
   1.2248640190485394       0.92539279894079596        1.0063065349647062       0.87947483384849634        1.1721410326149646       0.84545173165501319       0.77237649168601141       0.93802108680803042        1.0036491027783294       0.94714703682964474       0.90946461471471085       0.82650412872539714       0.87794319635314666     
   5.2099826487319962E-003  0.30902173699133384        8.4821539894701647E-002  0.22077623630978185       0.26841106676834620       0.24462381570263492       0.28299907991520279       0.24390691125856837       0.58260919580468118       0.52524575336372159       0.49904295768215912       0.37458591924863266       0.22677281922299383     
  0.93329057392042047        1.0134706499165511       0.84258611621383761       0.85199713237123187        1.0673250778146326       0.84215175115171403        1.0508977593268616       0.95995477239802451       0.91484250802708045       0.81734605506099867       0.94776851824066044       0.91560684903324618       0.86253948317339069     
   5.6460401240932233E-003  0.32656628645559899        9.0449214345283802E-002  0.23508627872703630       0.28700368097012391       0.25480308056936624       0.30039942337106174       0.26087229760620823       0.59406789792170211       0.53593540490412361       0.51487648718827905       0.39260317652092114       0.24604931028113852     
  0.87813520306653847       0.90701430132867389       0.87072740581968677        1.0709378391116324       0.90491251898837433       0.89268337175284407       0.88586848781854832        1.0280184536780548       0.88348721599217350        1.0184828961899917       0.98511279712973088       0.99741040509122025        1.1629725533201378     
   6.1615738384052854E-003  0.34482775061303866        9.5782471614763984E-002  0.24897455466979024       0.30534726065867568       0.26487107039254765       0.31639022209401091       0.27684236041312021       0.60540729635259483       0.54649754673166551       0.52971789311030570       0.40717198237727092       0.26567938632195348     
  0.93889293461457557       0.92725344666056819       0.75726515265978167       0.90565526876863267        1.0864111587725112       0.84760802563853421       0.99780022088282239       0.84571489252055376        1.0503384057279570       0.96251425450884620       0.84524603121724085       0.77234323679080863        1.2729702663195142     
   6.6950675062744181E-003  0.36278533912951877       0.10049123112008768       0.26262987646395142       0.32242726616544326       0.27445402405059638       0.32932243138413642       0.29316169887435850       0.61707469672743509       0.55629224965573698       0.54545612644526842       0.42154029777406810       0.28392508060326438     
  0.83925591196126792       0.96799290614774647       0.94249892732444751        1.0183682550252802       0.96626474150653463       0.86485294270691004       0.91033995945935697       0.77794390444219719        1.0443177704450066        1.0911524193235755        1.1316599373702083       0.91130453115105681       0.97736620104614436     
   7.2898561693778806E-003  0.38057843587660289       0.10556320336150775       0.27792671906280564       0.33589108134268481       0.28233013783817595       0.33971681322988950       0.31179042025172743       0.62841810212564919       0.56549047637255301       0.56266305421122720       0.43531083090766109       0.30042234317390415     
  0.81462655212741486       0.83028266698331887       0.80217641611658963        1.0092480718594810       0.88760644552160761       0.76664394869722685       0.90725620201500312        1.0746579730903365       0.92251282353935948       0.91591545835913624       0.90097644631330143       0.91073640061741701       0.85613124527588536     
   7.9563826489154905E-003  0.39903851889109182       0.11193230690096860       0.29614987557705158       0.35185130044907781       0.28960359255785595       0.35042378533826346       0.32912677403231017       0.63984744062253041       0.57466035931485693       0.58063869526998046       0.45121231491829267       0.31644622114243670     
   1.0222289124848334        1.1788184803326212       0.88507692600586252        1.0315547580746747        1.0309402326740136       0.76581748858604182       0.82121590366987229       0.99891920244526933       0.85599910183333172        1.0233560129602801       0.93949050516332877       0.85782033315112516       0.94726078145124781     
   8.6604930272375698E-003  0.41883725546647860       0.11912201737705211       0.31314913663671706       0.36809425777687987       0.29781553194378602       0.36377074598639575       0.34607720758388716       0.65084515831042022       0.58318722093612740       0.59934135146791667       0.46669340069484333       0.33115467464190756     
   1.1313024420700215       0.99793734840928772       0.94346506598444868        1.0606111724124010       0.88592377081489659       0.83445740979167360       0.91070932380522618        1.1939066818213524       0.86151791619814189        1.0400970698322229        1.0406874875543823       0.84250195988588172       0.95553251219593804     
   9.4224214053157743E-003  0.43705657207270121       0.12672786512983375       0.32898357722298915       0.38470700863218710       0.30601340299752627       0.37894898486695838       0.36305732374867500       0.66115399408263575       0.59107764306457167       0.61574263041777666       0.48315057315530191       0.34614249598399849     
   1.0962503817888372        1.1030579031323846       0.87117275559735552       0.84975880277164617        1.0286509043229206       0.79129165247495248       0.95233874315939848        1.2087675815759535       0.94750420828827087       0.72871767303749446        1.1194238432952355       0.83209786904092542       0.91381864688146841     
   1.0220160168960851E-002  0.45356372005072026       0.13444863406117011       0.34558576857522383       0.40136380460247917       0.31435083542171477       0.39404603988035880       0.37433247058281111       0.67125700944429656       0.59874617802476338       0.62925930750405179       0.50084827931254572       0.36130443310697791     
   1.0846440133966424       0.84395612361075134       0.99631220868915249       0.99484529595607785       0.90293047777462621       0.94626182521757241       0.95311016954402084       0.80678271333792673       0.93312994244135350       0.93108528772671062       0.87037913571707348        1.0598106319419009       0.90838161139255358     
   1.0980558925972547E-002  0.47061993305691030       0.14281114812629553       0.36251831162840514       0.41811423212173215       0.32259296405330906       0.40971866435449289       0.38575720008817482       0.68188995451259837       0.60640691597921714       0.64397716818946182       0.51810889743865074       0.37651410685958508     
  0.90824816181347789       0.97627163488603719        1.0245280124259373       0.96574862829772179        1.0790795065877601       0.75090889387263871       0.91893201763692467       0.86706317694813639       0.83972730772276538       0.92842304391694064        1.0204797642322312        1.0812080819863952       0.92179925320669776     
   1.1817688159675847E-002  0.48874671329835767       0.15118495841685770       0.38027237166461408       0.43259124637567686       0.33211732258174381       0.42629361063111954       0.39823831385612884       0.69262457792886678       0.61400745398522805       0.65691403773646995       0.53275671364150079       0.39218116049391233     
  0.87710666034514961       0.91283000871343989       0.82103840102208525       0.87605790438746223       0.97434392509294854       0.84893647030358788        1.1388519130139889       0.76660900195324955       0.89355965703072493       0.95971124179182044       0.96933821913574902       0.78022237959071206       0.90309354459095725     
   1.2690223660031530E-002  0.50583666246506964       0.15976407952550398       0.40012829795362603       0.44490873470149001       0.34199486985009520       0.44348898302444567       0.41046217955841258       0.70361738815930164       0.62103006445458908       0.66995206916776684       0.54481860032021434       0.40805129036607485     
  0.94557345834321693        1.0083638360833995       0.94549379560543589        1.0577211279633487       0.93261097654957614       0.83333827327803633       0.83470247550037668        1.0586356558964405       0.87821098726560876       0.79578904936143902       0.98041591551732710       0.90269643110052289       0.96487101897676508     
   1.3740427895518555E-002  0.52265865576718229       0.16916298574585598       0.41872422417470118       0.45568019291741979       0.35226370423042341       0.46166269433549023       0.42340450990335798       0.71461517428574062       0.62807882926177472       0.68207206088930405       0.55821016878203844       0.42452107800522648     
  0.77117169808018216       0.98705726839048302       0.98813770863105355        1.2283710318530414       0.74921353526178180       0.89169307363193528        1.2440213181344901        1.0088492759015779       0.99678023442680763       0.86597577761895916        1.1349331676876504       0.80858841969981043        1.0504577931751613     
   1.5030744424716139E-002  0.53997751613122247       0.17893453916656846       0.43579330237071912       0.46685236869310087       0.36236164688549688       0.47950489573016208       0.43489817753162280       0.72520200522057321       0.63468728488001980       0.69316070929322871       0.57341949159438954       0.44133162430656486     
  0.90071875325110518        1.0712780505962087       0.98240256925626013       0.98677836187907786       0.82643686309979070        1.1433867167357179       0.93333636494461003       0.71455643545528513       0.89971635347114465        1.0812655973130310       0.83752123638843090       0.99066441659977678       0.84692944326166175     
   1.6433719658607654E-002  0.55843258029303644       0.18908573280846880       0.45345304289415966       0.47814183093394336       0.37243172862869289       0.49655301234044968       0.44456640331649810       0.73552213197783711       0.64038854056276739       0.70312818379077735       0.58824988341999052       0.45764141461594871     
   1.0830284758427515       0.97644415860066347       0.83560815188976056       0.94432721916461626       0.81577885645479031       0.99967271404927582        1.0941546381114302       0.76181275983535524        1.0937031373524255       0.75737080790886491       0.82502653734222897       0.95947385665935436       0.96388117489406966     
   1.7889803695171159E-002  0.57492692691963054       0.19964572508436595       0.47191071387511035       0.48738245310205697       0.38168982675925550       0.51268774438175668       0.46132022599030509       0.74594203054102404       0.64626571442316427       0.71258230893130048       0.60258847625633860       0.47564116668585199     
  0.99822079632194538       0.88798694790308874       0.77207831804662996       0.99317060435451110       0.81639085746875051        1.0640886427444252       0.91607882007458652       0.96706058761098679       0.80822990265186312       0.92963790910124888       0.84363597020139325       0.81170520378038691       0.87932623938581012     
   1.9400217584214327E-002  0.59121198534510477       0.21126317943721920       0.49250281297856358       0.49572968838789011       0.39136440456836358       0.52821225910192993       0.47776747312112045       0.75563390103589090       0.65164617515981560       0.72154726249967771       0.61617112357712300       0.49440205555172734     
   1.0420767702153542       0.98439385347588504       0.93252249116061592        1.0740115578677734       0.72192010632620973       0.87429226518652692       0.82096460361631884       0.94738255285648576        1.0443650022716913       0.93805833252166571       0.83332887488436780        1.0068250035442254       0.93728262402603013     
   2.0971421791138332E-002  0.60757354447177903       0.22339414322635714       0.51529103507590657       0.50564772454603413       0.40062199536603749       0.54294461932673599       0.49369723465203319       0.76369934928573513       0.65660307700473097       0.73010209842159890       0.63054506886816042       0.51197619349936629     
  0.83985355848258314       0.88671085374593461       0.98189301696375797        1.0120240055766292       0.74773823619651281       0.80499534049944044       0.85415553433791847        1.1511132314601187        1.0958033554070368       0.82779822382960355       0.82094488710028191        1.1192711517491578       0.85157360018980899     
   2.2616095088910881E-002  0.62392315469885995       0.23548951476527136       0.53439164327576527       0.51838893508089390       0.41288596555509627       0.55846187618318199       0.50971051486955410       0.77169942244902268       0.66104475591600587       0.73782759862818359       0.64501372194177731       0.52828102460919346     
  0.92348006311767317        1.0426720123643030       0.98024844197576366        1.0936689497496894       0.78430324410775520        1.1281029573543975       0.84632429767180972       0.94288636117023017       0.93723436082852574       0.72397921421599598       0.86321085855510626       0.92126478561116765       0.80642700659297173     
   2.4359720383036642E-002  0.63908891601966478       0.24772964588995086       0.54753344454396147       0.53348368684151448       0.42606231409581569       0.57372668209412692       0.52550383648684784       0.77965181661082250       0.66601051061889394       0.74493723556123370       0.65860383226751595       0.54412622773747843     
  0.92927814327048963        1.0119225139801042       0.94017935902263183       0.75440194834094654       0.99724714973255246        1.0658670896792921       0.89416828225112710        1.1099382494643104       0.71876524715903423       0.84678854496915845       0.76299771166762420       0.93586432563824740       0.85886159585175093     
   2.6240190786668598E-002  0.65390925397518440       0.26050211971709913       0.56055744731217672       0.54863627967523021       0.43891400752623411       0.58826896130499062       0.54128516494711720       0.78762444408505494       0.67110409140650007       0.75100890595554415       0.67375788292384575       0.55907544582512758     
  0.90420195425788774       0.82205752367305063       0.78971763959061236       0.80146638898113709        1.0441009689762648       0.99360680081932895       0.91549284372707451       0.94033136628265712       0.91011870460404976       0.89437922049844110       0.68681435398297574       0.86574217506400741       0.91520047261862347     
   2.8208797116936302E-002  0.66930201734168260       0.27411943342882206       0.57358172137954788       0.56261483873619211       0.45221363240646173       0.60090496449841746       0.55694799505293491       0.79584184992427898       0.67640216622591853       0.75685289666725120       0.69021398673572043       0.57364822814229799     
  0.79004562167621739       0.96318332472838875       0.91147155344999931       0.83432858662188181        1.1502657263433311       0.96589075956998094       0.82018890881890572       0.98141931809203753        1.0235960044144856       0.83407870407921070       0.73875329409410018        1.0902060070626791       0.81439207035231553     
   3.0201544240456110E-002  0.68369959270431346       0.28725825889573336       0.58528275694897847       0.57664727409059668       0.46594764472150857       0.61207897966646430       0.57221765596467067       0.80359762811808400       0.68173911107479357       0.76311323693359867       0.70839424816723096       0.58907652201738625     
  0.77053692377087002       0.79257500246769119       0.87703302088479351        1.1412307344311245        1.0270730435826145        1.1864266645359653       0.79903150172460302       0.97904221287836912       0.99887686882901672       0.89326833393084759       0.81282062937304922        1.0811393659588784       0.87822965130046948     
   3.2141570000804850E-002  0.69895196807918725       0.30132989287106426       0.59778247818730701       0.59095835140752606       0.47867232200708226       0.62325628873057881       0.58748919013201018       0.81026504726764037       0.68693584334025115       0.77025093101970787       0.72523883391991262       0.60452035876281351     
  0.73079130581997431       0.83371348307637516       0.86852261251136365       0.84680743699771055       0.89686839632134918       0.98980618260494047       0.78698780187669715       0.93359313820648127       0.86450680068635677       0.82961255629144381       0.75642079825201225        1.0691231664197816       0.99279224305764024     
   3.4139260810504585E-002  0.71383980599707275       0.31558988241400315       0.61235632652744221       0.60553510197124316       0.49059064792607293       0.63562829964589107       0.60214021473180623       0.81691219876602872       0.69206667949197109       0.77813946877309836       0.74093269406999107       0.61947509938700829     
  0.77407694952798023       0.95882383691601414       0.94331536150997441       0.85384188581746057       0.88366239167889526       0.92571387896141277       0.83870328894035528       0.91824299153882427       0.77827845365200798       0.91219222104405051       0.86054765746285067        1.1248448008982945       0.83526943137462861     
   3.6156294417352304E-002  0.72619704524147388       0.33011180167829796       0.62637169180511143       0.62016964868547164       0.50233532209799425       0.64898825165547325       0.61438191137645548       0.82405723418198051       0.69734209997513907       0.78691948248107280       0.75629681979268149       0.63460478114997576     
  0.70681358310322373       0.81875341998434747       0.87160655270108478       0.85425503128911151       0.82816778598064078       0.99826911082809000       0.85143267774208209       0.83301470443593262       0.92911627728551549       0.81086422217364273       0.88668821736489101        1.0898449820336868        1.0558789561483584     
   3.8295870347872810E-002  0.74190899136997102       0.34396923817546649       0.64232418959853954       0.63484234005084783       0.51338379574372672       0.66194427937470635       0.62529058504123669       0.83125744955975489       0.70258499725701162       0.79627106930206892       0.77081414888104327       0.65030048594000611     
  0.85435849384203066       0.85539429620236151       0.87182649215848207       0.86717717386578164       0.91976605909336762       0.80505280288591896       0.83605818241137464       0.67880874333639740       0.92816335574637254       0.81533074071301459       0.83213503418610302        1.0279932024218810        1.0782311060357763     
   4.0619823629867748E-002  0.75797303240305713       0.36080981137379858       0.65792517908743708       0.64957568581038250       0.52475413834273099       0.67765060793544662       0.63896569104389245       0.83827270061390557       0.70766800694247722       0.80605462495865632       0.78440158538578408       0.66596859713629264     
  0.89566464912895061       0.90419468664080505       0.89371641126682810       0.98439767048236815       0.87771029246326560       0.86506798890458592       0.83869581857844155       0.82621322454354518       0.97583792156983051       0.85979836661874820        1.0196829775643690       0.97295268715232197        1.0210621985361239     
   4.4040241099133966E-002  0.77458036538843411       0.37657754787448672       0.67213126001875045       0.66442834094902803       0.53760826633175063       0.69287222565500217       0.65429387058100774       0.84513010704220637       0.71275934374122385       0.81585439503253587       0.79732002643943567       0.68066638173071126     
  0.88476342518207773       0.94836441916208758       0.88420458654821765       0.73085104647257526       0.89811768750859522       0.91743892858990284       0.93190284641093224       0.78446780479552891       0.97237240134458147       0.83675997193536211        1.1843305582636572       0.88716827063300374        1.0104424655801199     
   4.7903353695709756E-002  0.79204791508013972       0.39276114326969996       0.68655033529454934       0.67920287295836246       0.55112025105665308       0.70813485359848993       0.66950868200083924       0.85223459872779417       0.71812867964697824       0.82502481672141526       0.81002897816954145       0.69501205307493441     
  0.92440030042345622       0.94923839623499406       0.81068472526079993       0.93068561787343040       0.93048875247754503       0.92429820587538580       0.91426470468207277       0.82372451925766499       0.96056245254806571       0.93421178451512077       0.90421860408462007       0.84109123280722187       0.87599492142748758     
   5.1741454409376102E-002  0.80827721087683069       0.41015015997164972       0.70280826988790890       0.69241271028756557       0.56455105555178975       0.72277196384471976       0.68402853384159445       0.85960958678891430       0.72383611718319996       0.83380338374007557       0.82297451407576394       0.70936107387019787     
   1.0407651657056398        1.0650742338915615       0.97028679473056079       0.88316967521833600       0.88792769758608736       0.97754552185002463       0.97527723128850852        1.0708032268206782       0.88133641595715773        1.0438800152439012       0.98719649545132482       0.83649060305881240       0.90897017586997819     
   5.6181772896326032E-002  0.82221412014500439       0.42900438418324782       0.72039787803416544       0.70855432996248935       0.57728120813399231       0.73765036535256223       0.69948325345618345       0.86686876434025606       0.73023750043853430       0.84274171851925428       0.83650234431443116       0.72371566592509773     
  0.94285728566912075        1.0015289116389823       0.86889338416331352       0.96221059429287947       0.82930681267536066       0.87841878085613634       0.81742895811761696        1.0519825428534937       0.95652787498350955        1.0511404821179333       0.89401085236785793        1.0542764846032688       0.82072313823909837     
   6.1555702318416720E-002  0.83592693227211956       0.44908087027868171       0.74056601668912181       0.72254350832257563       0.59066093359668448       0.75137762189925050       0.71742270036773503       0.87398004842837584       0.73731914927146736       0.85172412069268888       0.85015587049967034       0.73791506004227614     
  0.99691266183281813       0.84531621538494950        1.0075850829146973        1.0563091576470651       0.81640508038211279        1.0165854783237382       0.76585250083382395       0.95054955394342422       0.92477338749033200       0.94651028964245865       0.99686747501407214       0.82458217474866402       0.94996840614480116     
   6.7487823503689370E-002  0.84958214574660085       0.46889645570983646       0.75927677086160750       0.73828384667368552       0.60507016166271677       0.76639028680893673       0.73518975138699560       0.88065085759904971       0.74444713360171466       0.86001516206660544       0.86312503344358127       0.75298911250259715     
  0.86129326252264560       0.91562603276916055       0.86121781811286868        1.0620970450718208       0.89128940989151495       0.89870777002944335       0.81737040200270916       0.92445348270170546       0.87850226830299860        1.0679858602999557        1.0224578110340306       0.99516295994847892       0.92791317020836861     
   7.3893293464984480E-002  0.86340117507681724       0.48886455629033110       0.77620550654410492       0.75531622910910301       0.62032451605055861       0.78170337212028618       0.75183666795763349       0.88709984754852800       0.75150395691149141       0.86851973861972354       0.87530971228440946       0.76824629260384047     
   1.0733550283155386       0.73822818188927175       0.81003266529293072       0.95955798161786698       0.92652217971721540       0.97892257613134015       0.77851838951691044       0.97285250616055696       0.88850214708432707       0.89234067252464888       0.81144850016494363       0.82024810404592863       0.97618064989764231     
   8.0658385930695686E-002  0.87792766402131261       0.50851247149250123       0.79267878933919267       0.77164945919189576       0.63663023693533116       0.79683289659929779       0.76788611485983527       0.89322675485281822       0.75864790105005431       0.87704988574844034       0.88708283469736138       0.78335318562264500     
  0.89784511889592755       0.98872356902427261       0.82566579588083211       0.88098511424274006       0.93980046576112786        1.0026931004607944       0.84836583574611768       0.84737791796511019       0.85110358822017051        1.0266060248276794       0.83701487950030784       0.83143514632521076        1.0572193204837128     
   8.8000643659759195E-002  0.89310860720146545       0.52841533571027699       0.80740075186972893       0.78700905596962123       0.65432482828375060       0.81233342510730522       0.78406153174967297       0.89914708006780708       0.76575187605266581       0.88511902891557281       0.89728738066023916       0.79915781082609150     
  0.91231044558299601        1.1389923355898599       0.91957072027855180       0.84193489847666270       0.90181843373094894       0.95468811429293177       0.93695931665176824       0.75119101054278437       0.86306772249984176       0.90931433901430891       0.89351453830548611       0.80357418977651851       0.93443522581142324     
   9.6391780434757976E-002  0.90698005483549271       0.54932798704970587       0.82190781211879704       0.80233163153042353       0.67259894093257866       0.82859341425099076       0.80067235411327120       0.90623790006435145       0.77304249378952894       0.89363684606452354       0.90545560678326142       0.81540314215297993     
  0.78798692914391999       0.97290816706269712        1.0082199653338824       0.80259228565057461       0.87969765688790547        1.1189030889010436       0.89377313551174564       0.89721216199254850       0.86670525278727872       0.97577016601431921       0.86375194842632974       0.79514031175778288       0.93404162020213011     
  0.10697291076460656       0.92114205096409285       0.57227290503075112       0.83597856994403075       0.81829985782632908       0.69210957401184903       0.84442522522791152       0.81835378781912260       0.91344996581283033       0.78024229667330292       0.90159232033128311       0.91415198004555076       0.83164227795695467     
  0.96301368190484660       0.96683660100387414       0.84922179162551803        1.0125014121792222        1.0267302784452317       0.93998445376218498       0.92102884514633299        1.2536205662801121       0.87337536454696640       0.89973547450457869       0.97431716637215127       0.79075138195339423        1.0130343296331785     
  0.12005167018139644       0.93301108834928326       0.59821432356165971       0.85244870183203858       0.83487656752961537       0.71292972457222825       0.85953253514807426       0.83620257381788166       0.92144709901414601       0.78745765784001853       0.90994706315382645       0.92354562562531661       0.84869124946387953     
  0.91811281785077958       0.85468288473822418       0.78067589766076217       0.81582522991340733       0.95744630885911541       0.93124778964953003       0.93738003019221017       0.99449591230005441       0.86574873786940232       0.94194208742981844       0.95122139254150828       0.86858256984301641        1.0069395352170494     
  0.13465099066308600       0.94456823949692104       0.62582478308647815       0.86876441438152974       0.85159456534348166       0.73368601314079041       0.87465595007925323       0.85495577296333747       0.92957538966287623       0.79453957126413877       0.91810064044284956       0.93031948852096913       0.86688360669833253     
  0.83536434513462154       0.95628120258211535        1.0838494852177765        1.0011649123421751       0.89200427821268147       0.89409262648116794       0.87409243949878845        1.1824974990901966        1.0243299553364913       0.86636280493865958       0.98096026390174296       0.72594267957468328       0.97447704826398307     
  0.15414649965805632       0.95447871322854194       0.65404669482341071       0.88527363806254700       0.86807174537646514       0.75454458958276271       0.89087716996136024       0.87312041658444806       0.93758894592736242       0.80207064745387202       0.92600140456399371       0.93850634845773517       0.88578356224624544     
  0.96858188806322865       0.88268655462146073       0.90399068912003866       0.89897076015351352       0.97312681566083747        1.0761599396287420        1.0460666342947702       0.82156850485893584       0.82745045976975828       0.88411740367180081       0.90171054417897423       0.75193012522765157       0.93053460259626830     
  0.17686011365326842       0.96380991453451348       0.67793299171636223       0.90280866960610517       0.88453349146648574       0.77640767889553419       0.90773143670790291       0.89005286459288635       0.94626452377093706       0.81076410159840973       0.93423882092168919       0.94845664809715102       0.90544078024423946     
  0.86964062974821288       0.81790708124790779       0.90388023754074687       0.98382611263844510       0.95131623372711938        1.0030030949662725       0.90098858988535435       0.95235335804230792       0.91191765618503839        1.0079534629809206       0.93473492643355971       0.75965408999645578       0.92703037544632128     
  0.21362228684490644       0.97301626279775166       0.70897449474828178       0.92004911006185419       0.90154043298771513       0.80068813794125282       0.92319643048394562       0.90632650272759374       0.95537450721806461       0.82033531476496535       0.94289559985502436       0.95725857989915786       0.92503351696843161     
   1.0998772646159696       0.89938385525476572       0.83005524915132145       0.91872029289585477        1.0250593620015560       0.75040838608939697        1.0110274090962461       0.98820540514792676       0.97992125631572313        1.0634632001540032       0.87623529088715268       0.85918350736660554        1.2900573810477358     
  0.28422801089444971       0.98144588033991376       0.74168103993696211       0.93599144931793721       0.91939920807756892       0.82944105665164025       0.93747101539182232       0.92274073506166876       0.96237341687131905       0.83080275774694479       0.95234103290968419       0.96541946854555860       0.94244006066457042     
  0.78838727515594775       0.90063574688223635       0.83267457123540778       0.78862218893705394       0.90718542028495652        1.0475074380597600       0.89432833510795751        1.0289898164945384       0.89201655481903297        1.0106754257899282        1.0483869466471745       0.92018253187739785       0.93923087584926968     
  0.39381256056702685       0.98950844223132128       0.79050653818609551       0.95120090755161835       0.93802290415785117       0.86027748676594507       0.95195449129380394       0.94022520941284604       0.97021889267157846       0.84307922948663427       0.96281049465557944       0.97328599321305831       0.95570903002819252     
  0.76630984753511155       0.77675557724026389       0.90900923682590529       0.95798070105540234        1.1021071509871230        1.0372417297738159        1.0550972694756335       0.86758295699147714       0.82661622128605383        1.0554078005515402        1.1527855342131565       0.81280106318983925       0.89773585133418932     
  0.52441185118760747       0.99525691351424750       0.84643011063266627       0.96746856483094990       0.95762599117155200       0.89480520193656332       0.96686851050928324       0.95985649746611423       0.97762946178951571       0.86312236487091254       0.97431556090954274       0.98129445474420296       0.97164495159892172     
  0.80434310327046876       0.93038239180592730        1.1172823868490764       0.95714734528757572       0.96496680875749208       0.94981701563622223       0.96837182365167085        1.0617595641951274       0.94497197861700355       0.99129616930125197        1.0245314329607778       0.83394264075487579       0.98184730850724899     
  0.69599529535021132       0.99784927937894585       0.91780810172474014       0.98432326017055372       0.97895351100716355       0.94495993909311371       0.98348559478373399       0.98036594019337886       0.98556804848333968       0.90647473488956465       0.98710700767136728       0.99081518727654705       0.98338871228876124     
  0.83795550286755982       0.89900540111163096        1.1011027906433051       0.94299481005320740        1.1205413382858709       0.93132246621927295       0.87931526958013806        1.0548556384463661       0.85012461029070285        1.5183029776063546        1.0041612864601046       0.77497751343194543       0.76814885061437266     
   1.0000000000000000        1.0000000000000000        1.0000000000000000        1.0000000000000000        1.0000000000000000        1.0000000000000000        1.0000000000000000        1.0000000000000000        1.0000000000000000        1.0000000000000000        1.0000000000000000        1.0000000000000000        1.0000000000000000     
  0.90851433681847515        1.6495146741343922       0.92522519604738951       0.98635052776868914       0.98106444691626993       0.88593809080314534        1.0565164440581869       0.84265095639911791       0.81178299279951172       0.91608171904060409       0.88159231769356594        1.0201058296973273        1.1847159563780245     
   8.1915610797201239        9.4456937278313493        9.2027314912124272        7.1043969649606282        6.8492476494075456        3.6792312925141926        8.7023089061628696        4.5074939908858465        8.2447660265100868        1.2298006480076717        10.154748910516274        12.908961796520313        8.7954278339043057     
   10.631511533569984        9.6016793796902036        7.3211126189525295        7.9290804162923383        9.0645241679658568        14.226086259887579        5.8234231778815584        6.6521336531895363        8.4536872431675079        6.0398787993009444        9.1594661878383317        7.4665108274315237        7.3605168871687514     
   10.108334024557255        8.2819444643636473        4.6304968130639503        9.7039442645200076        10.745798875924429        7.1318511780839398        7.8994296863350044        6.1455486590350450        11.379718559039190        6.6541830777880708        10.496601466923728        15.409656595892262        7.2510280729511960     
   8.0521609937116487        5.3976597283033820        4.9411554575979446        9.4436012485019809        8.0607388210656801        11.439628441251740        5.5539019358937303        11.086307157754867        11.066734828399236        7.7205070016670918        9.0264223091998019        8.0550381670291618        13.664251686390068     
   13.210847328429997        8.3021921815411730        5.9085284245511227        10.093459841076072        11.874939753687457        10.740270148299603        11.757799841295331        8.6613451142583813        9.2777751352409012        10.927668202387459        7.1075745378783983        4.9778991230371901        9.5136641486338132     
   24.461875052888839        6.6534928567777367        6.4204883457248396        20.039368703819111        5.4610746146722535        11.414438712227298        9.3031026586363765        9.2110922776008604        9.0369801181994998        10.624202730449191        10.702955014135419        9.2789606275258834        6.1287904791144792     
   10.914718742239707        10.081184671752657        8.3237896494986661        4.8577986012509715        7.8742489274073559        8.8786778621221050        9.4214001620996743        11.318729957121139        10.947784908502065        9.9018031217008460        8.7544734515450244        8.7888699192684605        6.7383040150930311     
   9.6224009056605304        9.2362551471974079        9.3938118877264802        11.778039054129295        16.265303971437159        7.1322007261001037        8.4173323120734072        7.6507844027656819        4.4823382867216202        2.3422374111310918E-002   7.8468577765292906        9.5166010198621791        8.2333021437745355     
   1.0150991122457462E-002
           1           1           1           1           1           1           1           1           1           1           1           1           1
   4.1847003845488315E-003   3.6361531649011431E-003   3.0818801940279586E-005   7.9781424544048782        1.0576782391485409E-004   1.6087251752449814E-007
   3.2271880105575193E-005   3.3492761381542439E-005   1.0116857333857227E-005  0.17997964263732591        1.0115600813041795E-005   1.2671520584982513E-008
   5.0000000000000001E-003   8.4771896295544664     
