   0.0000000000000000        0.0000000000000000        0.0000000000000000        0.0000000000000000        0.0000000000000000        0.0000000000000000        0.0000000000000000        0.0000000000000000        0.0000000000000000        0.0000000000000000        0.0000000000000000        0.0000000000000000        0.0000000000000000     
   3.8122825238106955E-004  0.25691827182768134        1.1017381210677350E-002   1.5175413342356553E-002   1.2214340387707886E-002   1.7247046351196584E-002   1.6978875744745658E-002   1.8060954129545226E-002  0.49485424157635705       0.11677389590300893        8.5901506767112390E-002   5.7537903832727423E-002   1.3291807659144362E-002
  0.45303382402007258       0.45190216946460898       0.47456980931824527       0.48857688702048430       0.57202934261764138       0.49368774339657501       0.44992117759925060       0.62308458735885530       0.39982000042495647       0.45877790147835773       0.43288739015669464       0.48981938016732013       0.49846572003826994     
   7.3023538276391332E-004  0.38309566969840203        2.3041036721225181E-002   3.0820034038150979E-002   2.4051025288086725E-002   3.2933720289353659E-002   3.0037486722046477E-002   3.5691504424530174E-002  0.64824187981611403       0.15499216614590369       0.15434632493717565       0.10707688848913319        2.6636868683959473E-002
  0.60057464126479809       0.57458046425004550       0.58505318438641085       0.53270175881757631       0.56000421539370326       0.46236167971086878       0.50326875017046035       0.59493233549705804       0.44715929529493081       0.57346949455323126       0.65088343455683084       0.57010906188292321       0.49741860514916098     
   1.0498477040803941E-003  0.45191402434016786        3.3483589036975153E-002   4.7833088708475913E-002   3.6416647564786631E-002   4.9009222611840861E-002   4.0232850087272211E-002   5.0656722504643953E-002  0.73940777763609589       0.17308008710085659       0.19092315038536356       0.14165623652444012        3.9927275105434014E-002
  0.61710187512004155       0.53678517205604981       0.52905625742550322       0.51612838545825557       0.47311911995462730       0.53840813686709066       0.61601457537663951       0.43359515531342913       0.77961610921892810       0.47401938323120379       0.46831097915165931       0.47795887012559363       0.47641881785273821     
   1.3449309347558181E-003  0.49824218689490618        4.4114304822904675E-002   6.4697505169763067E-002   4.8462398297864209E-002   6.0884196052698646E-002   4.8910561880673949E-002   6.5409102421103746E-002  0.75114273908509910       0.18674991096029725       0.21917996390546596       0.17026124274499266        5.3571511069493274E-002
  0.58532977197496883       0.49126202635363364       0.50416401555931634       0.46729759742148147       0.63920774294494742       0.51336322017792924       0.58472418624427758       0.60806953906858274       0.50701519060926781       0.53901752144242709       0.47474936108417820       0.59266136599136654       0.44885731749168184     
   1.6228888583105583E-003  0.53340780429895829        5.5169376120886848E-002   8.1228077758833533E-002   6.0482108017212710E-002   7.3237445000332538E-002   5.6792004727813344E-002   8.0365734169911107E-002  0.77106801258481616       0.19966674464969925       0.24490497111238868       0.19714277026751156        7.0477416723166500E-002
  0.63070147563208567       0.51151556724669334       0.47837542379469317       0.54609709882067825       0.52803374030204664       0.48983084401984972       0.53437406280173261       0.56443242439807073       0.52802681469809787       0.50183635664129711       0.54936314511230278       0.46072020450338280       0.61904104038013574     
   1.9024135769252989E-003  0.55863868104503378        6.6779442466623595E-002   9.7115891107561872E-002   7.2946541836376541E-002   8.6693325855201203E-002   6.3830116273885046E-002   9.6665418061474884E-002  0.78851900774816996       0.21029672005314504       0.26910918280384077       0.21946328476413907        8.9480698253824362E-002
  0.71954555457117009       0.56543899159098576       0.45478493812551385       0.47602769372646148       0.58888012928820965       0.55161471596828060       0.55573499016170103       0.49004591768961225       0.77976373717572056       0.47479201063337617       0.48394191040322149       0.48287659481148076       0.44870931887546917     
   2.2225093970862950E-003  0.57908503159693747        7.8917985364090684E-002  0.11326360423913219        8.5667197168487572E-002   9.9663176841902484E-002   7.1262513380136033E-002  0.11388921218231274       0.80130668957058504       0.21968649821336764       0.29314330897025093       0.24049171904537797       0.10720900758840901     
  0.53548763743288008       0.52257536200401822       0.54126184820931578       0.61253211589204237       0.57834064756812931       0.51584898340014440       0.50891523293011609       0.62070188477704991       0.42279911204032988       0.53240380968957135       0.56739166756837300       0.43662361327645466       0.58384474556950594     
   2.5576234695794133E-003  0.59802862735546303        9.0595165166717659E-002  0.12937356264579825        9.7883108632143973E-002  0.11295334787320513        7.8026546888872492E-002  0.13105869628840747       0.81265065082555499       0.22931643543070768       0.31668424881043222       0.26383089927024994       0.12370847994137645     
  0.48675824315154831       0.46975307075784700       0.45840768597226467       0.56819056976034177       0.58200457255775162       0.52344351741037998       0.49647679679733053       0.46391147147986544       0.46207128986510654       0.54175397117451940       0.54950740907835305       0.48717619425930464       0.57756921176066467     
   2.9118427621142259E-003  0.61528730158159972        9.9909389931950587E-002  0.14558966519899266       0.10962559469738944       0.12833717828046337        8.3756655251575621E-002  0.14741932378806866       0.82321956886288217       0.23850914642395912       0.33490471291520479       0.29206612947031751       0.13982153728822166     
  0.51105326348494828       0.48412955174388717       0.44139935732420310       0.55619914257055914       0.41494904575457719       0.50957237345504303       0.42826643270255410       0.46089839006214472       0.66493882787222802       0.57953267361545391       0.42523622351780921       0.54538429814572575       0.54536166972533173     
   3.2905255187768438E-003  0.63230080826813539       0.10915357231877210       0.16178039951747214       0.12129419348984136       0.14462135251471481        8.9529872650912778E-002  0.16389943094326068       0.83305348617400810       0.24712146030133297       0.34980049869545998       0.31701689949450929       0.15628150856401715     
  0.50350353152208494       0.46436218200017587       0.44686062687132860       0.43084772257701170       0.45679675938897424       0.52247549895900436       0.46942627354100402       0.48805736248393888       0.52068622063487813       0.52856063396972330       0.48209809378714391       0.54653484510523220       0.43576151343615599     
   3.7054036796125519E-003  0.64842723106906386       0.11973645981954266       0.17779216388291066       0.13326162329021432       0.16027973132253392        9.5542667105153578E-002  0.18178453265786571       0.84218536718312764       0.25491391488757087       0.36605874059798804       0.33922841983681806       0.17251224462991835     
  0.48521715415978012       0.46627124039986168       0.45000190621802838       0.51108710152853865       0.47213379599655525       0.46399929261845052       0.52570816110338014       0.48155343921970878       0.49624761369603237       0.47952634938297894       0.49047948025239502       0.44424243610346048       0.54803044336369866     
   4.1299890546641288E-003  0.66274277783833979       0.13048972933502198       0.19336808082294737       0.14585105046566810       0.17469327394662590       0.10210990067525964       0.20104154078458092       0.85021660757923923       0.26204423578847641       0.38209482779244996       0.35983554214755858       0.18849663750604548     
  0.52674519062239211       0.49574657482300427       0.40459406873800124       0.50893121180338496       0.43212664727780786       0.44351857736517736       0.51435313009609429       0.55900057549989812       0.52765931235093400       0.44950065442648318       0.53153919741646694       0.53174291349595826       0.53638977003618227     
   4.5326016501176930E-003  0.67607241533590456       0.14124293776850644       0.20814882470995932       0.15903094599773146       0.18857820416375912       0.10900478664182885       0.22008265407321911       0.85725501198856646       0.26938758421142750       0.39873003378877581       0.38050212350627083       0.20515251416637670     
  0.44897417834150455       0.45284275928609302       0.55022109138753694       0.47274880267098629       0.52978802882819398       0.47545685375408497       0.51309290793883400       0.56254308555407040       0.49952508113948219       0.45303382402007264       0.45505251070923836       0.49854410841929803       0.46860911497185509     
   5.0040812234514237E-003  0.68924997247190511       0.15353675397748268       0.22236347502577064       0.17233432094525702       0.20211264775515733       0.11629509089529033       0.23469460385852620       0.86368995840258622       0.27649637841216895       0.41815174974464447       0.40094159254059780       0.22282148904727578     
  0.58582940974031072       0.53137647566848001       0.53562721414931336       0.51171568926895605       0.48079334387927042       0.43876717218762284       0.51416603603346933       0.50044557832365699       0.47743034414928420       0.48454992325888696       0.61600950820336009       0.50942262666234950       0.52560216639245172     
   5.5662590659427856E-003  0.70216632965302428       0.16653610051049789       0.23628651025988778       0.18372807585536952       0.21495347462237069       0.12350812580339258       0.24821227912318305       0.86977970556154571       0.28367667696606697       0.43803324891205314       0.42101119902434903       0.24031844732364946     
  0.53592315720100736       0.46481233062460225       0.57833951375101300       0.45170798491892694       0.52979323516827903       0.42458326626270460       0.57115441839323078       0.47719819066718216       0.49703073887234622       0.53401002760584604       0.51326475067117117       0.49856831294196768       0.54358973311873238     
   6.1819908748183914E-003  0.71442203442854768       0.17946874981842811       0.25152273473200470       0.19458261608074343       0.22901726951318682       0.13047773156642151       0.26088468767757322       0.87569854107615974       0.29116111715212495       0.45628080224322720       0.44065488525133412       0.25723676573153853     
  0.44859022918313646       0.52514084870059052       0.58401946959645556       0.49392419975030921       0.42372377541782758       0.46647279733611829       0.56319082777479779       0.50031064316095564       0.56533359674378669       0.54081840505914591       0.54085863572240611       0.54188642974680035       0.50799822406417261     
   6.9476758069874460E-003  0.72625403640137376       0.19290402947388832       0.26827801639216814       0.20612766131517363       0.24323175290672555       0.13782825714139707       0.27500682251895459       0.88134272595910046       0.29756826321750268       0.47319348170806730       0.45933000097109733       0.27385695667307780     
  0.55804447735502960       0.52887712541463017       0.52904776037550205       0.54342227521163866       0.46165362479586142       0.52986992158770163       0.56304895308644054       0.52339654240955547       0.55992764274631168       0.52377676532555528       0.44594759151585806       0.56587989339134903       0.46736635961049972     
   7.8533204444454826E-003  0.73724427863376052       0.20797056548349610       0.28667238844477849       0.21536662055709724       0.25791809099256258       0.14535136220540143       0.29113790578830701       0.88642595042639127       0.30355843558208284       0.48937967869983973       0.47656877057960623       0.29017178949190786     
  0.53082596628578693       0.49663131204419597       0.58102861180480592       0.42450142418653364       0.50212811996706708       0.50649935159448978       0.56106477818906053       0.47087496546025581       0.44583642091193332       0.50569094080017918       0.56018953592989229       0.52603103613816382       0.57779196139738698     
   8.7962069045550706E-003  0.74702850972625690       0.22517738747716692       0.30540433159672714       0.22507119188103727       0.27244061948042048       0.15286728028553082       0.30796887554340147       0.89085692655123494       0.30997279322881965       0.50453233904702743       0.49398456251424827       0.30763753798520249     
  0.56201606862590303       0.48373067756458676       0.43144171546889243       0.49876554243101245       0.46579069062071210       0.50669498763778897       0.55130508997188543       0.60598239347485905       0.54531873366359196       0.51123890013326334       0.52759198297994214       0.46263488642237921       0.52909966558420984     
   9.7172275070444309E-003  0.75590450457635583       0.24169741186860091       0.32404434096509271       0.23592304286816701       0.28795628857734235       0.15998956940619946       0.32426032843688524       0.89503099755781335       0.31685990395271418       0.52010511984958507       0.51197701147335561       0.32528225512995546     
  0.54784320365900863       0.41814961635353493       0.59705252481057758       0.54465376778857255       0.41753766045551693       0.50327486864652093       0.49832189575810593       0.43596304800694746       0.52650341151350799       0.45936653198252719       0.43236355846599728       0.52180850262821710       0.51959565668968610     
   1.0619093773069828E-002  0.76410107530363247       0.25760743791577495       0.34261250846258967       0.24897275226238888       0.30469474316601064       0.16703936243421066       0.34025977888923664       0.89880980093359197       0.32465520677499604       0.53557872074728785       0.52844037105203423       0.34328958492893702     
  0.51620670372155086       0.46591831383626053       0.59536529549466777       0.59405718144875708       0.51436181723051266       0.52212025265332140       0.43938596973494226       0.49249710423669990       0.49202295464327822       0.50652054376531519       0.50968019522484220       0.49284150109183694       0.59750966542754247     
   1.1558015321940699E-002  0.77246963936641433       0.27366686100798970       0.36135794180678205       0.26469905613899547       0.32251312320335279       0.17343758481549740       0.35576471603055737       0.90242087229250922       0.33246000304497170       0.55100269888008713       0.54301969536376127       0.36040252743366191     
  0.51148220003963618       0.54315821437407985       0.54028704444612441       0.51249636129575793       0.50148715923616916       0.73064216324212883       0.46960335083627891       0.54306624029182538       0.42684648572826989       0.50098509259528801       0.47472539635770861       0.48270549217615843       0.50797154362076880     
   1.2484749084938690E-002  0.78114418017096721       0.28956668429151827       0.38036729354385179       0.28040945964097841       0.33916159123757411       0.17904737784533969       0.37117451726105555       0.90547528319428772       0.33968190410252624       0.56599050055617428       0.55650516921332727       0.37785642598780461     
  0.45835666517679069       0.53346123792344990       0.51590260088982809       0.46821627959772411       0.56862545033459255       0.52072200324588169       0.54904992079135218       0.49092076058590051       0.46941008044799742       0.55293028599365324       0.46403364458009239       0.51333423596145111       0.53674450556090714     
   1.3626504058823269E-002  0.79043723492392326       0.30616032091561857       0.39892313609932090       0.29479921446296442       0.35439876469059373       0.18494421972316274       0.38755685700192688       0.90849162460186228       0.34690656936353598       0.58087662612807234       0.56957332060611010       0.39649849727395120     
  0.51690813547747538       0.49615731189782508       0.53018112482364976       0.52734764943295143       0.44258917252020819       0.42579156231598264       0.55223411937416034       0.44817713887594657       0.43335880974111812       0.49352672704802980       0.54060476181259565       0.50205332966146787       0.49001961037367314     
   1.5090906910137734E-002  0.79895282522616684       0.32231163446738575       0.41645611293189194       0.30849188897162144       0.36940916876936736       0.19082230519787541       0.40478564955568341       0.91172099141996421       0.35373875928446069       0.59628223659420954       0.58229429545957856       0.41459917060285245     
  0.44197326188634228       0.56318768761959537       0.50457748607147246       0.44779723473383543       0.49174927105411503       0.47073787451131860       0.52358616136762171       0.44812171929414268       0.52799774159344270       0.49405686696025658       0.49827223571121676       0.44972401941450130       0.46934790145776373     
   1.6765751681905045E-002  0.80603318168984273       0.33855350408991386       0.43289820318207939       0.32080611633530420       0.38628110700908019       0.19768929872648777       0.42227131300231663       0.91498151653688287       0.35963517469569423       0.61198282347766542       0.59441038598612428       0.43253559235531436     
  0.49555645203993509       0.58447175136590812       0.51225605666552965       0.60008038820358789       0.49587258120385264       0.53153107873320182       0.44791448920297122       0.48287754458851739       0.51808645628145844       0.44553029034621677       0.56280634283305997       0.50338212032943430       0.54692988186920377     
   1.8653458213844454E-002  0.81307230484916315       0.35590614958139738       0.44901880013985312       0.33173418411898631       0.40443030519786072       0.20635782241595010       0.43979371527148398       0.91818959312663662       0.36599225481085662       0.62718897461699163       0.60615527358660037       0.44916260617637987     
  0.53143087010890822       0.48455204896451409       0.51477465517743204       0.44263610906589756       0.50620059261863670       0.49075635161691283       0.48943172496921178       0.60841980451818578       0.51447175792642197       0.46714306660212773       0.50767488553247642       0.57796473582902563       0.53425021997572630     
   2.0708404091220635E-002  0.81979877018355107       0.37094493971483261       0.46418108654533324       0.34258058157257065       0.42180605715511044       0.21385468254170484       0.45671582056654358       0.92128995068488018       0.37298641527376497       0.64011122457564684       0.61789913698787946       0.46168690880594143     
  0.59113399205546668       0.46631314566303045       0.44619255409472613       0.48926772122367979       0.41876356053632746       0.46521924183892333       0.49533609359514569       0.42078426270867547       0.49593969017596690       0.50460055401677428       0.46876844049854122       0.54658846089229940       0.46917296161771932     
   2.3001576604232427E-002  0.82631967561979802       0.38333130235302260       0.47864226067773402       0.35456669137816821       0.43859075709141943       0.21953834839838499       0.47307623265878002       0.92427513114703475       0.38050448071518594       0.65350568957798283       0.63023647935850291       0.47338677472737817     
  0.49329725964149818       0.44864927154675871       0.43820262452467462       0.48868722809302240       0.49442615935382883       0.56320269712359294       0.46287520645097396       0.48759863682079668       0.46574614157691363       0.54082915788885344       0.51215376608724916       0.50665812954708367       0.45722737782533057     
   2.5614424126732795E-002  0.83289917682459191       0.39610398990811180       0.49344864022819079       0.36846638721585101       0.45462606746664769       0.22459286176916840       0.48838714824886831       0.92715107162003452       0.38868608142288236       0.66703705874670094       0.64283636132640487       0.48418601303380376     
  0.49236295054690737       0.55862181363914787       0.40951922152770615       0.57235098474405599       0.55483284448066683       0.52625985260165620       0.47106441020786732       0.51132775480538428       0.49028485756044776       0.54206532610265035       0.57221786648565509       0.47045043288378363       0.52196968753312167     
   2.8536731590711798E-002  0.83903808766018062       0.41085569824700169       0.50769643464416814       0.38240125718107421       0.47148418416221416       0.23017266705753678       0.50469150608990776       0.92991322364877427       0.39668746576678915       0.68029956026006022       0.65262468555210806       0.49562052073753882     
  0.50062455730581290       0.56965842969569436       0.54984254744446848       0.53647633521686033       0.46981971645565956       0.51339407856525121       0.43614646020290393       0.59000376948983646       0.47883945614514800       0.57180637639607945       0.47079482552255780       0.48667208635184173       0.45962523095959057     
   3.1743340720993822E-002  0.84430241153556862       0.42802936108724887       0.52259674199596273       0.39593301310513607       0.48750127761505374       0.23698992685602249       0.52248382288355755       0.93260820171832981       0.40450589298266360       0.69342529241724038       0.66188751294300940       0.51014136540364263     
  0.52756146828707950       0.49453793378620137       0.50202252527466729       0.47415195814971672       0.50333597114649375       0.51286746699355257       0.44965762960661243       0.54102023700655677       0.48698503348517380       0.51958897365385026       0.54163294847594345       0.46590920430495214       0.46024412275631882     
   3.5333569067367086E-002  0.84955617798498029       0.44847403885989012       0.53896237308356965       0.41085481234872095       0.50263189053699175       0.24489819311622446       0.53741983391397063       0.93525940218388481       0.41252792754469730       0.70523591575984212       0.67268585062236463       0.52612666648918016     
  0.50535998283941730       0.56350548336804862       0.58480638776605254       0.53784969600257782       0.61746135990610995       0.53362364135015317       0.50670293954920032       0.56195766278485537       0.45345053053018558       0.47070753704145263       0.51709528489896162       0.50686677538424707       0.43840851267018399     
   3.9329887540666464E-002  0.85504902840112995       0.46746937455159399       0.55495858390359154       0.42624041173501714       0.51670802234471569       0.25279488648272541       0.54973430629723341       0.93788783170562218       0.42056004243806333       0.71696993973053313       0.68458525118315106       0.54094963063755186     
  0.52189906024486044       0.42796242750954122       0.54303100371326729       0.45218456217063807       0.52916672375239204       0.56923342307635605       0.54634434859178538       0.42677372797743202       0.51574310820151370       0.53727029840576468       0.53011702260964688       0.58017870778245295       0.50637006467452739     
   4.3749378650381657E-002  0.86023585230561828       0.48571902978489356       0.56991091863990273       0.44062550650855109       0.52980755037008764       0.26039096782200832       0.56213491257159331       0.94048450067253753       0.42821418430965147       0.72589194328637940       0.69691971232134342       0.55513771619597663     
  0.44142477907087790       0.47644725017682776       0.58027905865370577       0.50630214052182665       0.49941545088039507       0.49413756039767986       0.44529942832034475       0.50118273054382489       0.53379366421627761       0.45464392191105718       0.48172699941801300       0.45778800701969347       0.60302166860940687     
   4.8651307690636532E-002  0.86548754293736518       0.50450448248299373       0.58439846550699426       0.45479819769173946       0.54417260556074387       0.26835865724256253       0.57486288919229322       0.94303537970233231       0.43536844445453249       0.73379049287691556       0.70949525895275389       0.56943092553211883     
  0.49374881022837125       0.63111676170202502       0.55883476013600175       0.51827778492111265       0.49015895030249046       0.44118284658292933       0.41905042118646685       0.44967165888056060       0.45821784379471864       0.61560395064315920       0.52862098803857727       0.49490491278999149       0.57005947390503042     
   5.4003294606905526E-002  0.87066131123265733       0.52215301275673442       0.59973361593204177       0.47008825623045719       0.55891109538315598       0.27711829831571527       0.58830145774456089       0.94553508412297382       0.44309456439168587       0.74206694964213149       0.72246967666505824       0.58470301918266299     
  0.46714111892198207       0.55261947481538298       0.48976153982324716       0.50299176395520473       0.58562029190672493       0.50811930430935925       0.47031022832695007       0.51762654716229095       0.43931951498203736       0.44014982824578563       0.55534740907732816       0.57983819262309777       0.45054371827786638     
   5.9719588322985219E-002  0.87624540708531029       0.53787326699750804       0.61479751245712588       0.48890717012242757       0.57812878793951250       0.28626233755363967       0.60470414879914014       0.94796670374055980       0.45075553233082993       0.75232942505504674       0.73493010689786931       0.60082606622583468     
  0.42799857206924835       0.49107655140117445       0.51373359624316672       0.53630243227514229       0.47487588569952305       0.52617433564985427       0.49504515680453404       0.50732170616252026       0.42916060760681002       0.47956261132728434       0.49871892259551120       0.43989329323351928       0.52095602326432400     
   6.5961741673141200E-002  0.88145478841253422       0.55311484769992847       0.62992578997167126       0.50762134435641781       0.59483563048170229       0.29519884026793058       0.62110989126620930       0.95029357657356983       0.45812119028764148       0.76217279568520657       0.74637621634084372       0.61681161757603897     
  0.49874064285968345       0.50482164655865847       0.44928481641919588       0.45225537317050873       0.54072098461798268       0.46665331520074832       0.50790992724164485       0.49762951335964734       0.53941435067025978       0.56411054069798161       0.49978579137025597       0.48982020308380925       0.51686087143568049     
   7.2849778670106780E-002  0.88642725951126267       0.56731558106017133       0.64611173307505143       0.52582593385744414       0.61393477421475018       0.30380199872769553       0.63670503526271605       0.95252544441508380       0.46567305887120986       0.77184755635105962       0.75736286408330200       0.63470102316644639     
  0.56699052440719766       0.52050485644975608       0.50432990793871291       0.54486231756218539       0.49771861990111776       0.54449534216790485       0.51174847059648398       0.44499977351241521       0.48615356875240801       0.56959654004668703       0.42221343964911240       0.52808962376096624       0.49072565287750014     
   8.0547872109349827E-002  0.89105393637908725       0.58116396794827341       0.66274411492827612       0.54359538562749832       0.63170483852391002       0.31269422222739507       0.65159216490757776       0.95465537286778657       0.47337999855372992       0.78059958968594911       0.76878209348101212       0.65345301794815835     
  0.45878201061394763       0.46762728769868056       0.52739078573184273       0.41370435713554599       0.54744842196295929       0.55358201548787522       0.44860467151523070       0.48327603892846560       0.50089247571855122       0.49976173201535745       0.58236667739753856       0.55649284071619076       0.53968195964118737     
   8.9855457573831968E-002  0.89579737497005807       0.59558041698223063       0.67709201384630446       0.56092944938866385       0.64844692231675349       0.32170428779704913       0.66627117238657030       0.95669357662563559       0.48174855293433255       0.78907909934405818       0.78115695173352007       0.67186084155653336     
  0.61044254584536062       0.44481233524567482       0.48590599585578753       0.46692744237531453       0.52770430042324590       0.49351351354989614       0.51004590698495267       0.53653917022997843       0.52425124307624960       0.44417723204257786       0.50233450537308411       0.55375877339694390       0.55518403592411858     
  0.10026332197470639       0.90059641657654343       0.60965695902674566       0.68854354076406732       0.57824507894689570       0.66293877361119768       0.33074900507463484       0.68130393828581870       0.95882252582436667       0.49000337672643468       0.79832528675677372       0.79444602351895954       0.68975237058752092     
  0.51307123082231976       0.52397046513631762       0.47244653239686174       0.45784946818982247       0.60285860613940079       0.48275838637665480       0.44327716842278664       0.55179500315634755       0.59624730594261710       0.45889591410034308       0.55483516926402154       0.53021108238074677       0.42379873133300699     
  0.11164856859856509       0.90503438593045227       0.62317134455794421       0.69957016803848060       0.59638090968955471       0.67877795957560116       0.34002621349488604       0.69631784659976725       0.96091055074839649       0.49831263849876534       0.80829330774476060       0.80726536781761371       0.70537569226207941     
  0.47909838585993580       0.53732338111851707       0.51010581121045517       0.44259863135894240       0.52671997984807573       0.50350056109513919       0.50721250187811884       0.60834978210065016       0.45991786291478037       0.54866980792675479       0.44056623958033009       0.50710563297811651       0.42067429697323344     
  0.12683740830074994       0.90959723130803782       0.63613822105398854       0.71014900613890430       0.61531970619536636       0.69450828342573956       0.35063834441478980       0.71168553972936133       0.96300101287545059       0.50714763448891098       0.81805773652381097       0.81887481284155328       0.71860115653077927     
  0.48386505700300314       0.55231391595905499       0.43183073294970975       0.49010745190751603       0.56917721215076789       0.45888064944915019       0.57707932251495797       0.51478495469208452       0.55141574939194582       0.54487982541990565       0.44200155297463090       0.47903753353452333       0.51700679761084267     
  0.14212897913384098       0.91428511284829794       0.64966932407119782       0.72130324979965799       0.62985974647827114       0.71009821055174793       0.36218567912885163       0.72636979478277985       0.96511284168957001       0.51673788007077326       0.82783429607363912       0.82912194182940147       0.73262090095843513     
  0.50515262590316978       0.50683207315662060       0.44147242512588353       0.43992578367957735       0.49589698015439715       0.54937403803167872       0.51589275313253646       0.45609543849880291       0.53618990015395640       0.50046928245126066       0.54423410765086466       0.50532451404689338       0.46571658129646193     
  0.16004422692897291       0.91889223727877056       0.66469261524125756       0.73605971224022559       0.64305564104069668       0.72545129658485241       0.37486845500277649       0.74002916048353184       0.96725381366187180       0.52702552611696185       0.83769071067339751       0.83896082097978786       0.74744481873106161     
  0.47920609662399916       0.48703319086914237       0.44334327378503546       0.49882829901110898       0.49294359807530974       0.55055591936166182       0.53793034633268699       0.48322165354918223       0.50611380242168347       0.58991889377453766       0.54303576509779772       0.46602638454709228       0.47105867820640285     
  0.18013019557770810       0.92315496596570989       0.68116947537131656       0.75277081664517997       0.65660765211377980       0.74111874038196113       0.38710713845907530       0.75427461573676025       0.96918343702253162       0.53789355584532039       0.84734018569926084       0.84875479472065563       0.75836546006575789     
  0.53211655240734368       0.53026408497963484       0.47603560702046521       0.56823941752069473       0.47904415687815660       0.47528264317475732       0.51684542604060668       0.43605721014466831       0.49704300382563382       0.66546524197902635       0.46108569463823479       0.49653664115817325       0.56455860908703970     
  0.20249637658686737       0.92754830660551013       0.69833360889703944       0.76984192239686788       0.66934505399588717       0.75735227951892792       0.39953922488616783       0.76886488607893533       0.97065105183148359       0.54935332650347368       0.85584326910452568       0.85908998899058486       0.76864441399479089     
  0.50107911924148596       0.44867437357282675       0.61080786435354095       0.51791642280676442       0.48502870915009616       0.52962914394898197       0.49410849425256270       0.54785764760954081       0.44027951663540105       0.50177001091963791       0.48987063427821814       0.45095976026854179       0.38558578045174063     
  0.22974838584366430       0.93165374156737701       0.71529948686247147       0.78616739300043370       0.68690512755753041       0.77373350655302353       0.41385628544841546       0.78416743250980181       0.97205039695174555       0.56107863023487214       0.86465570872550301       0.87031716810673021       0.77848881880076648     
  0.50811840061499836       0.44674485399228342       0.52205094979351696       0.50403997719626448       0.47148143439409135       0.47657128381805702       0.54895260850757421       0.46003365195984680       0.42617299272695058       0.56991165678382538       0.54638432244502178       0.51706800611907267       0.44530627961483277     
  0.27899697643776139       0.93589585936496544       0.73265184521181304       0.80061996727625406       0.70861515095430261       0.79025394173462926       0.42990717368736808       0.79795261762118552       0.97334642643832581       0.57255895140375956       0.87415111952806601       0.88054847083890442       0.79090161450589924     
  0.44420525851607723       0.39509527350128154       0.50117188850815597       0.60198496494211418       0.49426744589477128       0.52361898794748285       0.57653211883478184       0.47068254034578655       0.41561282396983706       0.52049025810222593       0.49697191879686914       0.49842689388813949       0.48135726289580455     
  0.35614831368998567       0.94045731822870493       0.74978728227172831       0.81387932148464448       0.72991920806144039       0.80698582967772714       0.44780579523727565       0.81192047077207008       0.97475641229450016       0.58297840328765682       0.88280530842002269       0.89079825948622338       0.80538424104647488     
  0.41243428634134061       0.52969466401881404       0.47741264372513253       0.56969350071502545       0.69677043523545990       0.54519746790252832       0.67989557582625249       0.56447214367485787       0.42803019971832557       0.46123314320203052       0.49853549353997001       0.56269638662660537       0.55438437811206775     
  0.44103075942693160       0.94435172682343782       0.76773669008576084       0.82675434418648153       0.75023408915192213       0.82383958189871442       0.46601965372353082       0.82696084237397582       0.97639938578579177       0.59145932158158721       0.89051847995013134       0.90089452698237082       0.81988628858725943     
  0.55276459674115441       0.55362055246015629       0.47158166975898169       0.46624441925783605       0.45650419770503153       0.51029081340091809       0.49551349208436801       0.51702672813984130       0.58509413824049405       0.49949047390397905       0.51870071436505183       0.47041529360807088       0.49608508488518366     
  0.51923748711422280       0.94770407123263278       0.78715889772474057       0.83968922919509570       0.76888207855910995       0.84061248996360460       0.48437981114349188       0.84234897481075899       0.97814609975882594       0.60025588696756282       0.89960953322320358       0.91110976436497737       0.83589152817310397     
  0.48124875591511856       0.49616517154456308       0.54445840201179274       0.43282892096788272       0.48902561067894412       0.53051485200120108       0.50816872290655557       0.50156478147245720       0.44763072345629007       0.44481620333548821       0.40656665204487569       0.63171694455345051       0.43993602783813529     
  0.59165521481319028       0.95111547261517038       0.80645548198477457       0.85506943199102869       0.78806516888536693       0.85614588115670665       0.50375377200950011       0.85815369538573882       0.97989347040630759       0.60854497323335666       0.90948525850139417       0.92096580330942523       0.85132534425412532     
  0.50103934279056672       0.48185675876321160       0.59254145794729818       0.53534001402358888       0.43230617738542260       0.48108659981255836       0.50792687232891953       0.54209438660141362       0.58917575126370336       0.50132724789952676       0.52747232377496445       0.57848948775678144       0.46124749793851150     
  0.65386268044749385       0.95479641940671800       0.82805136688816650       0.87413407922007602       0.80920083139172438       0.86991088637998781       0.52611083472620546       0.87340838385322550       0.98167653558804335       0.61718613818162904       0.91916990884349570       0.93083941913205492       0.86805516475157374     
  0.52026078346210636       0.53400423319459411       0.52745118493837750       0.47908737733665219       0.55359906054129526       0.49695470566810224       0.52528522565940838       0.48562511494937055       0.39982000042495647       0.49181452578277507       0.57512767589660274       0.55430878708795883       0.49799044423271910     
  0.70607291231099401       0.95844595937442756       0.84825556981823147       0.89303205569091249       0.83204924692267523       0.88411257379092489       0.55128713799188034       0.88670159150530037       0.98354017817976724       0.62892197411739348       0.92889546647862287       0.94034017189365382       0.88562238599563414     
  0.50976232316548098       0.50764360187646929       0.48845322271969616       0.71256022540978270       0.49896670759297213       0.53711901007049101       0.45860165515301160       0.44764352272034685       0.53926384430550223       0.45859244678789096       0.61104083206263693       0.42820002382868888       0.52639584705681941     
  0.75330463477504594       0.96257505036703161       0.86893318798729569       0.90886681581467121       0.85342451801250896       0.89963234817492821       0.57728570133228174       0.90111014978825177       0.98542470740850674       0.64307991379147422       0.93854317375985408       0.94928105772436278       0.90258088147484372     
  0.41620101594179948       0.57119737177143148       0.55300848652151446       0.64001495607818060       0.46765290793764902       0.50390072142852949       0.51649513245304823       0.52841184771394989       0.55476342975529191       0.56963335822988392       0.45913177836035862       0.56575022432170119       0.54761579040553188     
  0.79997075749317903       0.96739547558809424       0.89046011568376005       0.92223687179470437       0.87300025811996784       0.91510139047627415       0.60412524518025934       0.91605219006880534       0.98724640515562800       0.65718175190433137       0.94861449540325460       0.95799155528853663       0.91908353952819122     
  0.43883990485091756       0.55143106857034585       0.55443784733586021       0.48457751484317496       0.47645648797349194       0.55197138280310243       0.50717880667378468       0.47209964589457315       0.59192448398721986       0.48919066886829937       0.45220905305679393       0.49174188458459661       0.54518012214396550     
  0.84441554041215783       0.97205518703378235       0.91575726868787843       0.93615918811810594       0.89692524232942261       0.93130697093874193       0.63724193347890723       0.93205399422284008       0.98899578100800667       0.67224677899359653       0.95909332089465438       0.96696347394920867       0.93504751485586024     
  0.52911226339302497       0.50445245090149493       0.53039134689158463       0.52655430919707313       0.41199979403721626       0.54949951582024603       0.45804345654290102       0.56344650379828165       0.56337840211538370       0.44765914282921410       0.50375734172091402       0.48680782675306356       0.56115394671969698     
  0.88513310431958259       0.97687241683772241       0.93923060531896407       0.95176272706432208       0.92120369982176276       0.94823307734722806       0.67658763345474149       0.94923964772598546       0.99075598339544779       0.69218456757772795       0.96936361242665636       0.97601855551961780       0.95044299857279257     
  0.48887250058145437       0.50639798161545202       0.53193576035227608       0.51524529036974931       0.51592509093310801       0.50043315985134929       0.50532948899183261       0.47017332822354929       0.52275240193245398       0.50484100164841272       0.44260592591701670       0.51645279296427249       0.61152484480076341     
  0.92178814785405228       0.98244485343852916       0.96108111336894597       0.96670383131633830       0.94619610003064525       0.96510648909935770       0.72421027754271683       0.96584912258380018       0.99235182603222061       0.71936823196311594       0.97953335028378441       0.98465809519646108       0.96608600786274068     
  0.43697825168423649       0.53892437743356192       0.57055089651274482       0.47610553126985594       0.53680739936393485       0.45701398098384216       0.49792255702837546       0.48687033349462044       0.50682583401404935       0.48905840118139016       0.49281924147837830       0.49870025003209850       0.50388470722468504     
  0.95925046811699632       0.98951976409196507       0.98136642011271769       0.98426783941742402       0.97237571084014629       0.98296611837206427       0.81298212889576271       0.98377122601076872       0.99525225293063457       0.81078837998466691       0.98986318754211988       0.99240820421679798       0.98260134782697295     
  0.47056499248286238       0.58386697743901761       0.44864756036419268       0.48851705682396401       0.48716525424677176       0.44781535276012058       0.49769914904660417       0.56865530998943936       0.82008381944881381       0.55562277142665495       0.55757178492212101       0.42264102013344446       0.53400371327220619     
   1.0000000000000000        1.0000000000000000        1.0000000000000000        1.0000000000000000        1.0000000000000000        1.0000000000000000        1.0000000000000000        1.0000000000000000        1.0000000000000000        1.0000000000000000        1.0000000000000000        1.0000000000000000        1.0000000000000000     
  0.44481233524567482       0.52289382493588077       0.42768148404404382       0.49497244182826239       0.57759496333111182       0.58215839280679615       0.49537293434173324       0.44601732495276347       0.45519883696423058       0.37906035218597922       0.56036320504477988       0.48939185788622169       0.51408452159538010     
   8.3510468028578622        3.4891587637041108        10.246668589765457        8.7584039011206798        9.3789280896957177        10.810422329611555        11.710858386741334        8.7778331984294198        0.0000000000000000        7.0130900493522557        9.5237913109880044        9.2493135369424060        8.9308325425987025     
   8.7692567168490800        5.1541206830622839        8.1301258162234387        6.5498151227842287        10.336002822591686        8.7767899711487072        9.7763589814601701        10.508258597916903        0.0000000000000000        9.6078044280666184        10.530122633894084        6.9666467578671893        10.868437651094407     
   9.8217777868035476        6.8328170697054542        9.5747644628800224        10.839660805460738        9.8362856969808838        9.3644592147765895        7.6731631771207214        8.7207016068493015        10.435798722572445        9.3350048908715060        8.3201730006239050        8.9940756781864923        6.7377189432153166     
   8.3587273679688447        7.0334121267497567        8.8566738573272463        9.3344121660643751        8.2924507170614987        7.7233396136828798        7.2127512957636979        8.6316016106576026        8.8901478127120548        8.8606171536476293        10.151659657568294        8.1742163726517667        8.7308667866153051     
   11.485354352373497        7.8042361185395208        7.7249264117546383        7.9272789313067564        7.3616747810482188        8.1279168878154735        6.5552119280329864        12.249443057312732        6.5840700143527169        9.5641645792169818        10.578839313079486        9.5447061432179510        8.4266758048063579     
   10.260065233492758        10.610516552692578        8.8799823774145370        6.7337239602067562        8.4426934741845621        11.854900730240148        7.3465775862535256        8.1697707500752337        8.0301973776391531        9.6241888807951153        8.0860683863792406        9.0019002262433556        9.1631994691950567     
   9.4466750332552198        9.6005608041672961        6.9542929572422914        9.1077569285854860        6.7234855559147402        8.0047247564218473        5.7198217691355673        8.8610440471586003        9.1934126236688982        6.7718145940391690        7.7785418769580108        9.3959878682526803        8.6140571489682607     
   10.144136524838876        7.9381899357434342        8.6976848428521389        11.363188941301136        7.5464816098280636        8.9405394164743353        4.6209924436868901        8.0564969989046258        8.5594190971136275        4.5767046319325795        7.7786201166138556        9.3460082139404790        9.3727727657890370     
   2.3513022775075929E-006
           1           1           1           1           1           1           1           1           1           1           1           1           1
   3.1560954835753158E-006   2.7652535456378463E-006   1.7838032274589332E-008   8.1845784200609533        7.2040449577052514E-008   1.6217913083018765E-010
   6.6846681518770104E-008   6.4762394404995841E-008   1.3403705869141666E-008  0.23741152537277946        1.3401307738484172E-008   2.3006749771683919E-011
   5.0000000000000001E-003   8.6725815715428194     
