   0.0000000000000000        0.0000000000000000        0.0000000000000000        0.0000000000000000        0.0000000000000000        0.0000000000000000        0.0000000000000000        0.0000000000000000        0.0000000000000000        0.0000000000000000        0.0000000000000000        0.0000000000000000        0.0000000000000000     
   7.4546407799513603E-002  0.22242308504778746        1.1590893142527061E-002   1.5725403970620624E-002   2.3426317236057641E-002   1.5386185015296105E-002  0.11308812804951060        1.6191689202166747E-002  0.58627722158703488       0.14267013750322741        7.8003341747364549E-002   5.3528052887619776E-002   1.5716660058490851E-002
  0.37979523840188045       0.30684913369853828       0.35714254702377962       0.41633104624124356       0.29672366968786423       0.38645306330745033       0.36194133656204508       0.42884086051102094       0.32365405682299947       0.29091676395403826       0.30684913369853828       0.39568013028908466       0.35732768291541894     
  0.10972369775793812       0.31906944350186739        2.3165715047774139E-002   3.2045446363300159E-002   4.5660638189915448E-002   2.9905870519822277E-002  0.19270443078640789        3.2700640321441529E-002  0.69491913047887899       0.18508677934219006       0.12654657113681309        9.5100043559877584E-002   3.1887503019870742E-002
  0.39626845993415755       0.32708929658516706       0.42433134009490980       0.40461013945017604       0.33601978001592026       0.39476336727221700       0.36991806543403755       0.35273945341895196       0.40339343604080774       0.35591968144900060       0.36169017312244683       0.43104134320500176       0.39308521098851257     
  0.13523340357683772       0.38313349536420160        3.4220642938914261E-002   4.7875758736835292E-002   6.7496931432981327E-002   4.6772195634016141E-002  0.25215174804492180        4.5889304113144951E-002  0.73307114736230006       0.20421526834545442       0.16289426836316973       0.12824803243486987        4.7518154683338823E-002
  0.45107541628506986       0.31863321050918514       0.34074121624378595       0.49282489797796342       0.33988286104089910       0.39828417482586587       0.37527824559669121       0.35019431926800726       0.31586191639534933       0.41919816962646633       0.38749419670910701       0.37970931351188947       0.40114907308056935     
  0.15710244188248687       0.42160058307766973        4.5272256895318400E-002   6.3585212411049807E-002   8.7890471821325422E-002   6.3091901940177497E-002  0.29315764775447728        6.0177160870871799E-002  0.76262593267098755       0.21795132844085707       0.19639708569906758       0.16229076844735682        6.3190672395051092E-002
  0.45827326479444236       0.34539256245765537       0.42983749669564736       0.34995875280377448       0.30684913369853828       0.35401055018484362       0.33058932423781601       0.36094752779613465       0.32756910306476134       0.34403951738228306       0.45171908942035394       0.46029697930870112       0.42709940213348913     
  0.17530146456242021       0.45465981195306826        5.5234726585200317E-002   7.9634415334916220E-002  0.10833247044866157        7.9955358934361176E-002  0.32676015995469926        7.5743700410044704E-002  0.78563703316473998       0.23009449220798975       0.22472072346779062       0.19298404280005080        8.0472610761340838E-002
  0.35977938769708634       0.36404709893781401       0.36618655024769631       0.37086642563189265       0.30887174355533087       0.35761097495013178       0.33905076492332209       0.44739808782124674       0.37435015709751340       0.35468449152943415       0.39816253382667927       0.41008691791401564       0.42078962127259700     
  0.19084625892494517       0.48516882186173627        6.4256478921123086E-002   9.6009687286540982E-002  0.12839250858075393        9.6765799084508858E-002  0.35552951239468905        9.2461650102827836E-002  0.80356627116176449       0.24108491545244734       0.25222613712752157       0.22103406826488015        9.7888899282561892E-002
  0.43297220658978453       0.33394408161016942       0.32568514281331123       0.45335671025805135       0.34733894363179985       0.40000753024063529       0.34137931965256307       0.36159654969623356       0.34204376013851062       0.39629178350151822       0.40157500566697590       0.34707410292019242       0.37157587355676569     
  0.20527478463593923       0.51292488326448393        7.2889261728078095E-002  0.11224815500130023       0.14789072544970178       0.11284023224576631       0.38310986358105054       0.10949167226720581       0.81774867196192802       0.25081933742877610       0.27172606534901045       0.24480015019812634       0.11433739550166790     
  0.45164347099661578       0.35146619434683374       0.37386899827560210       0.35447719498122898       0.35628672585401860       0.37621949097942498       0.31651056941232292       0.42131144035288326       0.33857591138365956       0.41909919618651592       0.38704743884475978       0.41745347826143780       0.41695706882949590     
  0.21957439866728162       0.53888048862727222        8.1967103338774078E-002  0.12900574554733810       0.16715977294980408       0.12942446105569372       0.40945662839745633       0.12587241253970385       0.82991448263132339       0.25980346265053977       0.28624264281507089       0.26821261610742825       0.13048676856775090     
  0.41950827520951006       0.35517119464649233       0.40461555054114107       0.38010672902307585       0.40314653747704526       0.34826736784403062       0.38264021848176472       0.38228499044872144       0.36560236400865359       0.38302858796105321       0.34076233943234230       0.43206306076388667       0.38044365343114456     
  0.23580988556164353       0.55834625478603817        9.0846130816102100E-002  0.14519511177897254       0.18575218076448033       0.14604448561838396       0.43376819604012595       0.14232898720373824       0.84041957178639060       0.26833619360547006       0.29894901483119485       0.29201341166641548       0.14364065796173481     
  0.47702786193631891       0.36631661191519571       0.40906340442742323       0.38873285510560157       0.33104753396774045       0.37742157225220452       0.36294135475843337       0.42270230994094871       0.31858757573838209       0.35368116665453087       0.36394489792445162       0.40405626664684963       0.34457748655277171     
  0.24808026503170416       0.57772108485786078        9.9142401532686289E-002  0.16042510581278671       0.20606918223087822       0.16189666198411612       0.45453592451784480       0.15637835945181225       0.85032254417450959       0.27614307974422431       0.31295313982675843       0.31364465590433704       0.15690695915009803     
  0.35356307388000197       0.33910113569877598       0.39543857340769373       0.39831289919628038       0.43037064780585871       0.42213365941211167       0.33285329756790377       0.32420341169355205       0.42030146033960697       0.33730036857224799       0.30760910882710329       0.34888327070964464       0.35807053988055687     
  0.25949432289531704       0.59474679394896635       0.10721826105467719       0.17486017692507927       0.22743206440010824       0.17870907765025673       0.47407567924121552       0.16966762372345842       0.85952756317714119       0.28359118688099888       0.32773334940289589       0.33350346914423518       0.17008415075274849     
  0.42644554905279464       0.38608141609634206       0.33012233017696985       0.38560448475138365       0.36995978957821918       0.35607105088052293       0.37652864095830013       0.37308580457431112       0.36555531763929927       0.35821625269512991       0.33644286936140932       0.37235563687336320       0.38293299027557781     
  0.26939330557609259       0.61010105391589109       0.11628420949140891       0.18913991483801365       0.24835695233505359       0.19490911164814342       0.49176264543009057       0.18300811092258026       0.86638795050669637       0.29109548539209279       0.34168085365715001       0.35317668330583263       0.18283499941413653     
  0.40398832929354184       0.31394483614349883       0.37373935048659923       0.39053121243078126       0.36821405565930909       0.41440678016011168       0.32272573137252564       0.40365521390953180       0.34462473575437896       0.41983031625614226       0.35946241191066952       0.44083361155308548       0.36625768171015433     
  0.27857292671800848       0.62465600730077631       0.12550013501715152       0.20371427397878242       0.26814968206059170       0.21093439285832213       0.50883670526291891       0.19622677308298395       0.87163584333878474       0.29885554103310991       0.35680471853514301       0.37208844391740487       0.19599256060620698     
  0.39994131088401425       0.29594144519678539       0.42071428993665416       0.39095030521132529       0.38829263442891249       0.39856439219115924       0.42197490757335826       0.33108762356586158       0.30393179461053432       0.47785939290755414       0.33314388847310161       0.39567926434197787       0.35279761986708541     
  0.28758853898930536       0.63876481979451971       0.13452460059604188       0.21801802971802095       0.28493718430645520       0.22758787743070857       0.52776598660208374       0.21000694249712792       0.87670896250108932       0.30666026962967735       0.37358266159957593       0.39329828652939575       0.21029753347277669     
  0.36122765367220633       0.33908584631321881       0.39006228954826300       0.39342950615265837       0.39488081546934434       0.38186735776376340       0.42824886915316301       0.40605238429773177       0.33678924584298370       0.38549432490437124       0.37049499537286346       0.34216342868663857       0.36968898218282703     
  0.29633401539625565       0.65167190068919878       0.14430061772777583       0.23297840683033405       0.30172431311890996       0.24218773406544325       0.54578808863728179       0.22327918803328239       0.88121404208127296       0.31403996870220274       0.38834340215439722       0.40956889062063490       0.22387394779079076     
  0.38323653216958364       0.34116244860842915       0.43944742264392345       0.46533644463998652       0.35529357942624101       0.39857205653076572       0.37563512608129757       0.33789273192326308       0.33264935872579604       0.41116309635457937       0.41012538270837517       0.32469886897762495       0.36740965125031716     
  0.30475468585381482       0.66309208700436051       0.15509530616300216       0.24824476079391863       0.31855228107273492       0.25590958905081718       0.56291761616510894       0.23656410097204245       0.88508570757427685       0.32060589768677711       0.40338225801876393       0.42445935441902799       0.23848983430829027     
  0.40522680411866518       0.31383675492444052       0.37837303454175042       0.38079200838833610       0.38846270230272145       0.39845374848715109       0.38990592276397340       0.35493656205687690       0.34946640294662801       0.38831250489004948       0.37031108428784965       0.37876236993625878       0.37669933665560801     
  0.31287746128535004       0.67422522599692258       0.16650083488380768       0.26411310630096491       0.33494799598256952       0.27015749870431438       0.57984678095199793       0.24742968161025003       0.88863293133907284       0.32677623321594484       0.42051337977849379       0.43797742824780639       0.25352833420144277     
  0.31661135286730302       0.33370633624541934       0.43622454974111152       0.33797029173218279       0.34895805354442944       0.38303727411152250       0.37405027895559118       0.35742831461014157       0.34094168778924266       0.36335181362014074       0.38979403661113043       0.34412594012273812       0.38790611007690667     
  0.32093922922550583       0.68407514293027827       0.17793013427158086       0.27967480726495864       0.35061971988418800       0.28455053433253513       0.59537714657718321       0.25797831227968648       0.89206911525636701       0.33301906814812315       0.43662903515124762       0.44968428285351442       0.26881088162832234     
  0.32852499605978702       0.36403894167443335       0.36738846499642486       0.40769121663045449       0.42286667604112010       0.39844246169698971       0.35104559376574568       0.33250465840979682       0.30975375591406495       0.39088207290301957       0.33057141800397222       0.35067388554287587       0.36002559698777470     
  0.32915672649361088       0.69296110257571053       0.18884354625951610       0.29513441453913436       0.36787295762877786       0.29768357878580043       0.60952367150612297       0.26826534091194282       0.89537158508112047       0.33931155752283948       0.45162568859389191       0.46120537118260085       0.28284624510657314     
  0.35663608638152161       0.34828126772132534       0.42465649115707454       0.37318806867841087       0.30257448208861959       0.37696541725715121       0.35462734710765786       0.32552403163282428       0.31448119809168845       0.35079553808434921       0.34331542589317304       0.33759692750523418       0.38887910741384024     
  0.33783012013286384       0.70072938239285243       0.20019249625833344       0.31178737431482062       0.38627115591834182       0.31041934493799722       0.62333994442704865       0.27826171688883572       0.89890645392145807       0.34599460308794078       0.46446028492241298       0.47267993972473193       0.29607984783603608     
  0.33221856721818732       0.35342056819733825       0.38018738063834567       0.35129676640864954       0.40897237396851682       0.35914451771988637       0.35154222260871676       0.30914300016857155       0.30864424632388021       0.34137931965256307       0.34153421989683941       0.43232549544397891       0.36629895601340873     
  0.34706441902359897       0.70865009338195972       0.21262599752208342       0.32910099968685119       0.40592096068039374       0.32369318984505918       0.63672279925165953       0.28902726479817659       0.90291114195469713       0.35298522751195766       0.47652717370118797       0.48648750112432676       0.30963458614224387     
  0.38695840394215042       0.37956189298572424       0.45694023950360435       0.42344457318547107       0.43141551169042092       0.38907573902231934       0.37882718974097135       0.34114486463095234       0.37858642831115025       0.37552771777849031       0.30684913369853828       0.44133046509702767       0.36888045169751560     
  0.35665526593629221       0.71708701539807029       0.22503557896746584       0.34647903807490044       0.42468664986172583       0.33630044426395206       0.64919858584427181       0.30000635918205537       0.90694607207510625       0.36038925154391827       0.48901195777669110       0.49983919364343465       0.32367842030722027     
  0.41415277940790979       0.36414695037022865       0.43883437728045094       0.34814946694579502       0.39183430013595660       0.35498401726124801       0.39722486442816213       0.35619254742163636       0.37070712283513707       0.41345032197548665       0.33436466232627476       0.38913135077095895       0.37101036670701121     
  0.36528619337826906       0.72754445348494667       0.23628564100129393       0.36309283092988709       0.44233768286801251       0.34849892736477361       0.66114380717736043       0.31001392879813222       0.91087828623220879       0.36779205282739724       0.50226495817496752       0.51345679151930701       0.33837569036631165     
  0.37272877932662157       0.41830933157664768       0.34294422665131796       0.35060599030212020       0.41832951242149691       0.40479945633853393       0.35829940738566479       0.32958370174742446       0.35695741140543363       0.39144172510772129       0.36675612265077151       0.37697456810078439       0.33914213353599570     
  0.37436960721861268       0.73774104506084803       0.24707710174543029       0.37886245454335082       0.45874680863122325       0.36085784413577543       0.67245417154714149       0.32136801544117921       0.91475979176590105       0.37492351350942849       0.51670337367013286       0.52616124506167405       0.35326613196260992     
  0.38748339394582293       0.40824187787759375       0.34712357300759877       0.41352539280642608       0.48622400437390351       0.35732752261282058       0.41234503330869771       0.33417704406626497       0.35950418799137279       0.36721401877678733       0.37661551602286009       0.39621838675766030       0.42007836347622035     
  0.38315789591032540       0.74822341130472503       0.25773386273955162       0.39457029331821553       0.47464404532642701       0.37428273602629258       0.68285743367192098       0.33405909157878860       0.91863417010337789       0.38170192359526378       0.53051864320369180       0.53729556504195797       0.36887309951447722     
  0.39116332929661213       0.35731641605827785       0.41461847994009671       0.44382398317213451       0.38638830492525894       0.40934383703241223       0.35352265350280809       0.35108426477692645       0.42298448512382297       0.35484473999614513       0.34373640528729782       0.35820802111591893       0.40165852647605738     
  0.39249615930192572       0.75854174524926476       0.26794050655944374       0.41000053881932380       0.48934847985430674       0.39063269155093716       0.69311339632704227       0.34720336962204557       0.92250287388590191       0.38878246562718882       0.54369676768269937       0.54793720030221882       0.38504340074726162     
  0.41211131680565644       0.33450880044808912       0.38888918248178106       0.33334579594356678       0.39524533033791037       0.35934389149877549       0.38587786657079731       0.32681532831099713       0.35362027129256018       0.36769975085089529       0.39138674075275959       0.32340824779779798       0.37659264749159527     
  0.40233278675436934       0.76878071008433480       0.27817299867056944       0.42564333660817744       0.50310362618426208       0.40708570654285686       0.70368691900107727       0.36001998809009905       0.92579489045391694       0.39609824893820500       0.55630520991503762       0.55774682416500809       0.40121432036723831     
  0.38739204755600254       0.37660614445198026       0.32038551764457196       0.37051845446954940       0.40206645731602919       0.37862764561948231       0.40122420655741214       0.36512549216591766       0.41892239658377989       0.43699680363016735       0.36249127681715843       0.33444896395594670       0.39361550669193424     
  0.41194265182454559       0.77840941676157593       0.28851636712012813       0.44350209535905505       0.51645108896131964       0.42423190486326495       0.71399472874781456       0.37451700274939975       0.92901054493707624       0.40321627847298031       0.56917483880679032       0.56758073991397517       0.41678819180307169     
  0.33590555804165245       0.42423082661420536       0.33567609547298216       0.39008327526602804       0.35313339792092002       0.41247704718813594       0.37709164179621407       0.39847274161302981       0.40466057658136284       0.36215408528321924       0.34787438529088016       0.30509372330076229       0.41373705876116967     
  0.42286700404061917       0.78798901941478083       0.29966296151705896       0.46133381027920467       0.53072602233197286       0.44114127087248362       0.72365516052606271       0.39314440722698235       0.93193783652392925       0.41000952676287278       0.58282994972318569       0.57720960995585424       0.43004274855380237     
  0.42428137753496858       0.38805512007552617       0.37856687544540085       0.36297756269325282       0.37864892421382262       0.37331895855399216       0.40235940970516265       0.34298197251317708       0.34775040246031674       0.39820404454453256       0.45490241536425996       0.39037635994560405       0.40352874252485038     
  0.43372163704297850       0.79724663072755231       0.31158925330419079       0.47618777435550702       0.54532618839647240       0.45792595783495965       0.73378366882035695       0.41184100307878146       0.93501130533009058       0.41680882922989626       0.59654159706576848       0.58685668475059993       0.44290482351332128     
  0.43444700212758697       0.42204116558360610       0.37088142073072206       0.35268686087738793       0.35573489525524205       0.41405667036996979       0.38763960779771267       0.40002846137370873       0.39095102215515637       0.34496461879514018       0.39751903608652728       0.36468551236599456       0.34940979640505204     
  0.44536118155917842       0.80627628559190245       0.32420546114143561       0.48968339351217177       0.55971122801974926       0.47473671511739923       0.74388068016085418       0.42803050864448894       0.93774899236617615       0.42388628425208696       0.61136353255686160       0.59883581521890561       0.45708851971443043     
  0.40277504686360843       0.34940223797393505       0.35214668468920685       0.35275537637295562       0.36133496716114849       0.38174759422045856       0.39631907349468154       0.45058256039122524       0.40171843872148466       0.43831219068664112       0.45298199778807002       0.39393420116255318       0.36331431782259727     
  0.45675230758910074       0.81501681009367632       0.33760903087295624       0.50380583251509314       0.57373477436127862       0.49053784263529709       0.75306906385705663       0.44320822171949492       0.94031584643803046       0.43102373452791376       0.62724876453457412       0.61111864099847168       0.47316391885505732     
  0.38472234199880001       0.38877039749893316       0.38650725820747117       0.35422121565484765       0.40716451964085709       0.35165480739452831       0.39335437606238538       0.33788409985743145       0.36248320827916397       0.35459799484437593       0.40512630868514599       0.31005762977538759       0.33591096468550269     
  0.46764336826344916       0.82365680716178691       0.35091881002019670       0.51720612777172548       0.58844624689152536       0.50521910487886568       0.76136295918988384       0.45767581775019134       0.94284815166036262       0.43809458040941840       0.64278654877907759       0.62558040715666619       0.48929438902693650     
  0.39382660988638224       0.35169902848360474       0.42521966059247318       0.33723549379344853       0.39930456567015471       0.35920231279734111       0.36519441389006263       0.38995628123625553       0.34166764932660204       0.38641333096611191       0.41553329317294319       0.36397052401221619       0.39351287348002550     
  0.47832869861627464       0.83181864453961540       0.36587789648908714       0.52921549632337017       0.60425962202143946       0.51961948542821756       0.76883391707545623       0.47151996821622238       0.94529243633784921       0.44527003924467629       0.65850654263948383       0.63955437102621415       0.50741226033794606     
  0.36298599521391361       0.33742248779920830       0.43772252768822928       0.32025548660560171       0.46334098453434269       0.33601896962733646       0.38019473515561925       0.34059520500924878       0.41912737226052627       0.45446421196291664       0.40645650397807082       0.39169980803999560       0.40512495639880652     
  0.48869940498154957       0.83930764195601448       0.38092218489794971       0.54338940698558869       0.62074478657428545       0.53703394948372229       0.77660660044857510       0.48589838414057990       0.94765482048409655       0.45252916821425770       0.67492116321342499       0.65333061524502523       0.52553957626791636     
  0.44960230708260090       0.35073140674203646       0.35543934506539565       0.36857258595901643       0.41331300399453108       0.39589648104574826       0.38719481288370799       0.39273012021311798       0.36770623601471009       0.38122166037552851       0.45367931736440914       0.38458693145672329       0.41251989210278739     
  0.49787261901182756       0.84649616194081356       0.39659008306541693       0.55640871151423776       0.63743734957769005       0.55382952369556238       0.78456557672253313       0.50007265753193531       0.94982871666526991       0.45967640619352279       0.68842846524307422       0.66768997843693478       0.54307332090552185     
  0.41778250664557021       0.36007679900086026       0.41783124286166273       0.40190235832122140       0.37745760855139943       0.35029172929257441       0.38203104446717079       0.38633922621484895       0.37756297240350328       0.32498857942073917       0.39209775070389652       0.40674548604277461       0.40128845832068177     
  0.50727192815662536       0.85342675761333020       0.41279267831070776       0.57106486412047985       0.65402580767026808       0.57021560589719489       0.79218552694511257       0.51374771135384234       0.95193463427735114       0.46720454516036497       0.70130995913090544       0.68047663604816044       0.56041865293105542     
  0.37178517353410362       0.38108599254467801       0.44048961866938913       0.33443755744467762       0.40715331744344185       0.39074821195978632       0.37771615714970691       0.35096349250264303       0.35821157116026731       0.37526991879180505       0.43489871595841118       0.40197682390967565       0.42587710524266764     
  0.51731934251832967       0.86005453083874572       0.42857835545473549       0.58647536625992402       0.67061853920174541       0.58654545208148745       0.79948230789245234       0.52733098669472023       0.95412600568398043       0.47477279605707817       0.71399103155092636       0.69286672688712325       0.57806462393530544     
  0.35181711385492859       0.40722981286370313       0.37276243043816254       0.42265260036115410       0.41714570222741576       0.41223040631803587       0.32381255892124600       0.36375710190667171       0.37372877305301466       0.41120183008566746       0.39095252787952295       0.33679230104454272       0.38364573258905238     
  0.52798720763779738       0.86675880290780394       0.44432355111470284       0.60165786350345729       0.68751754451713631       0.60315078545589917       0.80687843346949861       0.54102979223901515       0.95634009918219776       0.48192968658829105       0.72628767559988250       0.70543167764879056       0.59576570096439996     
  0.37470799240379038       0.41324071313546079       0.35368320569658790       0.36373786640353473       0.40420953662653852       0.36746378147346204       0.36228449496605736       0.32365405682299947       0.41106537455542541       0.40937046273846478       0.42000554524025668       0.37598002086538024       0.38399418357804871     
  0.53979344645291372       0.87323282726694629       0.46081422412526496       0.61722143814603003       0.70400123899298028       0.61955569432736635       0.81416127130432137       0.55588180090769967       0.95848859306005574       0.48894077296733285       0.73888419098191438       0.71771012504449572       0.61236380506846932     
  0.33733419945351062       0.45193450856374834       0.39506647315600368       0.38737866716096553       0.49999553440135286       0.46051479443781629       0.41019535005831198       0.42440666664356297       0.38698679117481949       0.39078426278978823       0.38333691657277519       0.41341745710572803       0.40815410137051039     
  0.55186387219515831       0.87971780598986793       0.47858053080388691       0.63332221270712497       0.71863577568277881       0.63468078999575073       0.82166078628154404       0.57187446863870806       0.96063097384288543       0.49624793540411322       0.75112442229101661       0.73066522684168100       0.62969367531859433     
  0.41194440564815210       0.40565802312963922       0.37142928158751587       0.37391590444751627       0.42220028951895267       0.36817482957880582       0.36220634012151048       0.32854727870045186       0.36193249185585785       0.33417568516280327       0.44295572169558939       0.35257455362894830       0.36680403841849851     
  0.56303904922834247       0.88622303626661691       0.49668234314264986       0.65000443291382570       0.73198286361425202       0.64872760351049796       0.82909379696688867       0.58729444430657052       0.96271401104127907       0.50353074525968655       0.76237748383377058       0.74445908669974969       0.64980429947040230     
  0.34197395219903914       0.45491232031106443       0.34316624995400008       0.39120481750214364       0.41524740952823713       0.37683931474230753       0.38163923057554944       0.33726269145928750       0.42680624694233960       0.40704103254923740       0.34342567149302400       0.35598241517209406       0.36271907798662623     
  0.57354610441581777       0.89188282781504058       0.51520924452896166       0.66615686418172237       0.74426095638153877       0.66349334052918429       0.83662717454355129       0.60305914190221555       0.96482846530325139       0.51048736829851138       0.77294519535968509       0.75782739961855639       0.66887090534560245     
  0.32012654510810440       0.37610053880788141       0.42128821374802938       0.40129703347614454       0.36312450607046626       0.32971374771196837       0.40683007990843251       0.46613201192287995       0.46308121657565515       0.40075188169897930       0.41821827535446254       0.41078889600252300       0.37737509988672829     
  0.58453257167028638       0.89712331489995067       0.53546682222278852       0.68163429332406744       0.75696461623857814       0.67904199920759700       0.84437880810560473       0.61904342046550642       0.96690186816508661       0.51831366199455831       0.78327328659145312       0.77017100424826290       0.68816951237026136     
  0.36542308391788647       0.37580378134973841       0.36168606786314106       0.37319330616454532       0.34221898154830238       0.38490402474356616       0.35443118613404440       0.31900083683014369       0.39441306018183447       0.42349950317543678       0.36609507247360346       0.35954341964182002       0.41141364750086984     
  0.59663866851211245       0.90290530916144329       0.55601647074085259       0.69719252766217010       0.77325828545810893       0.69437108079567744       0.85195527911667557       0.63582909422228007       0.96881071730746404       0.52700353865672367       0.79361747226780222       0.78251305886013578       0.70804808453165513     
  0.39721230569680605       0.39389273130377350       0.39867768915199303       0.42094202728886460       0.50715906342003947       0.34357813251805169       0.42042039196512038       0.37796101354184358       0.39133060856659596       0.33220231961973784       0.38673511468679345       0.41947657455226262       0.47543736991311497     
  0.60935808301490746       0.90896365227163789       0.57654933567375921       0.71369616415873560       0.78903917848499350       0.70848212063895766       0.85985341886607014       0.65358224224517714       0.97062434454313440       0.53540060359070507       0.80423455898148632       0.79446247939332393       0.72753821543001485     
  0.32223139925736871       0.47699589294138234       0.35767374739727292       0.36548020056023267       0.36733427384944278       0.40685562136066988       0.38688326856232358       0.41116602684004527       0.39632743656195413       0.36481389052457003       0.38707107563379844       0.39543778829657061       0.42552372820097767     
  0.62146668056095455       0.91467997002804824       0.59726921832836810       0.73087944488527234       0.80527778945687190       0.72454459664441007       0.86775193198066403       0.67111961174510193       0.97252053035020425       0.54340340602287152       0.81377103630398551       0.80591369153450576       0.74673857234992380     
  0.36710422235360862       0.38497707078056376       0.35856678619275661       0.38498815382676566       0.41940931811832027       0.43625092088215844       0.40915417812948529       0.36229858802093134       0.46350551997241474       0.43462377710974526       0.42777751070917869       0.36443792029991667       0.46899200765948934     
  0.63330557446732660       0.91982061584282515       0.61982222314328439       0.74785230513356704       0.82050949783903859       0.74228648841474276       0.87601451925596074       0.68970318447569512       0.97398312778522766       0.55151749453050003       0.82256067596751747       0.81743389380496068       0.76559087742107612     
  0.42179102914036698       0.43456364374575729       0.43495411681918827       0.37948185232282133       0.32772070448529844       0.34822353058885958       0.47251275054196956       0.42506722966639870       0.45751416234066161       0.38860059228316912       0.37579849527823367       0.38570144637001980       0.37987123862202687     
  0.64467778485010752       0.92488002940434610       0.64276008067188584       0.76455391218533209       0.83447613429400835       0.75931469266571594       0.88430924024590873       0.70902544201358342       0.97544219040075308       0.56015852615724837       0.83107739048370632       0.82850766146036103       0.78185659275572517     
  0.40213520764510363       0.41473336588223125       0.35457443729465798       0.34482602489306380       0.35071521677752282       0.42758601004359464       0.38513146775621115       0.45417411921630069       0.39905071235015610       0.32092378563689400       0.32666939805448869       0.36696789635584759       0.42012709578404139     
  0.65587864554634201       0.93040321871517384       0.66584232643056107       0.78022686598538171       0.84800064811756537       0.77672386660108772       0.89179667498532633       0.72802119412343858       0.97698434791601640       0.56910931401779274       0.83957090151425551       0.83921830662225894       0.79797236360376333     
  0.31887726044236109       0.52757673115147286       0.37948034759242605       0.38432308774447088       0.37430466662574519       0.38086398744476851       0.37866159904162827       0.57322829079466264       0.36503153490276485       0.54662903142317210       0.40525661928515916       0.40387921395072579       0.35795593069569337     
  0.66760788414113281       0.93587205150503783       0.68839742630646528       0.79486487551168516       0.86107317819610307       0.79411431062174020       0.89910604886589751       0.74944654128796284       0.97837127003346203       0.57824672367698238       0.84814412267388239       0.84882274865332441       0.81380339159525761     
  0.33875514618755487       0.41556100883095903       0.35676741067105311       0.38631300421446046       0.38084226951174555       0.41013157886659318       0.38460411001372602       0.40975739447105752       0.38478728040972532       0.36196013163167884       0.34394387627891082       0.36027310849310357       0.36757634744808243     
  0.67989310127070179       0.94071694988222698       0.71170563262133457       0.80955935057856165       0.87392066400480961       0.80946745911689000       0.90631145609938335       0.77002586649892457       0.97956828525646100       0.58845613663315699       0.85640182090512695       0.85880203798317922       0.82899488539098398     
  0.34100482182491970       0.37740041952875325       0.35724322361176725       0.35538526310278301       0.39809481289353127       0.36734822899706510       0.39440928200721254       0.48878433984303238       0.34094030942846670       0.41261119647663247       0.34516466382905103       0.38530129242574618       0.38502942301541043     
  0.69207789015867693       0.94510371184919895       0.73491013290255758       0.82429020868419256       0.88675360488288080       0.82532739706094116       0.91369122444818907       0.78936716717278965       0.98079571632242302       0.59941571881415001       0.86493751371359162       0.87083549486670042       0.84371300784808934     
  0.36005017679059642       0.41486850149828575       0.37672945563275806       0.32730425074504754       0.44840021325121077       0.34813511839600725       0.40739845441617861       0.41893105973979150       0.35275342625660772       0.33771452862624063       0.35555954076509616       0.39002788724718329       0.39262494423778044     
  0.70836968726506333       0.94951953211937989       0.75891318057005985       0.83877070607256621       0.89926320046404873       0.84227803926612321       0.92115568548355975       0.80805299323938096       0.98230807632382855       0.61036158084677616       0.87572890726147112       0.88272852561562887       0.85756268584593676     
  0.44983056153592010       0.46167194227213587       0.38884302652345215       0.36007532558190786       0.44308476030113236       0.34537076519797627       0.43553390323825814       0.39375688912899515       0.42853240965663308       0.37277304517677295       0.40933238154612045       0.47475545205028447       0.36380483211556169     
  0.72406069188437550       0.95404397833452081       0.78516552579782473       0.85326340817531343       0.91120277072499212       0.85891585285489780       0.92855555797993550       0.82665887747185085       0.98397438707383134       0.62158796584346365       0.88580205989859884       0.89480567923818033       0.87239477987102787     
  0.38905857054306853       0.41299962839541227       0.40974336717254656       0.36727505604223531       0.35316653384839974       0.43031541071125401       0.36833445409215237       0.39017245965695874       0.59023701334154854       0.41404470936781240       0.38981710536576375       0.41828024575544076       0.35580374376305135     
  0.74177202801348407       0.95836186273504498       0.81223034820228734       0.86935444984147847       0.92265813286373943       0.87468073625548703       0.93577371615573668       0.84556599401634802       0.98565622956178478       0.63303846471674352       0.89708300920338158       0.90680990021807861       0.88788749586207805     
  0.43903936394231435       0.43435129771744624       0.38274541083295649       0.36768975277289340       0.35614661889273019       0.35403200959333730       0.44900555056367247       0.46516072080996190       0.39411782287561231       0.36325335720271851       0.43409983609987318       0.41812452548361245       0.34315242002015772     
  0.76084093773952188       0.96253530569432477       0.84155807929959070       0.88555193454471393       0.93378734404150110       0.89021400555629426       0.94285011630105431       0.86440983001424387       0.98718666777990638       0.64745827999066652       0.90844401564503052       0.91858614124426374       0.90340135835025404     
  0.35053414359323565       0.42825849735338345       0.39418185538971401       0.35999662453624220       0.40640698884058685       0.38160427710002459       0.46711018962757883       0.41365455647705790       0.48908968212254350       0.42557108450689435       0.41760133911897013       0.32983474775020133       0.37237611746874721     
  0.78090777331164707       0.96682962071155909       0.86845968927613260       0.90024715697800306       0.94394122928148283       0.90686454537278305       0.94986090510367760       0.88435800123767450       0.98868340135334221       0.66210249444669045       0.92020373865801874       0.93063251859405771       0.91807739836912439     
  0.38677664118390737       0.39316961436863940       0.39637531898329975       0.36479554107460282       0.37735376125023312       0.38188557067180140       0.42625004791595872       0.46231663189409733       0.46631393786935832       0.40104615377817987       0.44671500518539337       0.40114070975922056       0.32998608441218641     
  0.80168565117047086       0.97122666520053713       0.89088875611543583       0.91401148181593916       0.95345086791480749       0.92450268930823287       0.95645073623127053       0.90465091381116747       0.99021340826099435       0.68014303507928620       0.93247775328187266       0.94352535522816461       0.93165483957030659     
  0.37532356404470030       0.38229435737027478       0.34780820674506924       0.32775012904477446       0.39174043181032725       0.38394126222071162       0.36756031193551941       0.38052388811901083       0.46802865667084642       0.40071063353967901       0.40614475723792764       0.40079437315357053       0.37734830291271687     
  0.82651742831154185       0.97566415458460298       0.91525729053011429       0.92934820195231505       0.96316274622076226       0.94077152249135299       0.96330114114327736       0.92499000059129677       0.99170459696247293       0.69891704624956597       0.94549338268916538       0.95625929123688491       0.94542956951671242     
  0.32667228162332845       0.44379616409414047       0.36892185830736418       0.40426874055313411       0.32874722581687360       0.34155101316324632       0.34167013383999800       0.41860682353316875       0.46971754128304555       0.45260404929424236       0.37430043561691689       0.40440096130832048       0.39012822651137713     
  0.85673483686227869       0.98041816732344267       0.94058959088904570       0.94698246964839272       0.97280538337704436       0.95576534649896727       0.97038282877670279       0.94538955059883767       0.99318428732314756       0.72271429206209303       0.95883914056903097       0.96803259204867742       0.95947310264857666     
  0.41988820175758002       0.46304399341286329       0.36753451766667977       0.38432221154795121       0.35647704783562073       0.37540548377256078       0.37436649735935579       0.46500642055243258       0.38101431504237770       0.33877049907850881       0.39214668143336034       0.39439334358672695       0.34233844578916933     
  0.89146922435836307       0.98543200878887749       0.96276733447050611       0.96423677818819609       0.98194728913724083       0.97006823961803379       0.97840714392550621       0.96457929096742145       0.99480106420958636       0.75958421421986444       0.97241668931433967       0.97928677279565557       0.97399002142330371     
  0.36469136543141084       0.40860336009853099       0.34181330105352387       0.46325915341922663       0.33419476952319149       0.42685029384554285       0.41227395142120532       0.38045203299380248       0.40482633720320516       0.37458944648143450       0.38948077020969307       0.41295772392972901       0.35343942278918916     
  0.93557208489824950       0.99199280330849282       0.98160075435004834       0.98247482040110912       0.99100585234669036       0.98388536123440717       0.98786195559928436       0.98215151179116478       0.99703053571616862       0.82685345971901547       0.98649451606537886       0.98930123586088980       0.98743876143471854     
  0.35048555184659341       0.42688929754751631       0.38504044715127833       0.49296711365170726       0.38133256232659624       0.36220894738225196       0.41000543330721267       0.36870114644482799       0.58785972048091550       0.35458301014617910       0.39808550027447343       0.37882421468430399       0.37950834696124186     
   1.0000000000000000        1.0000000000000000        1.0000000000000000        1.0000000000000000        1.0000000000000000        1.0000000000000000        1.0000000000000000        1.0000000000000000        1.0000000000000000        1.0000000000000000        1.0000000000000000        1.0000000000000000        1.0000000000000000     
  0.31180818417634465       0.42929121642711521       0.36198812871871866       0.44122293848189220       0.38612190625574744       0.44109910707137140       0.42581984243716775       0.42278756367217729       0.35371448110917747       0.32410690977702966       0.43852042333919261       0.34537723359292860       0.35559334238810902     
   2.5344246410820994        7.7449456532572496        9.0986265784692915        8.8644410627584396        6.6204242787138599        9.2921085121458482        7.0836648567638951        8.8623284784761776        0.0000000000000000        6.9993124009188792        8.3444369674246825        7.8862575378710877        8.1938037664437431     
   7.5846960674591948        6.4791437026174430        11.692507564844801        10.633729933749805        7.1463485327721745        6.1270679594170323        7.5992704839376186        12.618808829319308        0.0000000000000000        5.5594221053810671        9.9182546480154290        6.6259379813894572        13.155546663278532     
   6.7158030999518816        7.2205285380899138        9.1265676746568207        4.5826573031855267        8.5208465071789004        6.6434164067623298        7.0973716789161472        5.6897404583521922        6.3624775950094312        13.515595558994683        12.702411332196739        6.8690329408715360        7.6361405200969159     
   9.8681843081942535        8.5178835959135313        7.7706875685715415        6.9026496747751818        6.6469076708765895        8.1289915975428446        7.6924456726848423        10.018130979846822        8.1271671802595336        9.2860265897149645        9.7047791447334859        8.8740222008008480        7.6385466501752539     
   9.0485694204870253        7.6094456133800303        6.7925517554885655        6.7347032123982586        15.021624171275638        6.9144193792700994        6.4749216641471596        10.355522256218045        9.8177842709708543        10.992731145937082        5.5955991586392235        5.9224553611938298        7.7755170540914298     
   9.1065447875833794        13.957003836750468        7.6691920916190783        9.4252379351852174        10.551538908394567        14.438828247538174        8.1070914989213563        8.6457357703382876        9.7296093948020399        6.0369724898401449        6.6907776966170989        8.6115652799411624        7.2822835253907270     
   7.1990368913209739        8.7978178520803247        8.5685756087149247        13.208136947292459        8.3763789783609734        7.3473445310454464        7.2906765681682133        6.7892682830416033        9.7065114967838984        7.6722537099126606        9.0355639207846110        12.709127776647838        11.795330229620248     
   14.096422852587121        6.9985619990441794        9.9543599581292295        11.582753762912001        9.0619382811982110        13.445174585536240        13.755695133565677        8.0216937603738145        9.8869132544862417        17.733096428190347        8.4374668174246956        7.9283938281050084        7.2727039861368405     
   6.3451967826170265E-008
           1           1           1           1           1           1           1           1           1           1           1           1           1
   1.0752519619222989E-007   9.6889424256745193E-008   2.0988914361121910E-010   7.9894610738859484        1.7642458109398115E-009   3.6859767832851103E-012
   1.9044158572955959E-009   1.9062211982218111E-009   3.1106101880368317E-010  0.31992199300790547        3.1094156900168479E-010   5.4589595432012444E-013
   5.0000000000000001E-003   8.9750827353176277     
