   0.0000000000000000        0.0000000000000000        0.0000000000000000        0.0000000000000000        0.0000000000000000        0.0000000000000000        0.0000000000000000        0.0000000000000000        0.0000000000000000        0.0000000000000000        0.0000000000000000        0.0000000000000000        0.0000000000000000     
  0.23111641525333160       0.21626166275644024        3.6432015677063242E-003   4.5530951432137388E-002   1.6599966156524829E-002   1.4117854766015811E-002   1.6066526310619764E-002   1.5673211114007150E-002  0.64702651214003681       0.15551365562363215        9.4867786426397621E-002   4.4713639175100642E-002   1.3402928174277637E-002
  0.33307962888488479       0.39092165744513441       0.43577967432594544       0.35073360442062829       0.41507624394307319       0.47278309896573872       0.40065506513266086       0.40239657266675311       0.30973388747283381       0.36776138638083911       0.38033217786110496       0.47735675921017462       0.41604636449958926     
  0.32640058894151475       0.30925638224047314        7.1858674364162541E-003   9.2088897186206872E-002   3.2056942345469693E-002   2.5632859713699416E-002   2.8775095069734118E-002   3.0922250045596872E-002  0.72841277496073509       0.19807867054147979       0.14565948753160207        7.8356360051479959E-002   2.7078713556205183E-002
  0.41710804245628463       0.41029062101039732       0.46353312254002632       0.36600295878349393       0.34094254322704071       0.40588038935369242       0.42556762512861751       0.37008566217411965       0.43516746932822664       0.55330290513808056       0.34700690223865849       0.42099486652293333       0.37986401370407646     
  0.38575223592155955       0.36497952172574410        1.0535739730097797E-002  0.13326691543421063        4.7250775694160280E-002   3.6473689524636352E-002   4.2046840795859672E-002   4.5822837308737235E-002  0.76880727617857414       0.22081443746884943       0.18035301597486569       0.10794922159751136        4.0723102905332605E-002
  0.47214429389758705       0.43157356874143615       0.45407512637318886       0.33854459224814676       0.38413490803731842       0.34630079587823037       0.40218536983677000       0.41743836528189132       0.45891865013229982       0.36381194921719717       0.40614267387351832       0.32829277155272307       0.36299093682729017     
  0.43263137958447018       0.40282352213823197        1.3980272495270370E-002  0.17102224582385050        6.1971636742671171E-002   4.7169276560998147E-002   5.5337421635471257E-002   6.1151951818773607E-002  0.79483351165428395       0.23549219751842460       0.21011242335827074       0.13299894704897747        5.4699813555327929E-002
  0.35948619097439333       0.42270247163752317       0.43664591355988913       0.37139059084137671       0.41908550557199264       0.35677158893006750       0.36273751216184014       0.45029876894991533       0.46231813525828952       0.42489695603172217       0.41126742789809856       0.39315773671139859       0.37164282324764497     
  0.47199822216557935       0.43515456767324584        1.7704886300034989E-002  0.20857536424588788        7.7442434639877725E-002   5.7248006954098429E-002   6.9380778224517381E-002   7.7255967226574351E-002  0.81451844547698438       0.24681924013958240       0.23722104265111665       0.15750505623500105        6.9448361859381177E-002
  0.49528547685435714       0.35654481584813119       0.37315709730638802       0.44772316718900640       0.41085963230449929       0.34985964638875211       0.42650649040523442       0.39898230586028111       0.42091687830680158       0.42294146256484044       0.45304741419510930       0.35163736650064292       0.34511483089823347     
  0.50404122347488256       0.46405793563116832        2.1816793268960171E-002  0.24292801408651163        9.2208894124421403E-002   6.7652327738058085E-002   8.4770184947353194E-002   9.3750317247273784E-002  0.83057871896816526       0.25554832761349755       0.26140760419616327       0.18353845761617427        8.5132705217961763E-002
  0.44198696102487939       0.43686700791467525       0.47118891286928133       0.44744336949873459       0.45776248142554998       0.43666067733282676       0.51091239209795070       0.42502796814729188       0.40106526232046402       0.37804990417910095       0.46139095827096743       0.43658111805600608       0.45738756384777118     
  0.53301280716590083       0.48893038720494358        2.6256006295925491E-002  0.27583593593174455       0.10724558890563475        7.8888246177374735E-002   9.9796658202092742E-002  0.11089751312529478       0.84355434088600023       0.26392402639234264       0.28352767954593600       0.20997020036552594       0.10100617887106900     
  0.35183012539641806       0.35354989251884106       0.40363475940091459       0.35899214298242094       0.41321830462943110       0.33276565236520800       0.40426227308269103       0.39259487347748312       0.35332363108927645       0.37662425321404885       0.49240050125761564       0.39525798398276429       0.39912083401973197     
  0.55849057026516880       0.51133089734746118        3.1044887416864130E-002  0.30719420752399906       0.12326520455945095        9.0702056707606671E-002  0.11526217217586880       0.12838552793699756       0.85424947261591255       0.27249365627029926       0.30430683876839004       0.23481346811340101       0.11621692990742259     
  0.37200661670876545       0.41521384247739518       0.37979969994069795       0.40116112371965457       0.45669459556725694       0.39510186366387290       0.38249832814217682       0.44573764130653099       0.37918862823452104       0.42022354946863821       0.36595202198513388       0.44531044903823847       0.32655760301820974     
  0.58222249252346736       0.53145794434461890        3.6414362367246760E-002  0.33698576620418746       0.13940883038801777       0.10646804368869356       0.13132770039047367       0.14593965486440486       0.86367913977091759       0.28046255614348775       0.32375134050578935       0.25985342012763402       0.13113490327041222     
  0.46310848237554186       0.38682208277646751       0.44878304758655346       0.40085415102181393       0.44548832917507164       0.40283404348302948       0.44031184054358491       0.39534838794526750       0.42166237299310971       0.47954281736227428       0.41151568144799416       0.45573579813346565       0.44810287782237118     
  0.60348129540807594       0.54928777121231598        4.2251531540764470E-002  0.36549083980511193       0.15788675935495960       0.12217596230787520       0.14733843201950547       0.16334359478534466       0.87196154681492233       0.28798804990932275       0.34113723452422462       0.28450504961303991       0.14648295920200841     
  0.37435414636738384       0.34894579894580569       0.42680682704203854       0.39898922743853310       0.53512999671603545       0.37131148700189942       0.42164745196204695       0.39799518885179352       0.35910919709065908       0.37239961158213297       0.42336033680392476       0.42243175560393870       0.43719767381426206     
  0.62287723254939420       0.56592983186225843        4.8603780326476831E-002  0.39146567758666323       0.17580935472487988       0.13730072808605492       0.16325884961192480       0.18032115213599276       0.87942090063607636       0.29521707179957812       0.35764019607878317       0.30646248897021194       0.16189656108740968     
  0.40901300040911015       0.42695044217436812       0.34004580030128739       0.41538902484549756       0.47291942875560489       0.45527124090080950       0.45903450494244380       0.39949494280174991       0.42481019904528994       0.45813394791624440       0.37256196673200237       0.51808275619992472       0.38947569798821730     
  0.64093676367932617       0.58181126516827875        5.5792322980090438E-002  0.41733038625270319       0.18946548851670583       0.15177124793415203       0.17902067124639451       0.19677255669785015       0.88630810336151356       0.30226490351366470       0.37435102763779438       0.32502738647237228       0.17604919356044305     
  0.43637028512136794       0.34983583248017708       0.44268252472392128       0.41015429047592161       0.36192424350014085       0.42631362361177400       0.41570666551560348       0.43219427466042021       0.40095707071127673       0.37484984309340441       0.43137060356390505       0.33026580660336835       0.44260657085936489     
  0.65772426651797089       0.59682310425876695        6.3611334343752615E-002  0.43968234207146384       0.20291589413647079       0.16608201126014430       0.19510253028157903       0.21364087471869750       0.89311690247488240       0.30899644138424731       0.39189034492504654       0.34123240324872184       0.19143346461470825     
  0.42017479489411758       0.43955381574307023       0.41310154582763631       0.36645339801119814       0.39600817925498744       0.46699992436049959       0.41041794246919061       0.40271526201087715       0.38875028433767356       0.37779278822261736       0.49502610147885878       0.40261640806409671       0.38961358156642195     
  0.67308984248342085       0.61136602560211506        7.1742125946595528E-002  0.45961467274537798       0.21577089504023406       0.18070167440515664       0.21143042319656799       0.23051774736204825       0.89948480538355780       0.31533982032276142       0.40919094035667197       0.35728514327899719       0.20800576595157300     
  0.38937926886102175       0.41286864816409308       0.40997922893923233       0.41959945966864393       0.43614624382253209       0.42728928523436011       0.46670822470009821       0.47386484014691377       0.40545401207308090       0.34820766309410223       0.50228201589893795       0.44424286676362157       0.43654441151355533     
  0.68734757322696227       0.62585665598488660        8.0052060858172111E-002  0.48078338691262346       0.22851268750926185       0.19622751757909643       0.22778843680141167       0.24671261550251156       0.90540436101319344       0.32158502012477463       0.42555424634507238       0.37528508054713866       0.22279036840518338     
  0.34945512053097533       0.43616242074234879       0.42599238834384601       0.37189925550540570       0.35358654344734886       0.36288326582714786       0.46304890593516701       0.44240789754398935       0.40471453469164415       0.44123565992228669       0.39313089230662590       0.43641809906721302       0.38097483723587117     
  0.70096583834922288       0.63963056819632302        8.8993446540343912E-002  0.50212624197257871       0.24527881348616429       0.21219729687775693       0.24395408504675631       0.26202979092820478       0.91097099009086901       0.32808430077577128       0.44090848730955023       0.39310755936653052       0.23698494907003559     
  0.36919377687679505       0.38186570583310181       0.48013191144238265       0.38946401896546196       0.41728660021868702       0.37658193164930032       0.38166843329643102       0.41214019825320408       0.35937680445331538       0.43971857182012647       0.37727934582795036       0.44624291733526239       0.41283754610107798     
  0.71459724088264698       0.65197954060174723        9.8674762496381171E-002  0.52200718528672563       0.26146442063095748       0.22681984113323816       0.25957561225611364       0.27786816722580499       0.91601398838593262       0.33499296553229690       0.45570708898947537       0.41066699080381464       0.25157762143586720     
  0.39191383270508140       0.35368908153250794       0.41525061620191428       0.44207729986511873       0.43647783542582480       0.42858356994110713       0.41939699959136983       0.43732317554719280       0.46357440892137236       0.45739239590027131       0.45315502352594700       0.37194802195455257       0.45266224539049865     
  0.72769191042937498       0.66399524628504758       0.10884572822054141       0.54060503694610307       0.27839677189371453       0.24059505776359519       0.27483397475331600       0.29524977424181414       0.92062831969127246       0.34186979027377695       0.47033723979258846       0.42759932069653878       0.26716166538536151     
  0.42571972822808468       0.33904657723708143       0.40006480665225852       0.36000872954655422       0.43778611269112561       0.44835346074244298       0.37461813201832345       0.42296255414321704       0.34788344497821999       0.41018648368686511       0.36289459563172699       0.44001170127776446       0.41647228633679267     
  0.74043124609977229       0.67583379255265141       0.11941901785473866       0.55716203691591282       0.29495935088130837       0.25554952959072980       0.28938987733383115       0.30959861115476733       0.92481895528062952       0.34765499772291297       0.48559466623356623       0.44414302553836782       0.28425630399460289     
  0.38628691941329341       0.43839690112918689       0.46859366464358115       0.38537585961806670       0.42742887443605310       0.38397544464147354       0.39200904651091945       0.43692869266405354       0.34974410888739449       0.38145151247753162       0.42966830825577607       0.36809975617398438       0.43869905676727677     
  0.75207419686723376       0.68737728605632697       0.13001875586224354       0.57256198060918229       0.31099389390747734       0.27198226102169915       0.30424285541328994       0.32127596427892091       0.92883819035654558       0.35309153371226698       0.50012903107925621       0.46053423765033702       0.30135899281006445     
  0.39834314106826790       0.40197394571333112       0.41226172261221039       0.37957640696743405       0.43213010085284087       0.43185811427451093       0.38387993271329796       0.34718875280515094       0.39144937602797714       0.43131475676539394       0.45628253231527660       0.40591470759643877       0.39360433379111781     
  0.76328345201853109       0.69863976966802022       0.14038122062647890       0.58810927511989364       0.32705060466769187       0.28758057064431558       0.32026498869387221       0.33317045664781658       0.93271048909813048       0.35882860406372602       0.51369927890955147       0.47591125399959683       0.31867938013966901     
  0.39486605393173935       0.47234182569022720       0.45098610998537647       0.40106586656760229       0.37091231268407970       0.39073129936826789       0.49631181146068098       0.45158304234877666       0.43626284881391264       0.39887037155774174       0.45692871657652440       0.42462463469160167       0.43899905239942133     
  0.77472613651633326       0.70982110691755729       0.15109926751669500       0.60487487463526446       0.34332880942694050       0.30310858014169650       0.33686439650956257       0.34675658234729007       0.93632590329250520       0.36496463324692052       0.52725027944920533       0.49139327546948930       0.33479598557360735     
  0.40280891712076305       0.33632918521286320       0.39399062898700055       0.42440475473216455       0.34416305109588469       0.46669485573685865       0.48607448959329547       0.34875262381149480       0.42739011250170972       0.41104520379680948       0.41499117047600165       0.40317046943180102       0.47511346780951980     
  0.78506284140036686       0.72071953125697741       0.16205939346120898       0.62083710539704196       0.36015957073374616       0.31889603829778285       0.35337700142544115       0.36096792575162789       0.93963795394655236       0.37123631207778773       0.53965657471460782       0.50715255277797766       0.34940287338161802     
  0.36969654069383356       0.42713524066708475       0.39812743402056705       0.37197737105915618       0.47836138786543853       0.38329026566379776       0.39839595643345332       0.34271354785218372       0.41414145304248551       0.37102696422098741       0.36152408006399583       0.43242582591380679       0.42742689720050658     
  0.79466857415333658       0.73091744348736654       0.17382796028085978       0.63661377111222939       0.37653456991816525       0.33568059481646678       0.36924807383711633       0.37462883100984956       0.94280638217585211       0.37740107015962276       0.55099192087598048       0.52205512407899868       0.36421444908163902     
  0.46930603598073761       0.38499418012282788       0.36693466331378044       0.43588774948416259       0.40628663355987604       0.37421277632282507       0.33382436118901204       0.36352759331346868       0.36829170151354401       0.40098752562602996       0.34403332618174998       0.43719420823073718       0.38478965060063197     
  0.80408796034907382       0.74075934670885513       0.18664684079269148       0.65250482462748738       0.39271307468526917       0.35231522722550457       0.38491441158417355       0.38880673458366061       0.94583960024275704       0.38371627173516881       0.56274130958493962       0.53615813625562603       0.37942210351684319     
  0.40805918174389239       0.37238115533769045       0.45035742876692225       0.41018183862274127       0.41407776041506644       0.42744359204882215       0.42857872471972180       0.37242447068700729       0.41440304257980887       0.46722827789917315       0.36964210424779853       0.42995447283820509       0.43965110841103011     
  0.81310835131376713       0.75042151831751935       0.19984800631004712       0.66730898144829165       0.40809302116955914       0.36935085229812958       0.40091166146534812       0.40353298093596157       0.94867066932954824       0.39003262092589086       0.57520286762276507       0.54989812321127263       0.39479205842533066     
  0.36576758103060336       0.46448522278660415       0.38846178246064827       0.39452757649163001       0.40295542776483761       0.51857790698213335       0.36071991546361437       0.39899175412434512       0.39597328420477829       0.41978139798402314       0.40013507240682189       0.38843175159482368       0.44760121304722550     
  0.82168230946829446       0.76006559884642211       0.21353321526921479       0.68154652245924063       0.42349628851887744       0.38612739422166653       0.41607824680844152       0.41818653767847297       0.95128981014332958       0.39621229660075841       0.58804117453234939       0.56338435136306408       0.40874711179680090     
  0.41533686251237745       0.38860450820747083       0.41644417322784399       0.40801397860188215       0.42941048871016552       0.37143326767142293       0.41883842036478952       0.40851205151422865       0.38393060441436438       0.41696000063781136       0.37012607216931442       0.40206293080226418       0.41240690553765147     
  0.82982336988725525       0.76986843765504898       0.22719921218374947       0.69488164144814257       0.43868842361711868       0.40225572824915179       0.43031667814445812       0.43323792356321811       0.95364032089281603       0.40220641973574439       0.60082729895061970       0.57695057053948673       0.42202065175448944     
  0.38445781582215471       0.40656364163206210       0.39164995684025206       0.39140237527429744       0.41814836622658641       0.36615722772873932       0.36892481676233280       0.42233989657259852       0.37081899658507061       0.42572169581017605       0.39895572665698692       0.40720118801604549       0.40443330139238454     
  0.83769637051720736       0.77934824350837795       0.24060293532329796       0.70783414349429541       0.45541571633263761       0.41809103084005012       0.44475513293242952       0.44863625257763673       0.95582006154981070       0.40792904617380127       0.61363815541968214       0.59086016638879779       0.43595155598082613     
  0.42201384466354347       0.37979685785215012       0.37500019470130019       0.42862964213220606       0.42519561290266300       0.40950327894821975       0.35731802347570024       0.36915985862359768       0.37898234272194359       0.43153536521963004       0.45443849377228746       0.38661964406609861       0.38746791621090121     
  0.84583608763432083       0.78755687769976479       0.25614477405395453       0.72000238032928388       0.47220748012345820       0.43355397611893093       0.45979156367979540       0.46414619699741733       0.95790503921109726       0.41357024328459407       0.62501751718024778       0.60466482055172599       0.45147067874763791     
  0.41803474858673084       0.42152106993801786       0.43683327555491180       0.39941153430641763       0.41158032746807904       0.44135537783680689       0.40490660993462602       0.42919017082215999       0.38520318662250408       0.35915046229946018       0.41214897615599294       0.45468497677497371       0.41363986259955865     
  0.85371485428123051       0.79489118483759058       0.27297532874915564       0.73199874680145860       0.48994183335254288       0.44811825032314784       0.47568465831018730       0.47746879547672549       0.96001622923821439       0.41955607693647312       0.63868116436519262       0.61802163692965362       0.46793868680737877     
  0.38550792145773438       0.45649764697429029       0.36441271378741819       0.42851565085634691       0.46971574841893621       0.42724542153502260       0.47060356235313372       0.36941921091646662       0.40247769075110379       0.44054455233885303       0.46313370432464440       0.41916804408053260       0.43968721604424693     
  0.86105676751935711       0.80207211106303999       0.29013474582897336       0.74391926533552333       0.50589796777112894       0.46355973791036104       0.49246075672466794       0.48987289951943574       0.96206135609156818       0.42631755522229203       0.65197223067370780       0.63091165378473657       0.48402690492693590     
  0.39242776736395846       0.39045443422765835       0.39139161338692935       0.38682872919789862       0.46356529123552676       0.43515755711145188       0.49407704459936291       0.38264899938617852       0.46103100377502404       0.40767396809554884       0.46743210296314375       0.45022480199916015       0.42561882915651500     
  0.86806893281393527       0.80938365201605622       0.30820676727094043       0.75583137993774752       0.52152555972000014       0.47909774244592718       0.50903588056292071       0.50237110944475560       0.96401734701517472       0.43224016533565501       0.66537444570051929       0.64401810082517430       0.49977384299761340     
  0.39247960434516282       0.40742382506264824       0.42654280476101508       0.45235676488979876       0.45613598116271153       0.41474715261124973       0.38633649243555246       0.40492714321378931       0.39570846369767987       0.43605605922241492       0.44931052498542173       0.41058470594382224       0.44480860015803086     
  0.87503149904943245       0.81668896190173579       0.32653482510757481       0.76757018327558790       0.53686929333231259       0.49501412749319634       0.52502216870262808       0.51531894461707106       0.96589300274466505       0.43796519322425365       0.67667559501777585       0.65720129395620941       0.51553983716983043     
  0.44921546011753444       0.40383538593304702       0.38461468777899827       0.47660490285314189       0.43925820005026672       0.39492691017077669       0.42353012332530482       0.36782869859924766       0.40377918123487000       0.37854668353509735       0.35723335943597129       0.46421191620260366       0.41872465955376170     
  0.88160809121819617       0.82396593052748979       0.34647406942280529       0.77905936416506794       0.55236850770365642       0.50924503959161194       0.53950554287974706       0.53045123632281355       0.96768202628399858       0.44384128601547729       0.68736649917443626       0.66982555727238491       0.53170660776978385     
  0.40061793434925547       0.39310341909900082       0.35263816199919579       0.39331613708998064       0.35269138068087380       0.37111697857005305       0.38587077894285182       0.43173040173857213       0.37711408433819715       0.43977196393048823       0.45756689189635752       0.41784273841538039       0.40676382494235469     
  0.88783863610590275       0.83016308359747149       0.36734737645343690       0.79036004651901126       0.56847362481214347       0.52416293386964596       0.55261365372879800       0.54680018971098243       0.96936973430262985       0.44968961740919472       0.69741403438406491       0.68218210006304270       0.54766348342494875     
  0.43250202851491804       0.42247672780529966       0.43405824270543447       0.42301016225876753       0.42619226532740634       0.41762567863781919       0.37157260623658650       0.35156040824734835       0.42644519535314451       0.40569764029617722       0.37293006864859912       0.45194963910323915       0.35430300152487521     
  0.89389976912640490       0.83595176887286204       0.38921257806401233       0.80161859473400066       0.58315453932736727       0.54009931757218876       0.56522029531551066       0.56240988034594186       0.97095475061133185       0.45617451385123964       0.70806783646589866       0.69516419504891935       0.56416047186530072     
  0.40066459149830530       0.39438825422016954       0.44161057850136121       0.42135132974775763       0.39658238045411004       0.39045677412363694       0.36000978623209551       0.43065375416329033       0.46420466615713990       0.42680432687810627       0.42022711635635046       0.43184292427427295       0.37437953478822028     
  0.89984677659877477       0.84132252058234369       0.41221915270537435       0.81281252215637156       0.59556696576785273       0.55743152775475890       0.57802824090907967       0.57772927823015885       0.97248622634363668       0.46292427539303027       0.71906053801903269       0.70911387944594284       0.58098020114243931     
  0.46912376041149156       0.43353222688031712       0.39691962246165702       0.50134180004187334       0.36816889874532599       0.37753201152155258       0.37833736382143368       0.44618172035654252       0.39664595600778746       0.42276129132185875       0.48301591483275808       0.47084386114433829       0.41051336629480745     
  0.90568774713583278       0.84666345624293982       0.43737081505558323       0.82341015414481855       0.60796421188424143       0.57378237031238077       0.59193590419689412       0.59287149974698983       0.97400228398287514       0.46952055024553446       0.72974183914228785       0.72106336124392123       0.59836237482151833     
  0.36783904090591174       0.36752608204554066       0.42574984606137073       0.42294304288926265       0.40028215699391151       0.48531582978270710       0.36041962312523551       0.40185502223623032       0.44533669128396469       0.43331250730088694       0.40244109175290665       0.44347134044064090       0.43967752634250851     
  0.91121017648744440       0.85247088896404422       0.46411227793030729       0.83424774755262388       0.62051026406707754       0.58881678720909481       0.60799259739975109       0.60794632419123995       0.97551854180508080       0.47620846104263820       0.74025243410170061       0.73273874378683479       0.61555055981846230     
  0.47731322717863206       0.39198096486421830       0.37353460915264630       0.44424483022109773       0.42043653758087079       0.39261849486055167       0.39969827770241489       0.45715742606562448       0.42390310577165968       0.42943024433509341       0.41199496790323165       0.42259129570713228       0.38539165445033541     
  0.91646534997956508       0.85859071654046781       0.49110097232091443       0.84251232471065318       0.63421662791840328       0.60256303929850030       0.62502580090339699       0.62386695232323774       0.97705189169999807       0.48308676181241095       0.75063105256590823       0.74422257213464249       0.63241248360024083     
  0.36999444428480344       0.43333525534479095       0.44533504239952354       0.38336577397496002       0.41326702232828760       0.49572879495065886       0.39079414035302185       0.44176163146610087       0.41876685990732992       0.38142836208385883       0.38393111793022844       0.41216298576561189       0.43911544863876556     
  0.92162635161253570       0.86485931974734909       0.51790170391101775       0.85155461608885541       0.64778686844000011       0.61567302648401812       0.64176476407360172       0.64102831859857023       0.97853925518641804       0.49031048881136058       0.76121085640343555       0.75537299039956451       0.64923277090633491     
  0.39472440583104307       0.37345207064484076       0.51297315892424200       0.37195869252036151       0.39223156512367841       0.40902735463820200       0.41540323093216108       0.38608218083354734       0.39508508588901509       0.41168875089988294       0.36545071616945490       0.35536683097679322       0.50673935690201821     
  0.92666138342932280       0.87150154291578241       0.54540325588287752       0.86011243082075473       0.66074853540710887       0.63022804054221726       0.65791829464773766       0.65820879202267002       0.97987494631751348       0.49779899433349512       0.77180846706298312       0.76878131530883320       0.66572012995550001     
  0.37692875190475300       0.43065011098993583       0.40314612317884663       0.42176357927715119       0.39545027055712534       0.41081015003747107       0.40474888654386881       0.46438285127785023       0.42418171114659253       0.43512139777379072       0.37529130264969235       0.42119067992751741       0.38669357909441249     
  0.93161351045875396       0.87832589130687877       0.57255360247154086       0.86832033203423387       0.67555020922699816       0.64546725572401176       0.67314231144347181       0.67330321317600572       0.98108302047944307       0.50524768951826982       0.78204694115019091       0.78204825915175069       0.68185712273988253     
  0.40061448562891105       0.42353785906756425       0.46737044535386624       0.42774684061755386       0.41181311225389455       0.42076066992892841       0.43632939524234071       0.39951035126367795       0.41343135597264619       0.41370940964525660       0.42850089718173640       0.46817145500439539       0.34296783299544814     
  0.93629189383676015       0.88466478391142034       0.59671037174563435       0.87615506975947366       0.69133879711169144       0.66024006219589260       0.68873287070742772       0.68920938948587085       0.98222551232260202       0.51249254026095181       0.79244278841878391       0.79574686715236664       0.69799660387128271     
  0.34097866248147185       0.38810846920587155       0.35815740600427748       0.41239021199391973       0.34815437840269103       0.38545546803434994       0.43846046232452135       0.39691408860080279       0.43302781200540297       0.41505876040919470       0.44915171804443749       0.38745519833170333       0.46823267275359726     
  0.94042331713113880       0.89029106612846731       0.62140244129934541       0.88346248521996462       0.70863736400579025       0.67420204018838470       0.70440392663993867       0.70532957474943714       0.98335377510048827       0.51973056141787521       0.80249496298854950       0.80879031823445913       0.71411932355557528     
  0.42684590771817266       0.40674567541114831       0.45850154678762906       0.45605572560002194       0.48129887285957196       0.39285907337064568       0.41724284885955604       0.47802704220372133       0.42403437450742643       0.41745301045354466       0.43010895172893221       0.41449690387254495       0.41411028028710406     
  0.94462745120191771       0.89588865600673229       0.64622413004044521       0.89079241137658127       0.72501958231397790       0.68839573496474360       0.72075543474757042       0.72163191461967324       0.98448416267720140       0.52741806383222412       0.81143185941204665       0.82116590130466582       0.72889883399505695     
  0.43180802122412809       0.43593193291065330       0.44548071081807961       0.39844040066667458       0.37579058683099775       0.41428094913493391       0.40913836466555403       0.42754119907332638       0.44573808961128436       0.40095947317106911       0.36704911916167593       0.44603128742878090       0.37502196582451819     
  0.94868694269608755       0.90193611546539532       0.67284569960011620       0.89827374144903804       0.74022874615121648       0.70368201750146397       0.73805920690335181       0.73747832899266508       0.98559641820536137       0.53568493714258625       0.82017311572461160       0.83321165845862333       0.74031019121459740     
  0.38495896852481726       0.47661777383471959       0.33225645868428666       0.42461352075505182       0.38184792440054571       0.40474776404842489       0.49837694648735137       0.41146054127642551       0.45620409988767213       0.43100667068483223       0.34373665244260593       0.40892301750458476       0.39143970139199202     
  0.95262108975782622       0.90782808130372317       0.69856819191885422       0.90540136761503742       0.75702832059548841       0.71872822608080511       0.75502523481609451       0.75395707005686641       0.98664422100417504       0.54410370212843717       0.82873621533047614       0.84543305144187075       0.75140907768633158     
  0.55886142296287067       0.43147372649978444       0.39726869295158895       0.40286749855719572       0.44107238693613260       0.39074082748268829       0.39249008531727259       0.45639677790437611       0.49276258260789335       0.43496829299936907       0.35242890487345302       0.44007967440051637       0.34426233145766955     
  0.95642714701524223       0.91372521694864395       0.72586411068155599       0.91254151120096072       0.77472398623843453       0.73348526195024000       0.77159618580512712       0.77063787374893533       0.98762843316720483       0.55273990732753520       0.83802602514246638       0.85775639692383876       0.76176020117361376     
  0.47204528237518839       0.45818706149335536       0.39960660046114471       0.46080662614420492       0.47587585699104035       0.40810047566351526       0.47184189721670367       0.44826200671471067       0.47850109971808685       0.43696029810962078       0.45162650732272280       0.41979851810790425       0.37761895737878082     
  0.96001540065662039       0.91950552077468517       0.75453153547664520       0.91947374312415331       0.79249445972464694       0.75098629093850333       0.78864614328256955       0.78721069289886847       0.98857256468173693       0.56210601190010634       0.84821935911038149       0.87000893288946457       0.77434840555389861     
  0.47516220687760258       0.49874883198692399       0.47727959382871338       0.54122476400549147       0.42387660406497024       0.43027462306542874       0.47302189216350482       0.42280889387130866       0.45981118639298962       0.36601523966077326       0.45476926643447946       0.44214131781381338       0.40270394176895419     
  0.96363997410469948       0.92540654832537828       0.77999560117221323       0.92633285530686116       0.81000063418379364       0.76686897470146009       0.80469059825487632       0.80425509531472217       0.98948463049325452       0.57156644831685299       0.85858998403322184       0.88116618384735268       0.78943234723643252     
  0.45952528147882038       0.49068385980328816       0.39153141955346177       0.38261716671496548       0.41569097888634010       0.41553070782585416       0.38611648948878718       0.37598990771925839       0.44431915963388668       0.36604866069898867       0.41496226662979746       0.39525047663427093       0.41156635442727729     
  0.96722252889478200       0.93130441510822959       0.80483474693387591       0.93330802324340090       0.82693483124898437       0.78519057752451771       0.82086697431594191       0.82150011346410190       0.99042679264099864       0.58056095259096330       0.86915757716269226       0.89169641591797888       0.80573418910196248     
  0.41475782049220955       0.49757644292438657       0.52642440141568403       0.44040258537453281       0.40450924324366300       0.44579283652545409       0.43479161431316926       0.43870345762636420       0.48710291678093431       0.46971038790552577       0.39154875334576605       0.43619833038559919       0.40444089944031847     
  0.97074439568981319       0.93721228305535331       0.82917392461980699       0.94012140095310748       0.84303518613981931       0.80390000121467775       0.83628743759196056       0.83847517440523511       0.99134425773328427       0.58983352033185676       0.88004769790097614       0.90193637775443825       0.82225879694796988     
  0.42273552425454852       0.58575525445089638       0.38994144555236349       0.47108229777815447       0.44021239649277710       0.56895494765145926       0.49226922411017110       0.45381791805454064       0.47312029237758729       0.35913112275307907       0.36692967996605236       0.34142084536011152       0.43717581704313002     
  0.97415378324694157       0.94299982078573363       0.85177597546728179       0.94697006742375223       0.85815963458803446       0.82310662496789011       0.85306823261119324       0.85544177820810541       0.99222227394830975       0.60007912745474068       0.89117623651807365       0.91251955020303188       0.83835233271779674     
  0.48604438282480483       0.45513560392437230       0.39554072362152887       0.48468006259387875       0.43267353658070473       0.47447748244676746       0.36944419582398436       0.45548800227402853       0.46728607555707191       0.47308897796541016       0.46265774294993400       0.38181146611676309       0.44128565267855097     
  0.97738139449675543       0.94854420226929692       0.87443625268018976       0.95349775795467639       0.87399321033155031       0.84336328333492838       0.86998037684245355       0.87277415359025734       0.99308379549448333       0.61185080590835383       0.90238740807581030       0.92363046144006966       0.85434798288100533     
  0.44261887625128354       0.47166430716784757       0.39433826367635411       0.46740556413813811       0.42000520709672184       0.42442358711315509       0.41694715689828155       0.48706718128996324       0.49488141587781292       0.43243247498540593       0.34289389100042383       0.42421898115088680       0.43096489502206270     
  0.98054771850236588       0.95367191153911690       0.89520204436715456       0.95944456175778647       0.89024077391872791       0.86315522462392269       0.88685665003995451       0.88864732634788468       0.99390305274184088       0.62566405652066870       0.91373829769140458       0.93374924476733645       0.87111107786012887     
  0.51518343258332089       0.46566151984575849       0.40153814754464018       0.39437436498521744       0.37612138665453543       0.43977934905649957       0.44954907096772984       0.39560806526719888       0.42883059591278605       0.40784354749790774       0.47222127023811239       0.39692492597839379       0.45299802743421047     
  0.98328149409200083       0.95864992576116903       0.91506439475670032       0.96529985336217072       0.90539891981118115       0.88231549777485963       0.90424277470413106       0.90376336092215370       0.99466029902308750       0.64080819607861361       0.92565176184525300       0.94435620506913054       0.88897885259510723     
  0.43928632288178149       0.44386777544188927       0.41504034360247988       0.47442698077270856       0.43121866848309137       0.42568678439705954       0.47012882353392255       0.39368409326576254       0.46077149283098751       0.45640046144512159       0.49999099254656859       0.37739009554738717       0.44551397148946381     
  0.98576875828695898       0.96371658289602957       0.93316532255099005       0.97101869180437617       0.92010585285463542       0.90094204107770681       0.92213053445797688       0.91808913347027798       0.99541554560712331       0.65709032787525545       0.93795627688959526       0.95476097615301436       0.90732429675130433     
  0.39902929200060722       0.42840734714121492       0.42712510043264973       0.46763500753519055       0.41492923387492253       0.48682653572266660       0.41648886053080486       0.37527697468555898       0.44846930144234604       0.40037083568278298       0.44958058348418883       0.47047197377783073       0.49558018234825646     
  0.98829100521160684       0.96907495358508289       0.94636412640777345       0.97690058826417092       0.93549366329781580       0.91907611332271255       0.93932533769224891       0.93369356936820469       0.99613100367413687       0.67505078936799734       0.94987954971638255       0.96435471919889804       0.92616788497758173     
  0.45560062526133333       0.33598637594867670       0.39652451812976042       0.45230448355226505       0.40399345615235388       0.43569676039953920       0.49201355012992420       0.50326277247874451       0.42075993056852540       0.47781475729098977       0.44185213491413017       0.36959661319564197       0.43908541823453262     
  0.99081665580057010       0.97507419861942257       0.95915746888012221       0.98271029534456300       0.95075714535264655       0.93803792004077580       0.95644766555343197       0.95055055218378937       0.99682604187497381       0.69478857793041626       0.96200529739558849       0.97390793759134853       0.94513205992793681     
  0.50537975452481410       0.44236592161668115       0.36663214639060954       0.48598492355677342       0.38147103150898898       0.43533956885049208       0.41523694605715572       0.44654564441190447       0.36967260415710806       0.40981808603039088       0.49179474741049051       0.46197529801220211       0.47165673311057865     
  0.99344549997476528       0.98210960891713739       0.97184707721767349       0.98806229209357244       0.96645784651141520       0.95790667940455787       0.97273084948600430       0.96745767784511116       0.99758414413374585       0.72228246246206629       0.97432723621383188       0.98279356943007579       0.96386757471795981     
  0.41420691647085528       0.47968973241309038       0.49698082910710289       0.41689176400396161       0.42098042759560300       0.44851601946920661       0.43021178206618627       0.48357276472081956       0.47687425367972169       0.40955511965134284       0.39915588191952200       0.41798502236049712       0.41049845576306870     
  0.99637659633400688       0.99049463670441851       0.98432281104656816       0.99409449683598650       0.98325594891343382       0.97906418634871106       0.98702711008135480       0.98432479545400009       0.99860570029715479       0.78255913056727677       0.98761589540334360       0.99160156257626197       0.98205745817166301     
  0.46424711809732799       0.48607340187945269       0.45606426911034142       0.44747573393849654       0.44326060721521304       0.44619079637017611       0.42429458766163314       0.44813353408154766       0.44105038501091620       0.51977402004774387       0.55381644410584918       0.41856802255538644       0.49299876125169451     
   1.0000000000000000        1.0000000000000000        1.0000000000000000        1.0000000000000000        1.0000000000000000        1.0000000000000000        1.0000000000000000        1.0000000000000000        1.0000000000000000        1.0000000000000000        1.0000000000000000        1.0000000000000000        1.0000000000000000     
  0.43297692769264839       0.37871730353853111       0.41181565023184702       0.39995738417491966       0.43996629499640988       0.39545123236108298       0.36435127663112810       0.47031458482588440       0.36766761897989597       0.38733163475108823       0.39384023703278309       0.36630345037832202       0.51791407784429822     
   6.4847619779096499        4.7257566653024243        17.081678433101768        6.9526025561065961        10.685244294812437        12.122840198201484        9.7053708773723955        12.584582162471570        0.0000000000000000        9.7415949776947723        8.1189234071157852        12.249090095862872        11.170786870171648     
   10.332059343669870        6.1965247054970618        5.6778234589485352        7.2382961918319406        10.029327183029753        11.130713258082539        8.6773581051968112        11.221943735673806        0.0000000000000000        11.644440196995815        9.4178824855716137        11.181906331257526        8.5035356739902106     
   11.571672219429962        9.3411650929601731        8.4654022282298591        5.7253283527960219        6.8722649227091575        10.884437310201553        7.2733120762844523        11.886530864784685        8.8861504415124148        13.823554894885184        7.7296121043013395        9.7764150629117825        10.400425419904728     
   13.943832667899628        11.208489025546527        7.0168533048908364        8.0179311482458164        9.4024753019332081        12.646638296657503        7.8923297798091054        8.0663359665998282        7.7573475574211015        11.674565445862481        10.881585123990755        8.7898911919602849        15.182214313303207     
   9.0926317300246726        8.3669955816139421        8.9796770442454275        8.1941697984195496        16.236719413888448        9.9880239353066749        14.513999374052394        9.5136222309278473        9.5000604084241171        8.3387937937306322        11.442499495117206        12.831710782008543        9.5076703065217778     
   10.016797226256031        11.075918707214967        6.3616192535205300        12.553783836066188        10.018154531914309        8.6414823490719321        10.451091057199408        9.2596172499868903        10.248924294325354        7.9391827407800717        11.764001995318552        10.142762246455229        8.9253224198095484     
   11.059946734389786        11.542255098632143        7.1398095824786276        7.3234124729286165        10.366623966746760        6.7997904303758414        8.9121899796105879        7.6998665577959340        9.0617989566171975        7.8903002069226300        7.5898898415864595        9.1867872875255010        8.7239579406507737     
   11.755509531387542        14.256041061830420        13.328319352415214        16.277126385663600        10.119169624443035        8.4662454479761333        9.2920576721161936        9.2070570707259272        12.815482790166879        7.7779118858147127        9.8595672461820030        10.592199478792821        10.679100511306881     
   1.9829565029260927E-007
           1           1           1           1           1           1           1           1           1           1           1           1           1
   2.3802523320078319E-007   2.1426268443274049E-007  -1.0211231807441211E-009   8.0927233908309599        5.5911924015466288E-009   1.2676352465105461E-011
   6.6053222192018047E-009   6.3064852613344932E-009   7.5140913595359477E-010  0.31842650138470263        7.5117974761425344E-010   1.5640560539757936E-012
   7.3904865705665722E-003   10.417161640788292     
