   0.0000000000000000        0.0000000000000000        0.0000000000000000        0.0000000000000000        0.0000000000000000        0.0000000000000000        0.0000000000000000        0.0000000000000000        0.0000000000000000        0.0000000000000000        0.0000000000000000        0.0000000000000000        0.0000000000000000     
  0.16596329927361753       0.18998704842893488        2.8440500759006993E-002   1.5814495533922852E-002   1.3868124178940002E-002   1.0860056836241760E-002   1.4591740161178215E-002   1.3428539023762360E-002  0.61348376511875757       0.22064655139637160        9.4494595626536143E-002   5.8690881862430690E-002   1.4108944163402873E-002
  0.27679704535106964       0.32888821030744969       0.36036638894702988       0.29707292004831576       0.35693343765963731       0.36899872358207941       0.35930878794958970       0.31805254643150588       0.32123468831028235       0.29701180983650294       0.35060033922291883       0.34045169362583982       0.32937916402776729     
  0.25078291311808432       0.24504640920837967        5.7146834651059734E-002   3.2467096560929401E-002   2.7710912660178725E-002   2.2785854713530396E-002   2.7370442419899083E-002   2.7277507725853974E-002  0.68310465311439716       0.28331211076208079       0.14323186592645920       0.10332203182741322        2.8041510853570196E-002
  0.31724752350784258       0.37710596918017941       0.33151711835588449       0.38736827647878896       0.37054422326560110       0.30653774773753467       0.38772694799463386       0.32413040356176503       0.35698695933814334       0.36693258634237769       0.29878554956026709       0.33917861080803674       0.35736517207283991     
  0.30287539578001454       0.28030742517374185        8.5451146850221496E-002   4.1046091189681652E-002   4.2835358492784470E-002   3.7041848871553630E-002   3.7884457279031780E-002   4.1750287940157803E-002  0.72105367182588320       0.31811537196778017       0.18189974861882641       0.13754232009731093        4.2219860408732462E-002
  0.32268801551325194       0.36152288812891792       0.33475250408769258       0.31143340459865765       0.42529006678418485       0.42146068816630139       0.30709448182140908       0.34728129453184436       0.30855939186740278       0.32920509672285830       0.39110824739506339       0.39704376866594937       0.38352375191984600     
  0.33248328952863737       0.30581791263878322       0.11374420918763099        4.9961499769729398E-002   5.9012549691876158E-002   5.2451923349410144E-002   4.7210042564600672E-002   5.6747554882853962E-002  0.75095245539200273       0.34197078818562804       0.21628448034532799       0.16700255186456051        5.7577274406387803E-002
  0.34254019230858279       0.37741207021310141       0.28397965894250699       0.28843213175269183       0.31803455104890116       0.32987756190780276       0.34442702600895309       0.32701312455000053       0.35043315348701248       0.36113815745284777       0.36047964700462820       0.30813046838916242       0.40010908470567830     
  0.35836815453198806       0.32519952430691629       0.14108970442188543        5.8764749205374535E-002   7.5552791936492669E-002   6.7349287481927422E-002   5.5829095207547454E-002   7.1704275450520105E-002  0.77142560547057970       0.36157094953014696       0.24619609868049924       0.19545207774058210        7.3319695746537350E-002
  0.31213327878034386       0.33282929171806358       0.29579148760428736       0.37253264945576559       0.32528160441108767       0.32986755680600238       0.40198631329871221       0.32332102436825294       0.33598824933233395       0.32883741198016592       0.36119036209798505       0.40099696639028221       0.32528808497646627     
  0.38522867782618753       0.34180070204358459       0.16684406482389033        7.1241112272707033E-002   9.4975178342276464E-002   8.1835620918406501E-002   6.4945163972491893E-002   8.7194695392355540E-002  0.78642444572628667       0.37732289438824729       0.27008760712048197       0.22436122865111272        8.9003503770496248E-002
  0.33045357726020769       0.42026638082513146       0.33306092386215513       0.28869136095074460       0.39022904133853187       0.35397883155117826       0.34318148388646025       0.33982715023858479       0.31865206643203769       0.34300837091676667       0.42369837288556744       0.33022473310735334       0.33974083518869436     
  0.40984780295004841       0.35830230235681060       0.19268544756294725        8.7489185409632741E-002  0.11246641877033521        9.5541510915594888E-002   7.3996200216312230E-002  0.10282503387572729       0.79899621938529053       0.39172028036597994       0.29166690743302698       0.25010793163769340       0.10478100191905503     
  0.31966602033296182       0.35400364151053065       0.37623312245961632       0.29536807674252380       0.31893978286641284       0.33057108879988112       0.28580570137474870       0.34030864827048718       0.34780950041204423       0.31943124840836373       0.31693846160713363       0.41519939652326920       0.36190361409041971     
  0.43365043393917002       0.37305151105575662       0.21825036318405394       0.10419243086994671       0.12794895362366160       0.10885650501773977        8.3289755998829623E-002  0.11799179539882493       0.81041605569118780       0.40475431323105793       0.31267377467115054       0.27326245885662065       0.12176985887266559     
  0.32500382569732394       0.38545355765710854       0.33514260588982248       0.40123249837784947       0.36314378122382157       0.31598782097677275       0.37478520335050380       0.32762979781015933       0.33139670770902835       0.31269969920865182       0.36094757375653597       0.40186791392058002       0.34892281795113506     
  0.45463820141393391       0.38629800852318952       0.24335856300353226       0.12075364219524880       0.14266315038411179       0.12396592674586890        9.2857421156795350E-002  0.13256410232641960       0.82019918477623788       0.41736474088424008       0.33243977920936829       0.29022874019112899       0.13897125809759223     
  0.34860378182185153       0.32837975600419461       0.29165156230058059       0.45236856146501014       0.36097738320527328       0.34041437561219701       0.38323383955616891       0.34617954229735121       0.34050884989281194       0.35797653904689281       0.34992179557930142       0.35949034891425230       0.33471465454219268     
  0.47274190820075007       0.39768705659295756       0.26401793695892317       0.13617704417875245       0.15845540539852968       0.13981185712922667       0.10212860857725391       0.14685612328759320       0.82859341849544221       0.42911044545644583       0.35020580436706061       0.30594942254694329       0.15614191089477372     
  0.29395024172289358       0.33551883501644109       0.30542983423281417       0.28960490551167850       0.37778779950014030       0.31513464322055096       0.33099780609128793       0.31131550367317279       0.30540394603099197       0.34067583021333486       0.32971390355646579       0.35183898214007819       0.36870492049373005     
  0.48871209161090573       0.40889904643965352       0.28726091354304933       0.15036460630553983       0.17390877329027604       0.15656252234179843       0.11139583510634785       0.16210622367957692       0.83609947362432968       0.43963142540114375       0.36660895394134690       0.31966442062007389       0.17323049816101033     
  0.34003784280152521       0.31654301882569025       0.30692219662347175       0.39532253234680725       0.36954937009114114       0.32551926967330680       0.35613969043329280       0.35998235865274025       0.36316681227061820       0.29585334389365092       0.36988672067223671       0.32177750725538889       0.32164091605104833     
  0.50388078940581482       0.42061015258642281       0.31152942989456878       0.16409875399097618       0.18859518951348889       0.17302753688659980       0.12096036707799794       0.17782518819740564       0.84293331124683513       0.44933041374720967       0.38339242502289717       0.33656634721842804       0.18812555447302864     
  0.31809902378401794       0.34965379987365808       0.36035105115584742       0.38213876009008169       0.30828705864898370       0.34220389964295911       0.33678233510180250       0.38644527034110165       0.32853549949251809       0.33056107570694526       0.36495646674707466       0.29590355268530416       0.35750243067705473     
  0.51812641668102766       0.43174803515969068       0.33538972402675349       0.17874963544101341       0.20326914428468126       0.18812267754182446       0.13016295974108960       0.19504696911802549       0.84936588419042724       0.45862766769534669       0.39951313034418279       0.35412882930599932       0.20183653543088634     
  0.36144100685516040       0.35035664455739624       0.38173145188374186       0.36102416576208907       0.32123100448785541       0.32774894992810383       0.37843038447773758       0.34191618001661211       0.29480777562604643       0.34404825311479992       0.33512472248720232       0.34758350263921245       0.36405603183851354     
  0.53216321591760885       0.44296813116507200       0.35761435302675904       0.19356766041944498       0.21894019354159186       0.20284580898807106       0.13946447926469241       0.21173623179581216       0.85547984034735380       0.46756014056107720       0.41502692908747502       0.37199128336919640       0.21708899407545915     
  0.36428911402567293       0.33102643963892153       0.36153984385422611       0.33994455490218911       0.37419112278318362       0.34839230482389866       0.37899624731273912       0.38193354273246793       0.34341751647039731       0.32155980827845038       0.31926134797053368       0.40460747006629372       0.36302208818636150     
  0.54586257016189155       0.45483867314663340       0.37793857253207391       0.20657581929090851       0.23540082615585459       0.21729285673099608       0.14955986386866479       0.22822091952942056       0.86131570663854651       0.47637306396034879       0.43191980828168164       0.38884067653713061       0.23200187929940921     
  0.31028614611954863       0.34738286060806012       0.31211871586787515       0.32227430519412886       0.37948032653854347       0.33711834512508254       0.34728464407749871       0.36771701574039495       0.29389538011729860       0.31817820593946905       0.37794582297823182       0.31985159523151985       0.36138119593414281     
  0.55938716472378547       0.46696434716211782       0.39809876047290205       0.21987921639140140       0.25145856513210724       0.23211983451256313       0.15979072886826112       0.24447793440437249       0.86694762666073610       0.48544408762948871       0.44773496008142682       0.40469877311001334       0.24773893696720820     
  0.30279747918057404       0.37627647508349699       0.31419220434220124       0.31450635695989254       0.33328656650556832       0.28517636583009576       0.34325363162267680       0.39190769544469189       0.32915196582114437       0.41530575880181153       0.34674204415805715       0.36589848608407882       0.35889882327099026     
  0.57255910541353428       0.47652497086260087       0.41974826893093531       0.23699150885136314       0.26740495327372971       0.24752903786275457       0.16969638176920887       0.26072625215034900       0.87236841287887024       0.49404878415633335       0.46125716040863513       0.42017776449576749       0.26300292389360957     
  0.35969049117941582       0.33466243577942323       0.35223326662817728       0.35729991631541541       0.31181151692374559       0.32472873958470932       0.35524141271389403       0.37716996170439587       0.33329572171097105       0.27584494210199462       0.30624665674235690       0.36005456709152533       0.34785234401469645     
  0.58406172333529871       0.48500748845864361       0.44047205157969327       0.25382702141785829       0.28342232833566244       0.26282822294642977       0.17934956780143702       0.27712973699053295       0.87758885644149742       0.50163617676301209       0.47386044116247417       0.43418538514079352       0.27946314559521829     
  0.31181065481138404       0.34812697343467702       0.36785947493521970       0.35452649489177207       0.37410217000546775       0.33955969152986926       0.34933326477379323       0.32335488101443782       0.30135763603806026       0.33477673293881050       0.33510611065538853       0.33426814353957712       0.41390448954510056     
  0.59481403784034159       0.49306752929239572       0.45950000066073088       0.27043479106666518       0.30045111113195622       0.27815887034466497       0.18868836037823308       0.29454023438250665       0.88261457812639887       0.50872710404663202       0.48561710483749349       0.44783709050323506       0.29596261203068308     
  0.31517449085536164       0.35765812365090871       0.29989597612103930       0.34417477269947222       0.33593143060789932       0.32464091385930471       0.39508119308675232       0.40617246150804309       0.40362130525507467       0.35027434239052868       0.36455761666230074       0.35125457985156400       0.37140967738535657     
  0.60524964566800488       0.50053566812350614       0.47845338646991215       0.28633645188941165       0.31754061412159701       0.29302164042451984       0.19797443790403657       0.31202263132773883       0.88731212161694417       0.51566638206956183       0.49742550296056814       0.46290044389688667       0.31102199413793385     
  0.30462017184301099       0.32867856834459414       0.31988479780195406       0.30089071875610290       0.36673135800662943       0.29588069502943243       0.36546116171265103       0.35887302407315469       0.36302691273408882       0.31841373937571388       0.35475370652272853       0.39763210917520170       0.32134349031524095     
  0.61577777964939273       0.50956154458153158       0.49770606222997416       0.30212327741094969       0.33395270535232890       0.30701348548414931       0.20754817645433737       0.32868746790230424       0.89160181673141947       0.52413954513855188       0.51174575331078653       0.47728549767167233       0.32567047742501853     
  0.37727280834037219       0.36032100711673493       0.32552748745773996       0.33633192646593757       0.40780785008346671       0.36965506719325975       0.31710918293942852       0.40527294699768690       0.34018115412177385       0.34199809223581196       0.32048802231651108       0.36115279689754043       0.29680306806719048     
  0.62611111940818187       0.51881306591192611       0.51637578380725335       0.31803924970918879       0.34949028707267638       0.32113596072360967       0.21717631121662279       0.34541263547446988       0.89560958499538645       0.53183159423838000       0.52573566951211403       0.49053036330694783       0.34016682837566881     
  0.34426198939016178       0.31578606477322851       0.38792891223979914       0.39847101194955248       0.32662059639047436       0.34247898906466451       0.34246981790658487       0.33411348935490059       0.34139500297032072       0.34249259181741631       0.39636965099240928       0.33035715577814972       0.29910359773528322     
  0.63583371637734076       0.52785836545750564       0.53458704403774460       0.33322105688017556       0.36466585568427357       0.33655266463593536       0.22683896389523511       0.36126491226795843       0.89942356245099964       0.53939523337054041       0.54008716320130057       0.50377274377296666       0.35405393202424124     
  0.30411605003179493       0.36536192849678351       0.36162027183565659       0.32009225781056122       0.40403314639331012       0.37385671063366510       0.33497949509822306       0.31664252453481179       0.31696161776469245       0.32856453826786075       0.33761259302669072       0.32214005487375380       0.34144752062055395     
  0.64510104229054266       0.53642796076823407       0.55268171847078162       0.34835246332288916       0.37982406335524876       0.35313059956310155       0.23671167125412113       0.37675747401498677       0.90318796453855121       0.54631512891025136       0.55350183178405865       0.51809412749181938       0.36796635431118258     
  0.34526181794212174       0.35407942677034560       0.31263314307957119       0.32441837796653428       0.29014488772865105       0.37407522303770047       0.31518271635886352       0.36264116433015320       0.33868241905298263       0.36686098666360045       0.32984632343324699       0.39193353878208920       0.41060556110425017     
  0.65467141735614842       0.54472399293738194       0.57092685693034995       0.36249581401154657       0.39505458189978271       0.36922612758382201       0.24750550952213374       0.39263257299087118       0.90678750756693416       0.55193845999219404       0.56678078731558645       0.53228291578639242       0.38261876439462827     
  0.29173640203138229       0.43872568144595242       0.33149998713204593       0.32233701951757648       0.35685618262887120       0.37227380232537832       0.35453471800117736       0.33072141146391598       0.32229555993236642       0.34768825167097217       0.35661504571271552       0.33404772085512258       0.37711737747770424     
  0.66437940997828293       0.55298395113774979       0.58921180619444657       0.37702558445980927       0.41017733142658119       0.38315327508940400       0.25829951429630649       0.40869965845301348       0.91029006107364230       0.55767183265687059       0.58038645656604282       0.54571824372349764       0.39836777076472268     
  0.34628408738301103       0.32617828738606564       0.35024159285566325       0.35976612190651719       0.33943109449725067       0.33897530639413859       0.32898596100117300       0.33267740248708377       0.34611274815715959       0.35572067496079240       0.37647365835662511       0.33018949417112420       0.34147718198288052     
  0.67395218949238511       0.56132113468291545       0.60662615366868511       0.39178780715216677       0.42513836340004435       0.39551632361515565       0.26923812006863712       0.42471439124631649       0.91369755080578552       0.56338840064043372       0.59346161345139603       0.55878256958813211       0.41322968064118687     
  0.34440325411635048       0.34987422709120697       0.35913759538378565       0.37827121641820988       0.40824142430489552       0.34328856172083561       0.35559360514913357       0.38764774882381609       0.36996822620225972       0.29803668168791214       0.34737648066099730       0.43330826805831224       0.32476669886363874     
  0.68337628130071215       0.56960870336732394       0.62308905357129407       0.40546020539247896       0.44035849349685874       0.40723923112320404       0.28021301113706781       0.44071489152059035       0.91709056352828933       0.57001503795491315       0.60618132641675115       0.57185294888524896       0.42738763147698411     
  0.41011480469184236       0.34825979244663202       0.40491009902162872       0.31342798125801541       0.30299648940721702       0.28691193857620900       0.36316043031297013       0.33909774047515973       0.30464743294388885       0.34817204925070205       0.33429555202263583       0.30183389717878134       0.32882691198585862     
  0.69255223922341713       0.57833865131114570       0.63847844432910450       0.41970494003806574       0.45529519038133043       0.41953217190549752       0.29110529733358148       0.45686732946567959       0.92044833746885757       0.57668904191029025       0.61868181170649073       0.58440034543298003       0.44159727126761023     
  0.32756962018330382       0.37019868585105659       0.38017262375484057       0.33082361717615788       0.31081671387557158       0.36778648373264822       0.40291188980410519       0.32712993842589938       0.37413175127064685       0.40029416469355322       0.33207991359991196       0.32262967976125484       0.37670247125811973     
  0.70148764549653619       0.58785847886630715       0.65321972259692662       0.43446753162882668       0.47059033409933493       0.43396162217148748       0.30201800001490059       0.47344601919761597       0.92371466946800029       0.58302233550957894       0.63174763942137446       0.59637411696415699       0.45490844539620728     
  0.34800124827129536       0.41910187373213748       0.47845646480028464       0.32952005005710916       0.39447615772646744       0.32920164286030806       0.34323064543057574       0.33298154827297005       0.39276031688904867       0.29664783822429086       0.35772117211335924       0.37211332058501939       0.31000914161584181     
  0.71036745227664333       0.59650547683403299       0.66812113572965959       0.44915269595466456       0.48615662186135700       0.44920505107899750       0.31353678942155677       0.49044163279179825       0.92681234406461477       0.58918873423495544       0.64475997501768079       0.60846033235235464       0.46532598650972845     
  0.32798717671140992       0.34276867661356714       0.35509624896938152       0.35543148756387177       0.35189865387706004       0.34390265725968144       0.37079319397013299       0.38164228017646201       0.30567844991090148       0.30317260958073500       0.38763923015995322       0.36758408067438164       0.35033026943129403     
  0.71926031820152636       0.60527927070368237       0.68324340406189432       0.46485903403461509       0.50204618784830712       0.46453753820278476       0.32497985094127124       0.50606784732792376       0.92978437216686105       0.59539704506947511       0.65712239568593334       0.62139812088256785       0.47523197659876065     
  0.42516147548317795       0.32199292768804894       0.30169883525693231       0.35896223299903968       0.35829481816093267       0.39568204875199203       0.41705699948486669       0.40104837163993706       0.34720920162187280       0.32748010930368010       0.37494258893271920       0.32991830880827083       0.33996142968326332     
  0.72748486131424339       0.61358322133083953       0.69772199130047852       0.48058806751387934       0.51771865380971949       0.47998701747355699       0.33633276893149072       0.51928046882564405       0.93266068112426226       0.60233497987246243       0.66896715044588628       0.63451292659190628       0.48416957357775992     
  0.31444292261390189       0.32887926184292127       0.31809536340655087       0.33154895567352466       0.33411108170601234       0.31137726163263263       0.36693956047083337       0.28476144737827491       0.29446640863433976       0.37967923778413126       0.31528330444224462       0.33096599063253146       0.26592806608196351     
  0.73525074156118009       0.62233903929654966       0.71098856966968771       0.49700438317693152       0.53288937646197543       0.49588500885292475       0.34727953560103447       0.53237346348974712       0.93549967439158976       0.60954242679039583       0.68162174390364083       0.64769486031226109       0.50141390686286336     
  0.34521233878576296       0.36962351667582904       0.38183356927197543       0.33367877381891808       0.32502477769473404       0.31816926582093363       0.36535855075187346       0.32502344804647765       0.31448995278180364       0.36843451623121626       0.41721800571589274       0.40996474970645730       0.36135714514485168     
  0.74344314804921441       0.63090969390029794       0.72409451155394933       0.51246339944610309       0.54773039870542251       0.51161869663853932       0.35805965906056969       0.54531712003950283       0.93828037795565511       0.61663717015296271       0.69411531153217043       0.66081888352765861       0.51674616075964064     
  0.41483052179328511       0.36651014060900533       0.34740765035788967       0.31812426000916411       0.33938893396863756       0.36708243524230683       0.32998942176604501       0.31273181785155429       0.37374255347622087       0.32205289309277590       0.33061230942375452       0.31803294257496229       0.32169116852258345     
  0.75166410539958950       0.63962188088333050       0.73704275282306109       0.52729763968199417       0.56268313540151949       0.52755015535179772       0.36866239334159445       0.55858914412582261       0.94097208451431269       0.62331927463708436       0.70624897107311935       0.67299319369933719       0.53439591549797316     
  0.32943419669657664       0.29419612532636269       0.40869942984345276       0.32716864433707049       0.39431400616730677       0.39233225958897339       0.29484523167061988       0.31289062365350290       0.37660984068717124       0.34444347858865926       0.38623822646049238       0.33553704134859530       0.31350157571963727     
  0.75926992665702897       0.64849067342938238       0.74983571623691969       0.54197707969380482       0.57771646649083708       0.54369194983186364       0.38101874674941560       0.57548181581947633       0.94362906434265714       0.62965209353783602       0.71761858366540077       0.68481093256723202       0.55177535963838431     
  0.35848527925060503       0.34379224002890846       0.39741179091960899       0.33715376721092061       0.33738057663320198       0.36102891775625895       0.33640026309549553       0.43113834577862814       0.35731388377277723       0.44672193805023963       0.35378825098581634       0.35291072620632646       0.39519957472347145     
  0.76664367185441396       0.65740153256864053       0.76246689869430873       0.55779372098291935       0.59239372603089835       0.55985113614071558       0.39454458659083996       0.59230308167994550       0.94620228656036154       0.63585909333855395       0.72890740204728899       0.69604322776671501       0.56931669394726436     
  0.37593660537389234       0.36588143810714358       0.36235336647999555       0.34417537238022156       0.35914273647919953       0.39903002434314044       0.34684245792553309       0.39810901720659370       0.40339367987193947       0.35105221512715157       0.35336130484972605       0.34065313603961295       0.33815164766051675     
  0.77395437847973958       0.66587716374543049       0.77433395655214021       0.57512097524857064       0.60704457170318027       0.57624393526555040       0.40827924576186159       0.60830566653376883       0.94864511955120356       0.64197446642747191       0.73924433061088668       0.70815922763178030       0.58724088517701489     
  0.33905230460143687       0.34375284466668793       0.34557006280808011       0.36977253656034542       0.33458857723215685       0.37381290132029915       0.34300737302117368       0.31973307684998103       0.35820123631455314       0.36052595983827057       0.38205238493410393       0.34011214677147106       0.43709120721115147     
  0.78150496788718260       0.67417554672804170       0.78585187525950462       0.59162099249641409       0.62189857141816940       0.59353479024333888       0.42380283715227712       0.62309602098053973       0.95091534851941872       0.64834111016008689       0.74985074606049273       0.72158710857030983       0.60592750555398434     
  0.33466524573392253       0.38766160017162482       0.44739047111888458       0.39221228328010671       0.32105577550425152       0.38284629390499447       0.36537442477454846       0.33676057133110099       0.36218000754259710       0.31566718102187413       0.34690012718705937       0.33358580780242453       0.36953138689801179     
  0.78912560129653953       0.68269703139774651       0.79735934762959815       0.60917435586119595       0.63730053877091419       0.61141618369070172       0.43988078854428092       0.63794648993344205       0.95312668214063911       0.65490292934226213       0.76051293145704701       0.73640758211081603       0.62435646696272662     
  0.37783966699171645       0.36405494041475656       0.41489059203711404       0.36863230965943805       0.32453604079841764       0.34354935716089630       0.40216057133288746       0.37977730076655125       0.34190060343633799       0.39159641802672851       0.34093176729870289       0.42299550814287878       0.42328684215021484     
  0.79661998300129688       0.69166057023735839       0.80845397762424931       0.62618707952497699       0.65320942952365479       0.62896255123530442       0.45683639988743657       0.65295626988538880       0.95530596741085450       0.66107613499100815       0.77128955436308322       0.75083630109092125       0.64172341509562092     
  0.40895424951201764       0.31680322454401755       0.35227261751019256       0.36851771747355905       0.35352035577799595       0.37142109485685776       0.33503843949425377       0.38360277827303174       0.37119895074759390       0.44122604877561294       0.34800454302771133       0.39848547523033068       0.37361338361382085     
  0.80402740001786266       0.70097888862704527       0.81914928032130851       0.64290603678798675       0.66926983842260057       0.64600114287463806       0.47446428327540441       0.66906469830327764       0.95743524280913095       0.66722563160245296       0.78083884297037587       0.76354722321567614       0.65871724706761903     
  0.44672778663566470       0.33137478459815345       0.31717111144933352       0.32361017075199944       0.35783771766740957       0.39848223071565836       0.39499473739722163       0.37279343617786170       0.32046730488257485       0.36507338408987428       0.36158889463345750       0.32356091676940729       0.37308680897938773     
  0.81160029065460815       0.71037440866989943       0.82950319520985860       0.65934970319435704       0.68523656066537908       0.66183454651386708       0.49177886157868000       0.68468981550032826       0.95955481889573624       0.67339816057533730       0.78947708870360767       0.77549658701379465       0.67561246251038753     
  0.36080249555350929       0.32747059241876941       0.37126805407087521       0.33490449152030172       0.33370403309850971       0.32896488240434985       0.35857813683913620       0.38282908616969363       0.34297245435994711       0.29200599050457526       0.31663434204386859       0.36439146127661914       0.33269712731163514     
  0.81913128829468695       0.71971215645346198       0.83983665821088049       0.67503875304631455       0.70076280056350293       0.67664323846713592       0.50849524883453801       0.70037386072366625       0.96152704570723191       0.67965849507610054       0.79824094042281357       0.78716382789082207       0.69229060229087835     
  0.37369508746227464       0.35998786853388354       0.36556618806118146       0.37996784520401433       0.34044379011064807       0.32889746925268537       0.40013740946153770       0.34624498844321278       0.35967822220584028       0.35988905149827677       0.36218326151780517       0.37463993524316419       0.32775090210213093     
  0.82646003290915304       0.72916943987823302       0.85027808273455485       0.69047229322548798       0.71643193796692617       0.69197340346591973       0.52541912583739658       0.71610428733536180       0.96327366171159023       0.68586046012635904       0.80748043136139880       0.79863245820716544       0.70880250800818778     
  0.35433891444994736       0.37327630396353750       0.36253447099319686       0.36231989008810866       0.31704751781683943       0.35878582880835952       0.34212581071816056       0.34915233665508566       0.34924318804786386       0.40283377850569668       0.32227847527588593       0.37246527165398197       0.29195613350666016     
  0.83372598364059392       0.73866813510116824       0.86066597364545583       0.70745208643358781       0.73236769154175252       0.70791836854961454       0.54321328329381613       0.73260779515183527       0.96504810053811285       0.69207842432269295       0.81689567131883900       0.80972922254646551       0.72517481553138141     
  0.36698041267419956       0.36579450597990265       0.37392209653074188       0.34416020588897817       0.39480225687160719       0.35549028402159344       0.34571615804242084       0.33351365477627903       0.30321908128829345       0.36451515419555280       0.34799069385570858       0.32473327015683062       0.35951693623151360     
  0.84096350787697949       0.74797611774240103       0.87099263419097073       0.72530977771057448       0.74771626150329340       0.72463152641410900       0.56197461039037189       0.74859906789989694       0.96676089323089331       0.69814399270696259       0.82630979860237752       0.82060554960472398       0.74141322691915224     
  0.34998292373899492       0.38674200228305838       0.40144805814666534       0.33697353592318791       0.36395088189209462       0.39229475481684439       0.34786894140955105       0.30265137970129152       0.40377372322974392       0.39060128777488984       0.34145766959132773       0.29651472656049976       0.33064634188838077     
  0.84829854326770282       0.75747925155133766       0.88136597401317363       0.74301822178684396       0.76283643812813140       0.74175926888763688       0.58191534628624042       0.76565856601349225       0.96842443436782166       0.70413206375436588       0.83589313310991886       0.83162175391003235       0.75786608097741925     
  0.37017666915139813       0.33110961362430663       0.32608137798072029       0.38845937301504962       0.52645762204327795       0.41889901537434682       0.33049422708886661       0.37700008903442489       0.38104142127352369       0.32639619268786180       0.34082246754705864       0.31561162078313382       0.34725704648386452     
  0.85548724993214587       0.76729558263736131       0.89131842530815419       0.75968253207587055       0.77818449090813901       0.75931611152737932       0.60350115870180043       0.78272412976968408       0.97015298723957688       0.71034143216605350       0.84556876085156496       0.84278473724457259       0.77456054216205550     
  0.31973990423588339       0.30351490098532391       0.35238261154371892       0.35999380707936729       0.32729229253867281       0.40722267190222572       0.37251876675532125       0.34602977551835490       0.31953489079321412       0.37199445139438064       0.35603099528481719       0.29944662864948218       0.36520688013261521     
  0.86259270943199484       0.77693550760462005       0.90067267841589949       0.77594501926944659       0.79332972435557092       0.77726040495109505       0.62643441530808652       0.79925842570352312       0.97193255607557105       0.71690869461660045       0.85564405678398803       0.85408994618262069       0.79120584645089986     
  0.33570690762778521       0.35160247714630860       0.37851411365966581       0.37253634379222467       0.34969022477588785       0.48034096889563610       0.40585858841623340       0.36805740942368004       0.32148778197516359       0.38337140778128442       0.33140335591933906       0.32857887123818197       0.35307195089484150     
  0.87045734333623281       0.78650316756751559       0.90975897726321542       0.79320377429739142       0.80776906023272343       0.79516358927428243       0.65032880499943335       0.81501158385961348       0.97373076670860659       0.72384102744976830       0.86562443535663136       0.86516271453952387       0.80773728559393698     
  0.39756244980567956       0.33896209513145198       0.42742371455627404       0.37427870953232262       0.31140919802231909       0.31438160942199750       0.35821733234947672       0.36718140686088929       0.32954679738488235       0.42739479416789827       0.36829826147555983       0.34869435239961494       0.35643364321349702     
  0.87931811264350690       0.79655212226141692       0.91884330060203601       0.81044699507941564       0.82234468082577394       0.81257072759852056       0.67556825055566105       0.83058655297350314       0.97559751513978377       0.73126761771620186       0.87579859802137994       0.87583138579384312       0.82452032013831722     
  0.41229442716818482       0.36690217054565022       0.33688301317837033       0.38805697160881408       0.30894174133005053       0.39267486363941873       0.29562148790739123       0.32973242796124264       0.38581078106705174       0.37717289407639437       0.33386967704372378       0.29649686101053951       0.34357339938654868     
  0.88770508421105720       0.80743032822424288       0.92774109565737728       0.82751408938532789       0.83700833893690429       0.82906670138104344       0.70177510131471010       0.84546385611202901       0.97745027033657683       0.73888842746369288       0.88594454684605728       0.88651383240189519       0.84151069151000490     
  0.37131590062234898       0.38145292028421079       0.32229670536600580       0.38210295699208280       0.35766270508962594       0.33869900223370386       0.36013959551808061       0.40274598226698449       0.34252107457435244       0.34599386631369827       0.32344103579266648       0.35444430045012626       0.36005748101181423     
  0.89607528827782101       0.81898834094074402       0.93554027120098759       0.84473885909727009       0.85141101785531303       0.84477837382250487       0.72760702025503265       0.86151011294314672       0.97926600964373023       0.74692569533514208       0.89639168863061425       0.89751510532048606       0.85765284105341122     
  0.34522060910770586       0.42833403433685091       0.38703389434970342       0.33339724900864370       0.37435725862831859       0.34366923465015659       0.33800233003767932       0.37674320417458906       0.42898845256345497       0.39827610124131024       0.38996644547872339       0.33054768113707561       0.45706766093370704     
  0.90495794886110104       0.83089403732866740       0.94328489152646533       0.86188614964347954       0.86581167183895469       0.86023320638091649       0.75322617281672499       0.87830306651721290       0.98109173380383374       0.75539367902178067       0.90667695109883817       0.90846831922725080       0.87256600560657716     
  0.41212110587259287       0.40158690876321268       0.34995739464656461       0.37233115709293185       0.32419274487355859       0.31106551848925057       0.32952451734024552       0.36562456110311808       0.37959698409065684       0.39747491227633602       0.32455609110883243       0.41929771759866313       0.35504412654509437     
  0.91403790709340771       0.84339103130874360       0.94970257469835495       0.87879921338046607       0.88072707776029602       0.87601415188464937       0.77837844362604436       0.89390621722669539       0.98295813412384969       0.76425798453709803       0.91791748755971925       0.91924900002325449       0.88720347984839698     
  0.37020699740835794       0.32898733607723707       0.32977090335981901       0.38957121930677985       0.37868958439130029       0.32903833138006516       0.35913228716139767       0.36633963131365882       0.41986299132176158       0.43411214638568307       0.30859743315356614       0.38293147696755442       0.29315087491535763     
  0.92277972275831077       0.85598535739739556       0.95604611708762355       0.89576412700873398       0.89686864991417503       0.89276701740808206       0.80641205897160684       0.90859152091881601       0.98494258088803510       0.77336677171833301       0.92906403605023047       0.93041075090943193       0.90223221471037329     
  0.43485334258788622       0.33631035599574260       0.34756715238139063       0.38368191826036574       0.33998571829052648       0.37375575994105936       0.31215283614424177       0.41356554207674556       0.39936033598925613       0.40375645665970417       0.38425950923616686       0.39156883116053770       0.36079778143870445     
  0.93068938894750575       0.87048092504473962       0.96229485104605772       0.91282779701104177       0.91303634037198333       0.91011072654416159       0.83338867712074394       0.92358597259459640       0.98696599621516312       0.78293192108768495       0.93986757592064818       0.94197406895734226       0.91853566397620479     
  0.44046133828870648       0.39242351602985126       0.32244208716596567       0.34254570196828638       0.32394857807021910       0.35487065957274927       0.32231449066640289       0.35106753578340766       0.42328024564809180       0.37827296168916852       0.32273391374782223       0.34645347068802823       0.41376405678554373     
  0.93873287679755713       0.88534694960570548       0.96896281503182946       0.92986169827734921       0.92920219510430146       0.92815795243884469       0.86066094674749116       0.93919779274852710       0.98894393795657753       0.79342226804081717       0.95126518304796648       0.95332114858600459       0.93711541664347675     
  0.40719829690157250       0.34363853819975071       0.32904220046626897       0.45860412877785955       0.34691979305312121       0.37558468561182368       0.29352431003879376       0.32320569755809331       0.39301226382943333       0.31239101340556691       0.41702926414836727       0.36641972918586568       0.35244807260106309     
  0.94713492581064207       0.90224480229643678       0.97643570853770389       0.94707105434538597       0.94533095480805185       0.94649490310226470       0.89010796465913999       0.95426441112007021       0.99092720820773195       0.80491385739908483       0.96337461444790173       0.96444049499291795       0.95202654819839161     
  0.35349865500820088       0.32315290888021186       0.41611335300558888       0.43739276069463751       0.33949683244321305       0.42200681631034226       0.31894032196568939       0.38235729386501488       0.47314926773129751       0.36401488972888540       0.33746658198552887       0.32218164943863598       0.38917142163923030     
  0.95621143132782171       0.92189301682778246       0.98446653110246019       0.96428539708475924       0.96229521470967250       0.96482839144924659       0.91638721669732792       0.96894995685944740       0.99326439155527357       0.82409804033893763       0.97635406713418893       0.97591466087004330       0.96690436795454582     
  0.33430034044268597       0.31329363654958609       0.36345299494083794       0.41193299477688722       0.38902590428197309       0.35054242600355251       0.28943827923612475       0.32669497451841362       0.40819854468281169       0.35688864392920938       0.32607738090277155       0.33810824183808064       0.32695764757381623     
  0.97422734246472342       0.95306108234899911       0.99232294845225910       0.98242535421786681       0.98016110946258750       0.98241380928454647       0.95805802451847621       0.98436733632157469       0.99664701922572052       0.86584374617872584       0.98804308375943395       0.98843033493030985       0.98369921939109062     
  0.40575276351490297       0.38394530985793146       0.37534825839067854       0.32928630884364379       0.35545264582604402       0.40663947772204773       0.43501150075188239       0.36907668529167603       0.51419893328251143       0.42948688323477602       0.36922397468708867       0.39400874776240513       0.33527529350369650     
   1.0000000000000000        1.0000000000000000        1.0000000000000000        1.0000000000000000        1.0000000000000000        1.0000000000000000        1.0000000000000000        1.0000000000000000        1.0000000000000000        1.0000000000000000        1.0000000000000000        1.0000000000000000        1.0000000000000000     
  0.39947874792282151       0.27645330542628088       0.31875675079722438       0.33679254073263942       0.39160567571928312       0.30742014006973151       0.42772962149405935       0.29672077887692366       0.32289032851585586       0.31012007251240281       0.44224331017079715       0.38846882431256829       0.35166095623625609     
   9.5929240189433145        9.4044943942922625        9.7519715972487866        8.9187168944113164        16.513113157526053        8.4459292978469147        4.5997350613825496        9.2829410623050297        0.0000000000000000        6.7941543164558755        3.0486550013838318        9.2688900984097362        10.137446422650600     
   8.2912248758826887        2.6216527937170420        10.392130553430270        6.6440139727774010        12.416441003006890        9.0455215899928767        7.4764067467072080        11.248653347629476        0.0000000000000000        8.5925087351101030        9.8550606232189732        9.1448553458455812        8.9277136525673484     
   10.657916691091055        7.1899243776797706        8.0566145739878028        10.170430096143141        10.365800284652710        9.6726338832401471        8.8150584982402407        9.2240025411709947        8.2549110053294186        9.5858194354788431        8.4347188040078169        10.694653359031976        10.039707647342466     
   9.7964810403756903        8.8412407486247719        7.9368348600316843        8.7675304347520502        8.5715750371632229        9.3908856110840979        10.772686962229768        8.1511096227052455        9.0442861750483718        11.007310163096621        9.6636973190015318        9.7008868686793566        8.3614264155206328     
   9.9651598144954256        8.3493844915683244        7.9836621623582049        8.3727863434923169        6.9129136758805272        7.1668057214043603        10.016507734333253        8.4797374729680399        9.9814248117012383        7.3631363245915464        8.3886958407220593        7.5817774345319160        9.1573883038156119     
   8.1139974049472521        8.3243732365659504        7.8489007072702783        9.4593920313773801        6.6401060282078541        9.4222635449919192        10.926054338080696        8.3873920550874761        10.575421924991991        8.7865438756765286        10.101889001467663        10.213492057341229        7.3095844497263789     
   7.3841170897173338        10.764591782146322        7.7059810748434696        12.635318875715624        6.0824216501469346        7.8899706504585714        13.308818650402120        8.1006905602065498        11.515038728488989        8.7610193765601156        8.0389441387227265        7.2103646932780148        9.4855040672314654     
   7.9480915394217764        9.8448166935715467        9.6179891522712513        8.4883802609667640        9.8018338319915674        12.046689761930457        16.749265127857907        7.4724655896744698        7.3757090950415076        6.1945601463379178        8.6930693851792959        9.6941132282387397        8.6447176215668904     
   1.2767106929470447E-008
           1           1           1           1           1           1           1           1           1           1           1           1           1
   3.1418966717459916E-008   2.8384233921438610E-008   1.1856596467273336E-011   7.8707436038122491        4.1308759721683391E-010   1.0683378630609155E-012
   6.5038915085410183E-010   6.2842042415789852E-010   6.0586099924097369E-011  0.25125183418407837        6.0559649950906469E-011   1.4969367946294489E-013
   5.0000000000000001E-003   9.1863895369083544     
