   0.0000000000000000        0.0000000000000000        0.0000000000000000        0.0000000000000000        0.0000000000000000        0.0000000000000000        0.0000000000000000        0.0000000000000000        0.0000000000000000        0.0000000000000000        0.0000000000000000        0.0000000000000000        0.0000000000000000     
  0.14485056033780647       0.13550603629972835        7.5867264321051713E-003   1.6807703333840549E-002   1.0980649286506451E-002   1.6583865922837306E-002   5.2726735479990613E-002   1.4662186145681646E-002  0.50150571475724492       0.18578975894445882        6.3391422015109444E-002   4.2049764765180173E-002   1.6137044304624530E-002
  0.26536024581028594       0.27116606709320690       0.36477431335817506       0.36072876432830825       0.32758524218882845       0.36514709286340258       0.27323891286579516       0.35161477361563553       0.25565155080231844       0.26536024581028594       0.26536024581028594       0.31795593760546681       0.32988838682353588     
  0.22127128822819903       0.19612958970914471        1.4615837368649187E-002   3.3649353690686071E-002   2.2735408768260225E-002   3.2621465491238150E-002   9.8796622865677558E-002   2.8041837657050026E-002  0.62974348331680174       0.25260832013400958       0.11184655205742652        7.9512667540940565E-002   3.2001683173433430E-002
  0.31307136240161682       0.29457828059244862       0.34621379942949476       0.34555934193702986       0.33664127014484507       0.32030309153824538       0.31542016878959322       0.32604545831144022       0.33196617170524179       0.29119246539579141       0.35358092876471980       0.28173963366535432       0.32468133735792432     
  0.27190609881156630       0.23570623870596810        2.1890922706609632E-002   5.0429379065970212E-002   3.3122302727536940E-002   4.8963011051457152E-002  0.13857244821078879        4.2498132791692331E-002  0.66610262341659177       0.29489491322621536       0.15079179047552277       0.11356260196882308        4.8740190524105817E-002
  0.29522162596864399       0.32794443881262747       0.32162148392662349       0.30669725414700427       0.33653951602817467       0.39379154431404567       0.31174510677314071       0.31660466840902524       0.25362065785206639       0.31023875286672753       0.30551077538564109       0.30237894261648363       0.40005012587494171     
  0.30925479473746675       0.26531249819056246        2.8686221670970662E-002   6.6939159465077822E-002   4.3851146767535223E-002   6.5341488472995479E-002  0.17543633941005041        5.6702187870993369E-002  0.69562126083235432       0.33085446158665494       0.18038534606674755       0.14205848609413765        6.5273933937967238E-002
  0.30366626570373273       0.28915717500907762       0.33579650807506362       0.36545107783721104       0.32487015604416797       0.36292733046321424       0.32832980373853871       0.35090503811032125       0.30298078157974156       0.33763213632223971       0.33973922547797131       0.30644573984079948       0.42093276950218067     
  0.33595600300285916       0.28637023687510227        3.5837430158460429E-002   8.2363117305763109E-002   5.4415366022615895E-002   8.3442640826879230E-002  0.20990153748921433        7.0285206218078863E-002  0.72117949351275823       0.34745574904144971       0.20823692906829347       0.17055352392218961        8.3068363041717580E-002
  0.27279746018970291       0.32904472008318703       0.33715531923234515       0.36741862855094642       0.35443036893626967       0.34651219993860632       0.35141418833586324       0.31392206508891352       0.27882507263048401       0.28739113551629669       0.36995074626990126       0.34055006962464340       0.36892972895801179     
  0.36233377882833689       0.30093292300132352        4.3834505209537050E-002   9.7359446032835500E-002   6.4428725165205980E-002  0.10208471960580943       0.23976785547375931        8.4255120250917498E-002  0.74395384444494139       0.36312852376664623       0.22753900183643286       0.19806689646727493       0.10098912209504174     
  0.27013842205081545       0.30724711520122916       0.35566414471011509       0.30240077654411907       0.33173229944163329       0.32284179872546037       0.27741287656736507       0.29156469121543371       0.27655799559460975       0.29547348827941478       0.28448786260555764       0.29991167828316601       0.35922795090812260     
  0.38618378183783136       0.31371488011796500        5.1813368855071526E-002  0.11301158591678122        7.4549751593074601E-002  0.12059184260194251       0.26810995995718079        9.9144683627508362E-002  0.76006502645722485       0.37651785664272808       0.24829465295530087       0.22551338906036802       0.11905736357823765     
  0.30326613991322487       0.28945677142288884       0.38589125439526356       0.37773687937796163       0.33104468826397926       0.30756757314024924       0.34941713490114745       0.31330815787128979       0.29941445560135882       0.27260774848508967       0.36775116356674431       0.33143570353713664       0.34115333621613769     
  0.40869879899339678       0.32618696952414455        6.0148256183624002E-002  0.12841348032868333        8.4344616606393710E-002  0.13915357054698588       0.29327987450506476       0.11435485393595320       0.77249129677988893       0.38943469749869708       0.26750919294947378       0.24844933290717394       0.13753281456891936     
  0.27514911124298636       0.31922038674683140       0.35082972090272052       0.32334378522069462       0.29227660551066770       0.38700978237696382       0.31761163210291865       0.36266301563278580       0.31050293627628828       0.29458439068472175       0.28398320378998898       0.29186733075168453       0.31843797740295832     
  0.42911320079437487       0.34220781140913276        6.8941538726829676E-002  0.14432744306070178        9.5707795524555467E-002  0.15577809056826142       0.31658354665679678       0.12947833483668580       0.78268145960174851       0.40136881464167362       0.28773019691781682       0.27095049877194372       0.15294018048596184     
  0.30067914963921527       0.31990213369176157       0.35484140631370242       0.31246690074080413       0.36409354920932496       0.33336933791950574       0.30633820799491451       0.33290832899775857       0.25158208225224743       0.29784250488521974       0.27494856239734777       0.35945517807329647       0.30293447934731982     
  0.44886476960117855       0.35816347717716496        7.7766799381918342E-002  0.16102098405270043       0.10745710959153344       0.17096677874785191       0.33853724333528201       0.14475345308979221       0.79186723492834121       0.41379779202864747       0.30708579662419239       0.29298775002524902       0.16794682739993907     
  0.32378642955151671       0.32866692742893322       0.38998550534667298       0.28820907420809622       0.32858466169861078       0.32218046075860657       0.29747444423887770       0.34676534850962720       0.28829928299749202       0.28113185184240086       0.31416540132531989       0.34267618411596751       0.33460636126292237     
  0.46793812727283890       0.37200811787366239        8.6473560233238600E-002  0.17640933350357330       0.11931092010901248       0.18509448954286326       0.36198576643989472       0.15684590719247679       0.80033630497020936       0.42633336025529545       0.32497446193943541       0.31421656284793542       0.18374665078223795     
  0.30310324724151505       0.33333048997355125       0.32944221580335653       0.30634713094142180       0.32661391989474764       0.32411989303160094       0.31538328968293383       0.35810237574132542       0.30197480834379986       0.36980811716395068       0.29929259460875107       0.35079900345643877       0.34931217550150623     
  0.48211085630066897       0.38494944174743700        9.5610443519643901E-002  0.19147903639226810       0.13152042290778460       0.19904815771676407       0.38468420729388336       0.16880567154659598       0.80829487146341850       0.43721867458340186       0.34174742771473399       0.33407447659328549       0.19984454426225706     
  0.33128774461764843       0.35180235136353749       0.44746658814582857       0.32164546102248792       0.36537541452364269       0.26333759471281426       0.36598609169304136       0.30778558540301143       0.30679160255740678       0.30036193004261308       0.33532298557955542       0.32276194282224391       0.34237608888483950     
  0.49584311131004133       0.39644630399453867       0.10483549372804536       0.20554873903089346       0.14271393447730890       0.21302213418162652       0.40390154018001512       0.18076329257248394       0.81598093459950982       0.44760674339043066       0.35722934101925907       0.35334430230471625       0.21545533247065113     
  0.30443840853847515       0.37981747510772274       0.30356173625228261       0.34411582760619280       0.30971237662749612       0.30079278598188708       0.31148619697274005       0.30578190518548104       0.28950314797152049       0.30147154067142273       0.31760388439831211       0.28387027695287820       0.36659831186137143     
  0.50959495426359913       0.40792344548347675       0.11423710090321802       0.21952338842621283       0.15326625940976524       0.22725328513141707       0.42380476774733095       0.19292501148286659       0.82350871190794239       0.45692975280350673       0.37180918396791973       0.37115673276896777       0.23145419917980808     
  0.28680494894622044       0.36220492381096014       0.37246947010175413       0.34839234535653812       0.31489466804428895       0.31589333303776801       0.30723817399804659       0.33117940691534969       0.26767463220604004       0.32813729986677742       0.30953897527684027       0.34116210890797577       0.34190018843933440     
  0.52296053562820544       0.41935678590408354       0.12393991287979730       0.23299419396668342       0.16424589254148866       0.24243322319211205       0.44254327669910798       0.20600206931477488       0.83083458752422235       0.46614377296806836       0.38524078418256141       0.38646434822090631       0.24731834762192040     
  0.32836284138191035       0.32779274477190451       0.35914075047185495       0.29136254312998006       0.34658315010627799       0.37991529598499429       0.32652918200179049       0.27761081145848621       0.30050575933393570       0.30578598164122806       0.35482107644504801       0.31138975611547881       0.39818021904912709     
  0.53563633540910149       0.42843718533360053       0.13392589192373014       0.24753129203292565       0.17511011947589974       0.25773884842384398       0.46000225542077483       0.21911556368858895       0.83764621038755249       0.47485530225443789       0.39773218993928072       0.39995736486221134       0.26225244532501152     
  0.28243293914248824       0.29406200368022567       0.33891735327611172       0.30003772767785336       0.30497622707011329       0.33656910898329384       0.28781847424093437       0.33691426364719729       0.29501253549691142       0.28753138187078253       0.33762274050058022       0.28298135750337033       0.33038257830311840     
  0.54753653480675724       0.43670699862103990       0.14455970039042254       0.26304457716276264       0.18697223602080124       0.27338467026025354       0.47519874192362704       0.23227435764788737       0.84373449076304585       0.48366593934942881       0.41078193088592030       0.41423679332201691       0.27686953206944598     
  0.29829618794616791       0.29416940960619553       0.35586129839763936       0.37204526624435386       0.30962043438047993       0.37161316347802953       0.41506375375240612       0.32145664730090129       0.26536024581028594       0.32976277495960893       0.30137977204177907       0.34253757672663543       0.32887662499261733     
  0.55938203437004985       0.44480781186660184       0.15518590952504657       0.27919373053969715       0.19946658603398112       0.28940410164276886       0.49018041445291460       0.24506678121270764       0.84981979229975269       0.49126517592220248       0.42391048912581575       0.42930161977452996       0.29170172181428022     
  0.29388255902434435       0.27976046817212669       0.30638154717952432       0.32163833233592654       0.32142216938269502       0.41289129130308588       0.27532807229753226       0.28477564652444504       0.32231547348018302       0.28482167488082738       0.28541282946315860       0.32133546563012250       0.30553628253331688     
  0.57000765070999970       0.45326814373762364       0.16559535758759450       0.29598667488526015       0.21192604471127269       0.30580476376333859       0.50561280656589747       0.25790539329345247       0.85528024303089567       0.49907024849331288       0.43796803327067918       0.44433359949174622       0.30695717489949148     
  0.28282082167284617       0.32545339336267398       0.30291825331321570       0.35252631265164286       0.32179027703005636       0.30942053614637061       0.36876085523108099       0.31150114639866788       0.28977143217786200       0.35521048110392101       0.29160229379440983       0.31338599111409704       0.32105732627148909     
  0.58033188964517990       0.46235311031473231       0.17645017734104196       0.31079619617120108       0.22444946821965103       0.32221664540202494       0.52061722001406596       0.27201108915767291       0.86030708363110286       0.50701895023377086       0.45235608141419520       0.46002970736618470       0.32232400931212135     
  0.26828716319498763       0.30035988440639710       0.37184677062673099       0.34050823875997960       0.33194887033448461       0.34416567149012567       0.28911657164538951       0.34149488274762146       0.27747414319852309       0.32715421583967874       0.38738862067683760       0.28202883167342163       0.27117773082902730     
  0.58958811641517195       0.47170184599906517       0.18589150110782676       0.32487595396356445       0.23787123521993514       0.33770291014060844       0.53577961673637220       0.28728627381924349       0.86518868330835386       0.51493270107753120       0.46578844113593970       0.47564113786667478       0.33813534822866720     
  0.30287721973668386       0.31747025013519298       0.32909892968894072       0.29522162596864399       0.32207832238337286       0.32519417716259807       0.29240861641949956       0.28276824158505204       0.33253798643672172       0.30685454398549417       0.32286032549048149       0.35396174966572391       0.33920496776671843     
  0.59872443618025284       0.48090318558923772       0.19596104853136562       0.34012095850802998       0.25213780410815556       0.35293492742962784       0.55023531187493668       0.30101620371435839       0.87009415238620091       0.52323006804609495       0.47887517649051453       0.49130631733641422       0.35352986428352962     
  0.29051651618994456       0.35484775281414344       0.30271419691470636       0.37260322145499464       0.42644541663795243       0.30510514361491448       0.30925217863345661       0.32721347693780611       0.29433498684569881       0.31699575505373012       0.34395947013544537       0.40998095313340976       0.28350317209879905     
  0.60708242267409862       0.48988950793294972       0.20742371036420829       0.35535305669067230       0.26609139643141788       0.36838823223724138       0.56436676523327212       0.31523997912731672       0.87491911965354974       0.53161011686942339       0.49186754029952506       0.50552754676284695       0.36808189032616839     
  0.27205518342225038       0.28544923614150697       0.33150843673800184       0.34123007848883014       0.36092563111702664       0.33759865292324626       0.29969167141261766       0.28665140797155247       0.32764619032936082       0.35477616607833801       0.28047235347379940       0.29578284566946111       0.31349352926740259     
  0.61515112544466466       0.49879988273954640       0.21866613235194718       0.37075988220843414       0.27956218876879824       0.38405394675704757       0.57738684342744495       0.32876855098028951       0.87938894837465720       0.53990045615569149       0.50437144279160484       0.51900364871711657       0.38239525028194410     
  0.29051906691737328       0.38273790290183840       0.31661560645907194       0.37126699707456712       0.34842429610444986       0.26653134120509464       0.30255077915097334       0.37103232285009835       0.32560096610680495       0.31519062742584769       0.30740467683934325       0.29816774160638365       0.33521030278620645     
  0.62274113001523801       0.50762811982241507       0.22885568916835972       0.38605582715625358       0.29268979334982553       0.39870956672613450       0.59002666185178687       0.34131007196578550       0.88373046492395746       0.54799301249979115       0.51715429736408380       0.53101860142288149       0.39679274647993962     
  0.30009474289408722       0.33467811951177123       0.35531281106789231       0.31604567327638317       0.30029040855576145       0.34040910238104655       0.35941138400877271       0.31168734591116648       0.34932172116718629       0.38719758233521945       0.32893563591595626       0.33047101855296340       0.31787722053346340     
  0.63249301382935230       0.51650157278623110       0.23874277086138734       0.40262943789492922       0.30501165027789484       0.41249758820619054       0.60254340163960352       0.35437995669918188       0.88820431683594103       0.55655781220518563       0.53012795016531356       0.54286888094060748       0.41122865033972889     
  0.30287434479838288       0.34203077903250800       0.32999239671240932       0.40172573632785474       0.32285445486397846       0.34271560151418923       0.28163952431534106       0.32487815431798411       0.27511356542183046       0.32346568784676649       0.30667688264418508       0.31909048395461037       0.37255818810592650     
  0.64237181830543910       0.52496912451064304       0.24867638074008791       0.41919291225339433       0.31770939689982819       0.42762448504518652       0.61425486754895586       0.36754213994499857       0.89266361614430223       0.56491767538659721       0.54078713498932962       0.55566116400535392       0.42603332742106426     
  0.30187637620002417       0.28951535461431721       0.29213148451555948       0.36781728523325935       0.28467639183993493       0.31099252792357912       0.27875969535101097       0.30365788076112432       0.30944516570923758       0.30766789526597832       0.35769916146028496       0.34594139200502155       0.28109424328078603     
  0.65352087400136116       0.53343033617751601       0.25916974716401370       0.43558921994550803       0.33064183563138916       0.44475188819243805       0.62562386711610085       0.38018065642429072       0.89685612289167915       0.57212585165752772       0.55137601665607250       0.56777583309045410       0.44151125942954539     
  0.31088174480588376       0.33164942881392978       0.32801762712279409       0.29083027403403600       0.31575573814925378       0.36576209452559466       0.29279805418408983       0.36926097833294758       0.33671576385433338       0.26929793958644849       0.30832031882771088       0.35717270175125732       0.29558356435588073     
  0.66488989773627172       0.54177228647510289       0.27118967756782603       0.45164069939511575       0.34332295057177120       0.46163674375124442       0.63486083251600234       0.39392588455646693       0.90086054671328819       0.57863990226726925       0.56399858192726993       0.58043353057787317       0.45559292063136431     
  0.31668750512302024       0.35689674079145939       0.28424642181986626       0.36268342954238109       0.31763610927898350       0.32366733405065906       0.27919378450937110       0.30715108748654407       0.30399796048737882       0.30395973477023103       0.33730111530370999       0.33919685498339136       0.36476794603527346     
  0.67459929220059667       0.55120425534450090       0.28414927770684900       0.46583508301443077       0.35627643008683046       0.47655919397313140       0.64367260208845078       0.40922398363918489       0.90477298430177389       0.58521939797901501       0.57714749886132988       0.59271526584354073       0.46936151673445026     
  0.29542054099944587       0.34525552075414540       0.34011771588975254       0.28830926526813200       0.32161002499633756       0.30574853921512118       0.31796612893789294       0.29879093336987306       0.31210157117228049       0.34741551315550384       0.34389222400571740       0.28349914790668923       0.28006963297647686     
  0.68393928863030329       0.56015278680401004       0.29741541268853156       0.48090883788191069       0.36919759172190358       0.49126890113579963       0.65604393152510965       0.42350903691681235       0.90863358797137073       0.59181784561785711       0.59171472814516046       0.60450273120317410       0.48300431058699861     
  0.29096079256678081       0.35891150239059588       0.32957356447021119       0.32230681022980412       0.30031219232921041       0.33822834628024523       0.35915211868878455       0.28576360881663188       0.31423878906379565       0.33654593590784604       0.30469573110741183       0.28792241042876004       0.25829115468795544     
  0.69365019165366282       0.56885208918509345       0.31099557211136974       0.49762888077594675       0.38069174864676747       0.50557360214040703       0.66858001836365744       0.43706730992069803       0.91249983919140243       0.59972874649958585       0.60611521011242775       0.61638719499210415       0.49712577056785739     
  0.33294583255243149       0.27176775435149325       0.38764327837189877       0.37822261130303558       0.32577101067156983       0.27033344234172008       0.32989187965371719       0.30048731105233201       0.33042607205591018       0.34046998730619088       0.35510462994112019       0.34759055543359746       0.28141236835186151     
  0.70347137632233492       0.57745271488662353       0.32445891754312861       0.51294444079282819       0.39293740229677593       0.51969833408887045       0.68325279158677776       0.45021137755082352       0.91620514646025797       0.60854106378407125       0.62101849664316111       0.62877360575052887       0.51150194735124366     
  0.30909729415675352       0.33109992633731355       0.36026391482672732       0.33482011148320101       0.32396030850221097       0.30487600863026332       0.33568864713100011       0.30780852258557434       0.32434556522995966       0.39688862633994504       0.32499936797553231       0.30899095737034854       0.34087089553936778     
  0.71303217609948633       0.58695105675387793       0.33762464027624822       0.52709490019675587       0.40678968710031232       0.53363525372981768       0.69768353098497959       0.46350995629290320       0.91990928053123755       0.61683003366009870       0.63552095475230019       0.64186634342586923       0.52551273940681442     
  0.33322933493878792       0.28312611272898330       0.33986033342048527       0.32361340838816366       0.30464188646759038       0.36857334466954589       0.41387799526996721       0.30026287718023542       0.33105993444590154       0.38107961404971519       0.34229403607581532       0.33738960929382894       0.29126418315258995     
  0.72239900084880138       0.59672673401646825       0.35214487096661301       0.54078609454334003       0.41940720362320327       0.54837951540293350       0.71088479616079903       0.48118083094886077       0.92327679157383380       0.62421845108433982       0.65035952229398108       0.65586821372907589       0.53909229354987254     
  0.41562743236351385       0.44515529179648788       0.31539638518302421       0.30926127793515379       0.30299303948549355       0.37830994273596991       0.30860280998900208       0.33088359021431035       0.35724615464019727       0.33781616827503275       0.37288819891434549       0.30959269103684167       0.31316288652345808     
  0.73167045101303751       0.60640875585776233       0.36717801753288531       0.55695524610771374       0.43024210135087465       0.56363693100099910       0.72346323335183771       0.49838149487833205       0.92666757228300234       0.63182439601846041       0.66494932811877605       0.66972778811520173       0.55314467886327534     
  0.30387854363777622       0.35891099339864213       0.33313185650628774       0.33588645213653023       0.34172661229938761       0.29335901357620220       0.38272129650518755       0.29583520647380851       0.30730366902144196       0.35114282528716495       0.38279748000046254       0.33624456029430799       0.34587222790184408     
  0.74064395497120006       0.61613044114888171       0.38188078222587657       0.57305702976388539       0.44191718766681276       0.57925271874542361       0.73577512360563946       0.51523957594030911       0.92997926287979915       0.63950571193067896       0.67998631431240186       0.68320017242373265       0.56730563852692828     
  0.33291464875685972       0.32087792367198992       0.32769367469451754       0.35310380190771157       0.31671879677703124       0.37213487774905490       0.33473788275536542       0.34089425077134849       0.30532347367795171       0.36497190288766657       0.34416068934518701       0.31062468382224973       0.34741171281436867     
  0.74947567416888783       0.62620800877657101       0.39675165418952907       0.58802052610623956       0.45358066434009692       0.59481854547922597       0.74777208999086608       0.53198973962121643       0.93327099759798415       0.64747570360060069       0.69553287567410627       0.69661460610964709       0.58141374943424440     
  0.35768476474683786       0.31954693575956084       0.32396939695668642       0.27063676265196751       0.33101164061093674       0.29628563404522817       0.29824707733332628       0.37311123673926266       0.37605437661484864       0.39732083652578376       0.36017495506270386       0.35895939126949694       0.31879616458936899     
  0.75863746273294796       0.63679886872242975       0.41290568267686723       0.60282843289376153       0.46773474593015407       0.60987519951330649       0.75952832738415577       0.54845292932816925       0.93638717273683658       0.65472213955521308       0.71064129579727520       0.71037085643019238       0.59483871723681281     
  0.34639494137307020       0.35259733673707316       0.32007521813943307       0.32448743858438511       0.32882049058798374       0.30145420746143237       0.31620987324628697       0.38026147056927029       0.34029609677102890       0.39383273501159133       0.35751387969443404       0.34643090501247870       0.29440869191003138     
  0.76758390153964118       0.64739477808903223       0.42874652778550271       0.61717327823534551       0.48183135942178112       0.62477333135951663       0.77004555013059539       0.56534631169122596       0.93935292358473044       0.66172823460847818       0.72483712948422441       0.72506952905549304       0.60835697359813046     
  0.40111118854482741       0.32704091068663049       0.38724837441258547       0.32391716700408019       0.28810785084971929       0.34499886223497139       0.36109960258687035       0.33247237778122485       0.30960008861049326       0.36768752186595494       0.43474838578424141       0.34452188948996881       0.30697528126381673     
  0.77626221517917515       0.65825842344043461       0.44590243951818564       0.63197408642306141       0.49711418119571893       0.63969884315206316       0.78059115887893704       0.58210383730977067       0.94219857826924902       0.66875191977206105       0.73940458863559300       0.73995260947126262       0.62306897176622156     
  0.41276834980248078       0.33133506692821291       0.31352335867359821       0.30028718889091877       0.37180697195514317       0.37246336623875587       0.29273479759231313       0.34664501762211108       0.32966291169205014       0.28738358507519796       0.36438518612189297       0.31894359629346358       0.31330015159026831     
  0.78466459053031068       0.66910063427212407       0.46318604123643919       0.64781858543348148       0.51286056441996752       0.65508395452935153       0.79090409900691627       0.59857463759742491       0.94486521597122686       0.67564738955875292       0.75149231304758668       0.75292914792687671       0.63845273607336450     
  0.36019351657176790       0.36819170279055807       0.33961065167828902       0.30884407741911685       0.32226574866888574       0.31418970112238881       0.33388044611135398       0.37610970576194358       0.32553956714860943       0.42453567140943721       0.40737435075585665       0.29566756417898071       0.33599595259400350     
  0.79295984865277980       0.68015063164057787       0.48007500084745741       0.66397342810436077       0.52891631353850477       0.67090634015058570       0.80053021237198752       0.61695407347265319       0.94754042017750406       0.68262921768574336       0.76353226040859445       0.76601671006284311       0.65554170781310317     
  0.33405221132225638       0.46442813759918689       0.32194800205930379       0.37163819975490092       0.31362116577530580       0.31440475265762097       0.39582536940777191       0.30832609302931530       0.32838298561624446       0.34585163426476317       0.30002717114944844       0.33063815430104099       0.34064990916646704     
  0.80126192938836938       0.69130154659587439       0.49755930711432944       0.67937585431305647       0.54465107437699589       0.68683150331121356       0.81096762755892682       0.63620554262146289       0.95010433832232444       0.68993608745610635       0.77588825149062002       0.77881468259227837       0.67255488008528541     
  0.39316910846882885       0.35187466329169981       0.28022076923912675       0.28400870719745652       0.30331936817824684       0.31732277004697379       0.34784828910676607       0.36895644052533888       0.34477199680700804       0.34419468863768848       0.30713208440290701       0.36308067062513877       0.38268519971798443     
  0.80949718365136070       0.70203209053461013       0.51428514009598947       0.69259556426061797       0.56158649004772210       0.70165968566318959       0.82123217562710038       0.65536790083091390       0.95261540429299862       0.69715000487975121       0.78804961649320260       0.79146951763141504       0.69101453056187967     
  0.38848507175740477       0.38389500926454467       0.32454043639595853       0.30890196669935993       0.34434411248084978       0.34486359748943929       0.32363857004374780       0.35235971849923936       0.35065657983116527       0.37932607995347573       0.33842754924127388       0.34780432055177873       0.39375033335152060     
  0.81722439045166451       0.71211552178265614       0.53097939486825962       0.70686002967851402       0.57880695007849181       0.71558779780063286       0.83133435878628559       0.67412640760546605       0.95514558133890559       0.70435429657689497       0.79971805849584654       0.80298568326822017       0.70982246288933604     
  0.33759660358325461       0.33856068031622361       0.32885285466400621       0.32421697287516743       0.29992526980283474       0.29793099721534566       0.39771729742966744       0.34142253565377095       0.34338050807100462       0.29939925217159435       0.32815833286619966       0.37135674100483917       0.38066001767183494     
  0.82464777193670902       0.72258085963880825       0.55033775035735200       0.72264085867010164       0.59631643987635485       0.73182813206544417       0.84156964690442737       0.69237028331365891       0.95771729315353460       0.71135912849497929       0.81159686659540620       0.81434215601402582       0.72843741121700989     
  0.34161054603615504       0.34929434301931367       0.29730303372314504       0.35395935006767854       0.36610982514787910       0.32685635846024502       0.30157849378160756       0.43332857405192693       0.33305174476514299       0.38209824107545565       0.31961890159847545       0.35359521475242073       0.33631536140997070     
  0.83214349705184254       0.73444691921181104       0.56987866205470972       0.73885353982691326       0.61354684498495704       0.74836697688147791       0.85176021170306404       0.71002827866898588       0.96028833924417834       0.71830042046213138       0.82307395410430939       0.82591784966463488       0.74779948511634142     
  0.34809046859942427       0.34530511329650687       0.35142961402721340       0.38183785342215748       0.33307035595229284       0.37498884148035178       0.36890043056974514       0.33677057037999542       0.37336072274130644       0.38295040149079840       0.33028468486791035       0.30184804275756572       0.35225664223381997     
  0.83976804210466816       0.74644849489688314       0.58980767841099424       0.75516627617171128       0.63082170149097627       0.76486591464883247       0.86125538349093045       0.72697337037214160       0.96287218946632913       0.72537502737409554       0.83430865191127768       0.83718213327369118       0.76554062139768042     
  0.35562218266022805       0.29506953116315443       0.30086188976434936       0.32499421650366439       0.31930374015001084       0.35803489985265619       0.37804523047104771       0.35252586688248594       0.36907040773573041       0.35709518324631523       0.34521571986147542       0.38570606530309887       0.34783337607326248     
  0.84731567837152666       0.75798110767370552       0.60986968825750043       0.77160159420761287       0.64788611668649254       0.78166934991674319       0.87079141705233731       0.74222430449931442       0.96534746853710762       0.73218649386723422       0.84498741623734519       0.84943414042692500       0.78363906587071286     
  0.37489515413698388       0.44087767339434164       0.33044589431677002       0.32723943606282702       0.33804119781106345       0.36337981463437363       0.32556267359421731       0.34777502174412045       0.32337196069855512       0.33100739856252925       0.39691934894140901       0.33479986607831452       0.32334244282915470     
  0.85458459622098071       0.76932211606264389       0.62955581654904214       0.78835429494054043       0.66520157627598375       0.79973314128549555       0.88073441708206257       0.75743623680970540       0.96769597817870678       0.73865730374464589       0.85521349406381042       0.86149023825436721       0.80154699347878822     
  0.32378426494253371       0.33320044104209229       0.29731745150231148       0.31138975611547881       0.37220167869071669       0.33807418014734752       0.36645714137978946       0.30532911046250200       0.38799278693244610       0.36059592010841302       0.31402786036882202       0.41812502191376483       0.30136469316033021     
  0.86196444451573029       0.78025604379412006       0.64922575310712272       0.80422433874949040       0.68309537722633584       0.81787964944427383       0.89039400657406298       0.77517351676600410       0.96996620071462225       0.74527353160194543       0.86583342580173062       0.87261486692171619       0.81852065055643020     
  0.33633681221550243       0.35611741342815978       0.28245091375836362       0.32380321297303244       0.29051252726453541       0.31276857034842359       0.31494840970107890       0.35471245254600570       0.34369458141854464       0.33136520037704631       0.30767090478307901       0.36723065470839439       0.34367240156337642     
  0.87053728408121978       0.79110813553329673       0.66855098622715337       0.81951976796448034       0.70309356115557042       0.83351177232252982       0.90049754328596709       0.79318228730667784       0.97221400960493853       0.75223549142151969       0.87699658985576823       0.88377361722104142       0.83565696336474038     
  0.35964124298903605       0.31551852353578419       0.33464973588106373       0.33887357932371082       0.26365904204795970       0.34659514908014100       0.36607219470034680       0.38739017484177696       0.45792467538241000       0.32914909903004475       0.31432173627630816       0.32555807130315506       0.37870851455129612     
  0.87871144866284145       0.80281712934317029       0.69181876128128450       0.83525068832607607       0.72285810367377834       0.84866215142552537       0.91048842373938788       0.81019392600610496       0.97445722748856423       0.75920265405454856       0.88793083569224174       0.89388902191486375       0.85291047373153717     
  0.54030893115627232       0.30247482122131719       0.29581242653971601       0.35983793819071219       0.33669622321106008       0.34471386385135677       0.35284755293542941       0.30363569414558267       0.35429452862439403       0.30849265394692621       0.43518661709618395       0.32842493728179645       0.32913723852026860     
  0.88808730566986904       0.81545214973686919       0.71574409101096537       0.85045443952860766       0.74331752906032267       0.86385754183553287       0.92030255175309117       0.82693527360973340       0.97669780886986535       0.76835687115900231       0.89846179292654060       0.90401036564014425       0.86854885929226266     
  0.40547914399390061       0.32900910094824509       0.28888663707975565       0.33454655347002049       0.32365572574831175       0.29811437549809205       0.33234485271028852       0.32399855755857071       0.41345939664864878       0.41162415991308571       0.32769975532673168       0.30234201590816151       0.34094974483849050     
  0.89777576184341135       0.82878029940155384       0.74357486354979752       0.86506431366366943       0.76481211770516555       0.87941896540624864       0.92972388888635926       0.84656115409646315       0.97896778992089950       0.77849359211211855       0.90887786880188803       0.91466002695913085       0.88445726365701793     
  0.43314794637499576       0.34904469306687308       0.31385902149473538       0.33917023196785406       0.35047947493770654       0.31160199027908697       0.39897070162793463       0.36642062105484380       0.35721283730541431       0.35574340684702466       0.33402321493500353       0.36124285118557004       0.34300993282905468     
  0.90707909867706926       0.84236210238038700       0.77183094795690188       0.87958207683648360       0.78718990371586295       0.89443784982891461       0.93839435735266463       0.86662120374531404       0.98131093952011839       0.78824768918136878       0.91902263758389902       0.92489420981661985       0.89887848979464158     
  0.36434123253766720       0.35976104328798580       0.32743231608612089       0.30376932702898379       0.37729111230183815       0.31265738315716790       0.29268067050434132       0.31682427277195568       0.41417448597066586       0.33009520337380222       0.32960163259317349       0.36266987896968789       0.31790548844458982     
  0.91598518422699471       0.85580377341398794       0.80220638922763621       0.89536339980452573       0.81130102200998644       0.90945446303275834       0.94636718668181841       0.88540325622845106       0.98363156696958554       0.79728650434811110       0.92924946277174103       0.93642819284904244       0.91377473526869224     
  0.35501712225201643       0.30235890834291679       0.32447062469895116       0.31979415345914514       0.38853526741064609       0.34395230055677872       0.36732108344086373       0.35398440701013023       0.41910739644396777       0.33983414352678809       0.32129423120072625       0.31326936867080329       0.30315626727677131     
  0.92508954959251599       0.87158045995626177       0.83305023335398964       0.91227462299164253       0.84116300485079898       0.92413737405815333       0.95433273579876277       0.90349583540877898       0.98602331015172195       0.80952334753503197       0.93986369348919085       0.94833296032337833       0.92828192486681416     
  0.34901564738851282       0.32099952818608901       0.27963293315057847       0.30641025113740661       0.35416428839610781       0.33893294574217170       0.35166398427012041       0.34794359890416460       0.40923025267659474       0.35413022999299365       0.36038194388253153       0.33846652673687744       0.35480236214958655     
  0.93534506265043604       0.88803559028262602       0.86585026536792953       0.92853459311650344       0.87053595362899239       0.93901215007259131       0.96389469548134121       0.92192555366749751       0.98835347938063123       0.82373036845734360       0.95090376756796891       0.95951373606573065       0.94213153628352275     
  0.42750308716906482       0.34108741729295322       0.31450181394537213       0.33906568605394022       0.39858629616563090       0.31479019366181921       0.40111041089037192       0.34193686223842346       0.46434939106444195       0.31003835756937720       0.38031329775962214       0.30000713172142540       0.31198164670019179     
  0.94736984676250824       0.90641319886517024       0.89877073849620559       0.94481412687211408       0.90075918530950649       0.95409130542385812       0.97318222847511759       0.94112755248585578       0.99051397998542035       0.84457606949345476       0.96372540260914319       0.96997445087021239       0.95609632103098752     
  0.44212829165831047       0.36392014578319093       0.32984925779445767       0.36351160934562193       0.35023303251962262       0.34095859666268030       0.30156617390336748       0.30132909261477342       0.42050547140823663       0.38498216954703568       0.34449129894524061       0.31333557842658566       0.30698461093552548     
  0.96035507920597574       0.92619578645118461       0.93155864568612534       0.96138418461323460       0.93123103183113032       0.96884998826284241       0.98208886764486170       0.96082238261704023       0.99359078259177780       0.87709529278937171       0.97666589049236807       0.98035778353560232       0.97025102393668938     
  0.34257504678547590       0.29315635948825858       0.37807271384030988       0.32451616201602579       0.33521597104761325       0.29848447398037437       0.35806485011855366       0.38088112741281166       0.58763795660090956       0.39882979375108640       0.31565604116089641       0.38493145718993227       0.35240291862646855     
  0.98002952833349066       0.95931120940591663       0.96572163935137090       0.98048192340235363       0.96321013856542592       0.98449085032224415       0.99079091958228960       0.98046941799860210       0.99680091937163806       0.92745929011133066       0.98818195284653920       0.99034032213636769       0.98507919015947731     
  0.46930795853820695       0.36461571449621372       0.32915109290528938       0.32328394288046902       0.40636608688503728       0.33294645726647348       0.40358854309239472       0.33604125958932513       0.44165274211906408       0.29748301152341600       0.29408310225819490       0.40710024801499017       0.32430595108632798     
   1.0000000000000000        1.0000000000000000        1.0000000000000000        1.0000000000000000        1.0000000000000000        1.0000000000000000        1.0000000000000000        1.0000000000000000        1.0000000000000000        1.0000000000000000        1.0000000000000000        1.0000000000000000        1.0000000000000000     
  0.31138975611547881       0.27403116634343982       0.31158334767424917       0.34411864540104942       0.32962790389989655       0.33189959469535041       0.39595512612443495       0.36356801873004452       0.33038677008236955       0.25158208225224743       0.28069843988028875       0.39927024095189467       0.32181745500259162     
   9.3651360426101391        4.7276613730302826        9.5304999574687130        8.6869514294946448        8.4804956278926991        8.1739010472881102        10.430512260676343        9.5711277863626325        0.0000000000000000        9.1480146092909091        8.2260422372819200        7.4384384401704802        8.1467086031477276     
   9.3996001673496963        4.4403504436265537        8.8982786268917611        8.1199647078957398        7.6331706416244440        8.8072852825266814        13.210398579987583        8.8252063074372256        0.0000000000000000        11.721254399690782        7.2405462319341574        10.959339775739277        9.0146510404840736     
   10.572438994682155        8.8359398077999973        7.7900627766253159        9.2554553353125755        7.5481364038351648        9.3409980314083203        12.653407318642309        9.3183039204427320        8.9563934700413412        10.961885456597605        8.1341076917663937        8.5597016869397411        6.9657528343566222     
   8.6384843878953070        8.0557084986944911        8.0808524851255061        8.7743660513362869        6.9648037503051183        9.2257489964672885        10.575528519824356        8.2185030614486951        9.2030069575089914        9.4758017465776625        8.8521637738060370        8.9556579099982372        8.6357502320759387     
   10.732142145784566        7.8381808384776059        9.5545363928875613        11.219263421625307        8.9343360440129214        7.2701520753328461        10.053057299051602        8.1629335711740421        9.4443169795150652        10.133202410771677        9.0599938501832966        8.9138590426129696        8.7303580816122910     
   8.5057194533227563        9.2702158088366211        7.5358506831664709        8.5217556723704071        10.965433092400742        8.9905067716442115        9.2081480806963878        8.9756173390208502        10.501152645824606        8.0273549007784801        9.1589211719804595        8.0808345244852902        10.113008344803728     
   8.2697730401599721        10.079432802971855        8.9169003334065646        8.8907731934552316        11.033723957903417        9.5260565545463454        7.8093663475999797        8.0349621698100400        11.023470653897707        7.6217615892065549        9.8964481951008025        9.7227004510664123        10.023589724672627     
   7.9101772569021485        9.7342128014654055        10.105838983605000        8.6988596296124499        14.186638688411051        10.962548941028750        6.0673609416745737        7.5721763192200386        8.0477023037957078        5.5239398241812960        8.2153909412239887        8.6732802851666353        9.0710411854860169     
   1.9918358874570007E-008
           1           1           1           1           1           1           1           1           1           1           1           1           1
   1.6232086024372156E-008   1.4425870234950786E-008   2.3466434838328248E-011   8.5848697640691238        2.0973768562328764E-010   5.8785812120645339E-013
   2.5314289476886882E-010   2.6145461058253447E-010   3.2663563560439909E-011  0.19474345710246105        3.2654505598338997E-011   7.4041244308618791E-014
   5.0000000000000001E-003   8.9202974665735528     
