   0.0000000000000000        0.0000000000000000        0.0000000000000000        0.0000000000000000        0.0000000000000000        0.0000000000000000        0.0000000000000000        0.0000000000000000        0.0000000000000000        0.0000000000000000        0.0000000000000000        0.0000000000000000        0.0000000000000000     
   7.3114673835980748E-002  0.27257541528880502        1.9317258560765719E-002   1.4850938068814492E-002   2.8067691575619766E-002   1.5720897022921079E-002   1.0473677844045562E-002   1.5816957724702766E-002  0.66616924971737390        8.9911896340010733E-002   6.5970960647903962E-002   4.9122504450912083E-002   1.4746511688544165E-002
  0.31561240850247779       0.33067890990400484       0.44632595810015374       0.39351389947639309       0.40619152731409930       0.41867568644129738       0.42458277123027283       0.37904350209405380       0.33289726180508122       0.35112873870562905       0.31561240850247779       0.37988290027875288       0.43699504612061563     
  0.11240165864504974       0.38583151360127144        3.8678453325591354E-002   3.0123400192962769E-002   5.6376674592152676E-002   3.0708490532345121E-002   1.9968840715185968E-002   3.2579775448945109E-002  0.74266212954953092       0.12020291037102673       0.11297421900496032        8.6516813589784886E-002   2.8695501879124671E-002
  0.40847411530262190       0.34531666857704385       0.45138030364620430       0.35396740251950509       0.36496380733380773       0.41412916067779065       0.39317264607889429       0.40853794380304093       0.45404626363655592       0.38594676215451579       0.37938131720113616       0.44585248863222021       0.42763463238946986     
  0.13516309513131627       0.44598076756954902        5.7767371038460094E-002   4.5715104105441010E-002   8.5910948618234353E-002   4.5971628074480617E-002   2.9392397486621841E-002   4.7541139864933177E-002  0.78031027008659282       0.14113644259913127       0.14965344588687718       0.11622814342749399        4.0183377087259158E-002
  0.44303980115296032       0.37598049222676067       0.46483595619664692       0.33964422623558077       0.38821968205989915       0.42118922118006330       0.40773773094409255       0.42300525359762364       0.42360460570336506       0.41235119227711331       0.36378754914347533       0.40881986195137276       0.40671196287355654     
  0.15404919615326701       0.48708063996260881        7.6582852883235769E-002   6.1631542207378841E-002  0.11484796173201969        6.1415309977818432E-002   4.0313276600308506E-002   6.2451644658041129E-002  0.80750660040626721       0.15823799509734185       0.18440545705239153       0.14471605430529258        5.1983019603383605E-002
  0.45636817379404554       0.35112873870562905       0.49316154488167063       0.44582752911556528       0.44525983448129647       0.40663520774101275       0.45162309081711244       0.43314632563737421       0.44157298144658391       0.47828272273829991       0.49675084644588569       0.36942728320565299       0.39555733244961044     
  0.17452878352525147       0.52429777568037617        9.3512155496917521E-002   7.8455775785821011E-002  0.14331255462313452        7.8338752949881379E-002   5.1972714881634706E-002   7.7517362977319107E-002  0.82485925550982053       0.17434503187775946       0.21407009240139760       0.17189462987938053        6.4149744622487959E-002
  0.48653241384243567       0.35008096288551660       0.47790808331868778       0.40251376992615939       0.37119474513648038       0.41454286364711140       0.40275937791232552       0.42396714000492602       0.35635992880616918       0.40963034954325667       0.49670590562066591       0.37873793362415803       0.35345555996807260     
  0.19273744072098634       0.55939313524803624       0.11023629041815100        9.5708905427210139E-002  0.17195373110571902        9.5232914202124333E-002   6.3512729950798014E-002   9.1894498399958030E-002  0.83771721169398450       0.18639676540577244       0.23999624982478876       0.19806023996580030        7.7330180176773886E-002
  0.42635046851939618       0.37860621742474077       0.42195258084357318       0.51970030221424390       0.39549385769524253       0.49742836242561300       0.42992423456191886       0.38131986063327605       0.39363794782245076       0.40185013987586726       0.44887649467298374       0.46261234820479280       0.39255559593471967     
  0.20967578824359775       0.58578713493627732       0.12771637595165553       0.11374248740515563       0.20016860331009445       0.11235421284461070        7.4824053223326095E-002  0.10433520880047248       0.84818573251288198       0.19759951391256059       0.26219580650299706       0.22206838619236599        9.1473154922324412E-002
  0.47661326764166229       0.31884363054474107       0.43687019361231660       0.48942260028854995       0.37035868206448563       0.44963736663124643       0.41210450157605782       0.44962339635590681       0.37181806005636647       0.39147970373913726       0.41147370593179150       0.44736246724018447       0.34743932882027956     
  0.22565641608037396       0.60954422544343667       0.14565547247834765       0.13198942526412166       0.22940207400846274       0.12919489485970775        8.5570727361821960E-002  0.11649364138119693       0.85696762819448946       0.20691695886617759       0.28169248058146557       0.24424062409614500       0.10820711561883067     
  0.52985375484475705       0.34161775473663542       0.54013641417080183       0.46287640952938175       0.42751825306577362       0.47157708963546846       0.39641398453514420       0.36689153607510583       0.40007847590457135       0.44240053288998010       0.43291598593935326       0.38695494134047620       0.46273282269108157     
  0.23874265701974420       0.63144463726904276       0.16314740555175508       0.14970595996098679       0.25925091250602555       0.14612686708239525        9.5974633708815232E-002  0.12717461206175129       0.86596610324826706       0.21514244815401168       0.30082724685938456       0.26458885723751524       0.12448424387143436     
  0.40403679283447447       0.38414888981481538       0.47265264423662690       0.41566502024583468       0.38667994221887753       0.45702571476155018       0.40411983330671541       0.34391944414033038       0.41888638419547208       0.42716595408614522       0.47135406992223366       0.35112873870562905       0.45253828660628548     
  0.25122943097680439       0.65262770879867960       0.18003772580757266       0.16700035784992903       0.29222850000066819       0.16296431750136897       0.10656885279604902       0.13850909790787050       0.87414116747330850       0.22266293580445179       0.31889990643538985       0.28408440067357310       0.14006254353601746     
  0.44965427890041870       0.38413828069832689       0.44860821439357756       0.52127893186153029       0.44540416519698156       0.46169675497104812       0.38187750884375876       0.35112873870562905       0.45358695876911032       0.38715509620095900       0.41663354462609198       0.41901300639731476       0.39947409508973669     
  0.26389170573622661       0.67109201566201915       0.19414554323396818       0.18400128381918265       0.32201079494047147       0.17879658028909456       0.11685190467050650       0.15082281870184355       0.88032685077139261       0.22963060874818164       0.33537645990556469       0.30237423478601072       0.15559829942720180     
  0.39513372095412663       0.40967967678406031       0.38791305517369090       0.41621083568984668       0.46654646149121792       0.43571340664097841       0.40617945868092376       0.35068688693807526       0.37150711265559344       0.38637976926941037       0.42011160943722203       0.35512313426062214       0.43158495241332140     
  0.27594234216525798       0.68822950052976806       0.20715776356294219       0.19987464020751772       0.34996783094479716       0.19413720508036247       0.12660430966502628       0.16304209493617114       0.88480457220526987       0.23636768946131947       0.35123500510595779       0.31938600561693203       0.17095121862682602     
  0.40347794927524533       0.37035868206448563       0.38837478160663014       0.39887580169782150       0.37964724888566209       0.40867718946379489       0.37239878080385597       0.41766977818827034       0.40340538665284342       0.51605591577438314       0.39739274762692889       0.36599738974921842       0.44786052037636054     
  0.28770178856131917       0.70209954496390259       0.22060899046105828       0.21534215514359750       0.37424658059432092       0.21049506060922252       0.13602402713137807       0.17569809257233363       0.88881176227979730       0.24288551376819154       0.36602119288782575       0.33504896121384120       0.18599692245615179     
  0.46422180718106337       0.41086158441067167       0.42916246931113339       0.37544164644639338       0.38076456152452687       0.45903192010281624       0.39284938214524268       0.38045491087663175       0.31561240850247779       0.35890888859061332       0.37977162063013908       0.39863670083282099       0.39696924087748398     
  0.29966518537468884       0.71467842320570840       0.23381024939229395       0.23108017402490652       0.39798852556491970       0.22803189638577415       0.14541586000612533       0.18767953099875875       0.89247686394687531       0.24934190328820530       0.37989445778859476       0.34955596886802026       0.20093030741331569     
  0.39485141423109643       0.33474627507874144       0.45804116466583478       0.39759681785559958       0.37035868206448563       0.44721691216657622       0.36124160140357225       0.34596162274224396       0.36129721627627359       0.43016628079643227       0.39443249104100181       0.34924969598923500       0.37477094313055265     
  0.31172635100095114       0.72545945381131927       0.24844343565734364       0.24646951404302922       0.42209226800528493       0.24556354638216887       0.15445129444219746       0.19947216134369083       0.89583145948677501       0.25628209069711455       0.39204871301259719       0.36639146954359020       0.21647378674511975     
  0.48812568490121633       0.37751172446412756       0.39954874493947506       0.35901846021582762       0.42289232749585542       0.45916087282504237       0.39254074880542683       0.33999432559804371       0.35920092276250665       0.41480535813363967       0.37791171285681469       0.34534325032260527       0.40732326877410580     
  0.32359149017679750       0.73582587977334202       0.26061039633127503       0.26256576375581892       0.44422386193896934       0.26368081370849866       0.16360157109647619       0.21188525816025289       0.89915735332929070       0.26335415468287526       0.40937874551045450       0.38437512940462459       0.23223732560909258     
  0.49089596577269212       0.39928736821795580       0.35422098200975433       0.41821075694587290       0.38923103226820382       0.46878955466570371       0.41652416057350244       0.34075818086670390       0.35045296508666324       0.38357143269698796       0.43398494457811065       0.45154487299379931       0.42217136633530233     
  0.33489267983196969       0.74592149531050134       0.27319674508542446       0.27926980594147943       0.46324849562803871       0.28279180094837209       0.17303550665375284       0.22521979971971082       0.90279894414882067       0.27009531308527535       0.42525136421765641       0.40391673811965384       0.24739359569809991     
  0.43616042710597475       0.41068358788427900       0.39758621201335076       0.41187199116058992       0.38344964354473082       0.37688944753015302       0.39093180368388786       0.37224943608793537       0.46187909115220155       0.43087110024598740       0.45153527231968238       0.45586121703416876       0.51954910606118809     
  0.34500843446265017       0.75512543735312343       0.28627316407673620       0.29598307477480579       0.48019305787488703       0.29350618149583463       0.18229402084080851       0.23843285373789749       0.90681260583601009       0.27590749274864290       0.44223112041092955       0.42316084517713465       0.26232077364734008     
  0.38464148832318218       0.35112873870562905       0.41520642477202513       0.38700987447217877       0.33498881805994773       0.39374880728727302       0.36796082979428374       0.40289365434776370       0.35771988308778874       0.43510360958648653       0.43594475393316101       0.41069946873152280       0.35392959526229351     
  0.35554578636344664       0.76395995911069503       0.29806963142946474       0.31269742586350813       0.49722896445696718       0.30452613954802704       0.19120481976177003       0.25189089904269618       0.91123255255496149       0.28172406998731175       0.45861306554735931       0.44107278343950856       0.27677672266540493     
  0.36733057718935530       0.41686191937671863       0.39012052783528306       0.41990269108356887       0.41203569124235168       0.34487846776359088       0.38771063410877399       0.41627295036908879       0.41087730419399765       0.39383971928699524       0.44411102575100508       0.47684820788497523       0.46931155080666453     
  0.36675323481144556       0.77301374700490755       0.31010932552603004       0.32901818221740209       0.51536610211725398       0.31546352614977291       0.20089951108588217       0.26572017844040646       0.91563899498915702       0.28733821778101576       0.47405285823624183       0.45730645106815732       0.29219973221441081     
  0.35467881455584949       0.38396312022683821       0.35163014097897433       0.39236136935390720       0.42177081606901179       0.37174806134399241       0.36063618800188146       0.39533194026252150       0.37373195623981997       0.38566982376634629       0.41881302365149164       0.39816516872773111       0.37424412114884004     
  0.37768576096305861       0.78247838727158991       0.32280675214770455       0.34497415590566277       0.53316619568335799       0.32775059172669074       0.21143993565283739       0.27967170474133257       0.91939068578624672       0.29259208663745595       0.48877716062808674       0.47221536379638557       0.30903523383246928     
  0.42806414379482460       0.40990373423168730       0.38554774624087701       0.45085725720548631       0.45168066042531368       0.38772258589144676       0.42304992803890579       0.47719749236393350       0.42307682038601396       0.38935756139561367       0.41761340212369913       0.36503194844971654       0.41632604059795120     
  0.38837305983891141       0.79150900728036322       0.33540851702550384       0.36156588987765304       0.55057681649140522       0.34107249085517882       0.22211966205197120       0.29305708360603172       0.92286038339931153       0.29803392326616557       0.50371516952777196       0.48612973963519229       0.32595303877813936     
  0.38700198676614095       0.40314207400517932       0.45379302989269016       0.51540640439570584       0.35112873870562905       0.42530932565524865       0.39193895096903941       0.39475930834608153       0.34010989800072977       0.39316756145571086       0.39162983599501139       0.36694361545239279       0.38334416227748175     
  0.39921165912101508       0.79963775215708555       0.34805543861503230       0.37870942271893887       0.56696136207931092       0.35572343564283471       0.23253533805699711       0.30555962125779407       0.92605268877992741       0.30296738614605206       0.51975015405460334       0.49956663265959267       0.34205804906952320     
  0.43176768679559652       0.39364693283110802       0.49424953925202991       0.42657816881148408       0.38540403681220275       0.39128965014907124       0.39852519828923899       0.36084937791015942       0.40796301065146606       0.38358920917347000       0.39006220225088367       0.37964671109452147       0.44397812854629953     
  0.41015940882132440       0.80732073622779121       0.36005162958088105       0.39539654904983429       0.58241917129201926       0.37180001206039021       0.24291456223483540       0.31791903518556658       0.92919909073769069       0.30850819955552033       0.53449533895054246       0.51285584437799303       0.35845281010957836     
  0.40819670149834086       0.47574204817006288       0.34237763300770307       0.42969596923353881       0.36435264518121147       0.42544396836110143       0.40382363168665880       0.40887859129624810       0.36196674276761753       0.37982346316403187       0.38395502199045889       0.41641166566200272       0.47568958688385221     
  0.42096063982740162       0.81504041800936988       0.37457811409730213       0.41156584302105209       0.59577262812550569       0.38945692076386612       0.25289337099944698       0.33534395391454075       0.93236629872982402       0.31420826351666842       0.54950511921845158       0.52552666475922161       0.37529072319967577     
  0.39036259475815882       0.41707546755457842       0.44214210660555292       0.45121678176943281       0.42902217508716689       0.44311022734209221       0.33188939691912206       0.40391565556809156       0.45336560738290138       0.34727307441578581       0.42135436467266441       0.45950027408714567       0.39879171725744711     
  0.43155716140628392       0.82248970605427840       0.38927521497796713       0.42729991050817251       0.61348302437953950       0.40794567891972289       0.27010577975882388       0.35302263175570087       0.93536548512285422       0.31967289855279685       0.56380556962129746       0.53843454295716431       0.39143829941432629     
  0.44830902006867629       0.34288538870387297       0.38484923941373816       0.35132800638795397       0.47193273214298165       0.39326205714513945       0.52797332395418362       0.42048411962274701       0.45716924670438813       0.35906921456037411       0.45892018806278634       0.40096095911945751       0.43750438351453247     
  0.44244078947371579       0.82955810464023572       0.40438523072498650       0.44248738139768845       0.63225480283844815       0.42429159408711842       0.28596547721205123       0.37155722775487843       0.93814548842855783       0.32465255516343217       0.57778325095605843       0.55179416725901342       0.40637800176711159     
  0.40668602354448308       0.35672258561495040       0.42333841505243563       0.37052105695758003       0.37673206317193375       0.37878699074139427       0.39615408572952510       0.48799572816290804       0.39812137719228363       0.32931498493315103       0.44213271988994951       0.45025795947656144       0.43849559720641607     
  0.45365782710175084       0.83638482605956399       0.41990429498520654       0.45714044983515278       0.64919523975709414       0.44023645755187324       0.30035323605141856       0.38960316604817624       0.94080091390969511       0.32976987641544042       0.59128533481937140       0.56327190316201392       0.42250473369177260     
  0.44867435399425637       0.40773932355704040       0.39618072483830918       0.41988862498492679       0.45244363513260283       0.43299449957632136       0.40798127103289877       0.42745636756433014       0.36489580127580928       0.39775092296127301       0.35902017317980117       0.35023178784609232       0.37998418076847162     
  0.46398582250146553       0.84316437551480261       0.43459911566194165       0.47170434256667293       0.66471961330367013       0.45567547240449441       0.31384410748904057       0.40548852169941219       0.94334949923787215       0.33499150621673973       0.60494433290498384       0.57410097048224495       0.43922039870063340     
  0.42600617129049989       0.37474106462743639       0.43579987858572988       0.36933612082329276       0.36714141360440700       0.48302925506053412       0.44533006781600504       0.40570224797067167       0.40601982097563422       0.39752255452648855       0.46894819741680488       0.42585793540045574       0.48393681184134468     
  0.47394186426022000       0.85002778592605777       0.44965994514029356       0.48573452068255124       0.68067508041929092       0.47102176644641403       0.32753547631150959       0.42095462111743320       0.94577432413366169       0.34052321477176872       0.61789879940027348       0.58572924577314678       0.45587062533101452     
  0.42098984291978386       0.41945405704984579       0.39848675827340496       0.42987992011900639       0.39454417670694042       0.37838130691732608       0.43780379749788134       0.41164146009401720       0.44019068018935725       0.43535924372023088       0.37826947498289243       0.40258761063595294       0.42677859704898108     
  0.48346583952041983       0.85679064649340331       0.46359406245515955       0.49951141522770814       0.69769528107575529       0.48556617953286846       0.34192771850712883       0.43682694087944057       0.94808570582891194       0.34619930660733805       0.63144767663928913       0.59700282481002354       0.47227363083153751     
  0.46308682968419373       0.38252042673543990       0.36306473634235342       0.40607956207830892       0.45825818056589857       0.38122763930584441       0.52693841523404394       0.35545984953289295       0.38242263801593535       0.42185986733742525       0.42015337853619783       0.36233801063817278       0.40703137500926950     
  0.49330234323646388       0.86325097722971988       0.47747608416861270       0.51263781709265233       0.71405533984931990       0.50129269253891229       0.35673021328456400       0.45268231078887189       0.95022965717961472       0.35192845519269961       0.64437078514505408       0.61030273432218307       0.48846957909281646     
  0.42496237815146326       0.51190557150036442       0.37160722352926262       0.34532633132805823       0.37393262945484240       0.39857891746043089       0.35791376621674476       0.45961182963415520       0.40859457381653302       0.37897867014762932       0.35616204888335234       0.39675988468136980       0.42909716207997811     
  0.50325241345617377       0.86950121727756724       0.49193546845327990       0.52486339285710504       0.72944758974579205       0.51713529674504177       0.37289260543404562       0.46892143271837017       0.95230662558009060       0.35788478080261921       0.65718933645436794       0.62246604178905396       0.50458791384677415     
  0.43534706684992674       0.37900649188727525       0.43643513939867606       0.35990846984695657       0.53656411389091063       0.37923732917202885       0.54370079646701786       0.49616699405646969       0.41912517135444027       0.39486685033477292       0.43181673268734522       0.39345230916784418       0.39165584016216076     
  0.51288530680414790       0.87539337233345305       0.50742444110956220       0.53772955616530838       0.74446374841058827       0.53176371543903922       0.38963004528215717       0.48484441321520982       0.95423556869959303       0.36385776907989104       0.66905229183076276       0.63319888466650931       0.52140718537387309     
  0.40237602637968761       0.35155625689474912       0.43179745917311407       0.36484747454467781       0.51711227552051120       0.39291965510309540       0.38871436205726667       0.40218833626566730       0.38894266006886358       0.37608764287707597       0.38889398102201711       0.36926661780894865       0.36112711150270738     
  0.52235788805390670       0.88113538140914294       0.52442083372928172       0.55034949833203850       0.75652810194208020       0.54555106439254741       0.40607385970934062       0.50053744373898990       0.95611789964880090       0.36996112358495603       0.68082698624804194       0.64398167865187517       0.53894862654976872     
  0.42016128151455157       0.41300819790974719       0.40353849921019314       0.37424502075697647       0.42849916118915049       0.40326571455218707       0.45945270317880571       0.41913959525375510       0.40545386076247608       0.37138581011572264       0.40409142810426024       0.38116923632387267       0.47619513053462836     
  0.53151098357166093       0.88691736529874587       0.54110155627119116       0.56356619000724584       0.76687844580303854       0.56079014934959737       0.42257226126340514       0.51621952727843146       0.95803737598368277       0.37686640098355950       0.69297728862802666       0.65488264683733077       0.55607014120691045     
  0.40317219867943827       0.43104486766150724       0.45223403026629472       0.46433825415999641       0.44278189989803030       0.40780115645327264       0.38906585775441399       0.42474419149960879       0.35817084260183463       0.44933486950916418       0.41203569124235168       0.41933372879067782       0.41461368517609609     
  0.54069297307607334       0.89256766129174980       0.55715346599622451       0.57735721735867263       0.77775980169846681       0.57559913270712537       0.43875085674696024       0.53240736785231291       0.95997483132316641       0.38426136927857291       0.70551597051514181       0.66658776737286596       0.57367849586305852     
  0.43186447032954189       0.45792937925706134       0.39153772045060425       0.45389077884724516       0.45205497951470930       0.36822817245274164       0.37983114012921015       0.44958830843267605       0.41568431893027175       0.44564937286818107       0.41511920610018227       0.37989590198608369       0.41191037859406227     
  0.55065935281182787       0.89783678291727553       0.57241886411559251       0.59084645909463840       0.78841221028560360       0.59325267637770218       0.45472149621025476       0.54744212401193582       0.96185610339830341       0.39189853204098674       0.71761752706471504       0.67701877562096835       0.59194084533241376     
  0.45163262837279933       0.48126667394971684       0.44015136248658771       0.42603595335979427       0.45646503601270011       0.48387730507151011       0.51923569573928585       0.36409693376062069       0.44812260562583345       0.43824624415658564       0.45128004505942021       0.43259210056015912       0.49920301908530568     
  0.56034556414378722       0.90277019157817340       0.58811778107031587       0.60442166177540646       0.79880631911331157       0.60987547421964317       0.47053033930251803       0.56219788992563291       0.96360945501892759       0.40070284302108611       0.72917012595349173       0.68649247227595744       0.60988341003877111     
  0.38468343377646202       0.46285322571704396       0.43529508169998871       0.41737453349028075       0.37985918992272039       0.40659910044195718       0.39431709579885610       0.42001219968440157       0.42357773818918626       0.38896627010031315       0.36852938762965953       0.47425644794511479       0.44586016811014584     
  0.57059097624149446       0.90740442950129818       0.60456022451924118       0.61834573732266207       0.80932732734534074       0.62534861417665732       0.48667388080970481       0.57846867796683799       0.96519816591700558       0.40926776252273966       0.74009541450036598       0.69808897846533213       0.62770171619392601     
  0.35132294725391333       0.47445608580958498       0.39514130913865908       0.37266225128915514       0.41316104699739098       0.41562242313127301       0.43241964818876055       0.44122314987731970       0.43602919151245917       0.40882965290459899       0.44127214781276197       0.43033204455968860       0.45844501511568581     
  0.58057376188014820       0.91185525016588653       0.62110954929279150       0.63208715456803788       0.81935693036453139       0.64152948475198013       0.50373341151442652       0.59518631570920366       0.96684029134342087       0.41721384028528924       0.75274600462340269       0.71010774802212340       0.64594254065571766     
  0.36897502524566561       0.38841141600683804       0.47602329611308553       0.46762693434931091       0.36902725552036114       0.43211038956178688       0.37662061973025823       0.44994832545670349       0.45778998018457895       0.45926231644837273       0.49178887225240592       0.41378161829836374       0.39526439176031869     
  0.59024934708789878       0.91614658130128768       0.63786717055318043       0.64615879593990122       0.82769227830299796       0.65759853778769928       0.52266639201417608       0.61173186578715633       0.96847501507974809       0.42545100999086205       0.76626171201988180       0.72287544626194267       0.66533558734972909     
  0.37107503279050641       0.38536454067932907       0.42581740101523091       0.39011238304436591       0.42636283482206822       0.39585101663037497       0.47797984714919378       0.41392026329749593       0.48962455358923596       0.56262182342075462       0.36818848644175700       0.36971175449199456       0.43472710878544718     
  0.60033368142597399       0.92041709832490981       0.65387527975025406       0.65963290300525301       0.83612916702109230       0.67313148523803479       0.54196416409758197       0.62842815392045148       0.97006070153713597       0.43275286271707575       0.77834938847202584       0.73499721923496719       0.68434944851457014     
  0.43592438471732953       0.40774954096402233       0.42822617599298729       0.42061035215751891       0.37109921112953620       0.41110281824035527       0.43459020892625388       0.41370752143790895       0.44263177627429601       0.42962122722467094       0.45536121800298140       0.44613470210743134       0.44331697252590990     
  0.61073640479572244       0.92469016634419066       0.66989308527541969       0.67138120854676930       0.84527227705668129       0.68710616172581906       0.56072174228352700       0.64628854056894602       0.97164877797443772       0.43908287834681425       0.78890582007930787       0.74866980719398035       0.70241221905444751     
  0.44938743937283226       0.51506023788432254       0.39448197306742411       0.39858192290778005       0.47709557394041685       0.40398818198737552       0.51486006402109352       0.43077198351378548       0.44298299299651483       0.44466576223632809       0.38842669213794362       0.40206491484607798       0.46067820634623985     
  0.61998902494764718       0.92890444363370750       0.68520861251426435       0.68569445463667744       0.85570735102133944       0.70150781973566634       0.57814342656830808       0.66403971352981161       0.97316230284886029       0.44688271494048520       0.79914290301144253       0.76295811893620602       0.71788718115069894     
  0.41284541213153386       0.49138481302473053       0.39896244013333620       0.39603874434718755       0.39661364151812645       0.34817267149236314       0.36687749589928381       0.43095295069151796       0.44514942787923095       0.41566991999655545       0.39982260029750183       0.47333906016141047       0.40304791208099439     
  0.63088244148299788       0.93308159983340822       0.69967806985307968       0.70064140715918177       0.86446609287474085       0.71594568919267221       0.59355278413261803       0.68086194055764515       0.97458993956475304       0.45527673688174258       0.80936564001457423       0.77688713847587332       0.72943305915807577     
  0.38710800230860964       0.43657663019620285       0.36599371373332706       0.37549581219640893       0.45243304687902131       0.36813564291408585       0.49123987056178298       0.44817153702263779       0.38438308961016976       0.43851650047204627       0.40886499359769168       0.43475577409185479       0.42454464659368568     
  0.64183396206358978       0.93731259824034807       0.71464877239286839       0.71615560111097620       0.87108194900898062       0.73007889843058549       0.61048959613984832       0.69899282055907919       0.97599049093665657       0.46507187230737879       0.82009444378557117       0.79049421388894525       0.74222658649575479     
  0.48386602998931905       0.47025211635903719       0.40635309308144302       0.48741972169770054       0.38308341071562013       0.39173979679277060       0.41082012712426108       0.39205747971138005       0.46140322903192099       0.47929081881766766       0.46288463496803289       0.46977941635095344       0.37920673775388924     
  0.65271392163141284       0.94141230336922044       0.73048539873192042       0.73221709060349982       0.87843414058158076       0.74482080280636409       0.62895570771694409       0.71807863438842445       0.97738198225478656       0.47572739708562944       0.83105705744727099       0.80426708690170878       0.75698002358892202     
  0.47233251480225563       0.43946083223458010       0.45589178152492515       0.36051104069689988       0.39967525691708411       0.37035868206448563       0.39992462331103990       0.42884070864853091       0.41633296388886415       0.46610102675321557       0.45454392634408469       0.39147880630334964       0.40997589817935082     
  0.66475151525434695       0.94541124008189314       0.74724384658251697       0.74857586435835466       0.88526168202154631       0.76190780295206184       0.64891269168680554       0.73456381447668584       0.97873781677799521       0.48567455983412561       0.84124709234348283       0.81852452515076357       0.77285691899491660     
  0.36757166571511229       0.50045108470972033       0.38185865187475615       0.40931101070100867       0.38748445428781103       0.41371139305432242       0.41240269271104291       0.48325450885542881       0.40690516879246730       0.38786136307561409       0.43541513381081265       0.42071707584077034       0.44570587946205015     
  0.67738920556181093       0.94957142595949384       0.76413999564981572       0.76557100159182256       0.89401311276200113       0.77890019886213779       0.66925374821107941       0.75119770870390257       0.98000328019606009       0.49623788114100303       0.85091604821032762       0.83244379526048284       0.78698628774852974     
  0.39879740769120875       0.51165839157063508       0.46098961543189948       0.45082613359180579       0.48718005167357470       0.46891013585058011       0.37094534869380313       0.52037042994829430       0.45095881343704541       0.39299127307000081       0.40953021971776432       0.45664796427608095       0.38319612573035344     
  0.69146835403346851       0.95362549196381396       0.78104513530167452       0.78240327978652890       0.90307622183114111       0.79452330642244251       0.68931172346489700       0.76714182254708585       0.98121927375221973       0.50690587347194538       0.86055680831107451       0.84542769645284810       0.80009544972756552     
  0.43241954456544274       0.47353970409340945       0.37215391146701277       0.41111604527895296       0.43347003718480215       0.36916287538859699       0.44705800001926532       0.47210205805031785       0.42184052028279578       0.45780943243387107       0.39190437076753093       0.46512077819968473       0.37627004496107935     
  0.70628231599032132       0.95745876875425540       0.79803137819370162       0.79940386845321965       0.91154996937169253       0.80994603317044289       0.71009882494115684       0.78282424509584303       0.98259441902516365       0.51870787469056823       0.87047185141138217       0.85743172382750643       0.81370274718836155     
  0.33686162491018218       0.45884312821040724       0.40164406869032510       0.43762232051012212       0.36722508165922269       0.38827347287284192       0.45360569079426488       0.41098644749807306       0.43247383628974678       0.44437468207544084       0.37917643377146659       0.40651449804089190       0.40192368740067791     
  0.72145771458548325       0.96114616523804952       0.81413992391120116       0.81560200894076185       0.92004217489284101       0.82536799590838250       0.73097514328721946       0.79853680247651837       0.98397593567197583       0.53128384258731232       0.88042649508133475       0.86917107387947923       0.82725796506731264     
  0.34721182624417901       0.49597889847530852       0.38854550438957081       0.40244521191710020       0.43645646614784589       0.50864245187273449       0.39953094476087730       0.42181529080830615       0.46866943734602390       0.45766676096325826       0.43660627307600242       0.39310900903974683       0.47645620022561191     
  0.73695433640496888       0.96461599573328705       0.82895017372823965       0.83037121351967424       0.92831689036560350       0.84204730711360254       0.74827933866246654       0.81444576458539386       0.98536573005843231       0.54364456628020297       0.88996672043917857       0.88184488532234295       0.83952937927789340     
  0.44392156707421215       0.46289689979660448       0.39695324233721690       0.40779388879040390       0.43139282930395972       0.34208538607549038       0.45604166945720820       0.39724753618896658       0.44832721008405763       0.46803921242237428       0.39559562452192282       0.50709307179726026       0.42535099551777805     
  0.75261829386616419       0.96795724625635871       0.84334764773349402       0.84575685275285684       0.93610282230333419       0.85996162867155779       0.76622459366739759       0.83217570001078500       0.98670680530565547       0.55624317868205431       0.89926201071720413       0.89388234210158413       0.85116699139020802     
  0.38462937410211412       0.52210534502623895       0.39064177397207112       0.46104542060440895       0.41567629258895222       0.53311736719805447       0.37873861535217923       0.39100324192453217       0.44859897363153001       0.41219254850396586       0.37176120347224872       0.55815286378285089       0.34880298239548146     
  0.76795692351051914       0.97123654584556851       0.85713213435251068       0.86187018702810325       0.94372345492026466       0.87759586005079171       0.78745320538519281       0.85037284534280222       0.98780501551718469       0.57139121134974813       0.90884568729780213       0.90699220830802485       0.86709156702811530     
  0.40766153232213198       0.42394743807794566       0.33789826616659968       0.42992938440843420       0.43173695147404645       0.38402991760621452       0.46204778998880586       0.45007243674666703       0.40424076472998238       0.41303521519693254       0.38939497112603016       0.43985334633667772       0.35508499782700054     
  0.78304476987507865       0.97442437428713435       0.87051177572514504       0.87810276947268717       0.95140246055798972       0.89233778409066622       0.80958603761902637       0.86894427361153181       0.98885677069219247       0.58820627671275949       0.91898259857742637       0.91977950721722335       0.88371618718004852     
  0.40679144683139723       0.45949774027871643       0.36360969709908053       0.38508324477561690       0.47102399313544691       0.40110385353428163       0.48352026615096505       0.44354213424212874       0.42176600171575312       0.40952574078734921       0.47369312423412357       0.44639085281217739       0.44030593870979462     
  0.79927422428218409       0.97754061763752487       0.88624431752156463       0.89420595984594586       0.95892786292238974       0.90777201643085936       0.83049808157273075       0.88854604800347903       0.98996230535600316       0.60496036016786203       0.93082772823875604       0.93218687675316347       0.90081397390036744     
  0.48385340259315951       0.47964834059300582       0.46492120270444642       0.44158122572913566       0.40336084719080090       0.40450666134059188       0.47723212103302870       0.47286522148300564       0.43925013260285783       0.46007605993329581       0.41222733981762999       0.43639291504549432       0.36214703727065989     
  0.81706609182325396       0.98088345632456819       0.90298377724508372       0.91046502077355096       0.96644024106623871       0.92231394190517568       0.85324764112621021       0.90820408259009833       0.99105406776095162       0.62255689823548188       0.94205645873227328       0.94455560473421551       0.91800622594419523     
  0.37982950654352410       0.55799323141806945       0.37584301285488214       0.37684413644340770       0.54600051236833347       0.41605331526733536       0.36062963334980497       0.47992001995056904       0.48743606515570354       0.43566486493498957       0.46142306373240843       0.41912251953628882       0.45640180250530893     
  0.83650749902398747       0.98426977210110767       0.92124324875542152       0.92765776286946322       0.97348499864961036       0.93710635125846564       0.87837378573685920       0.92723707469215733       0.99210152223072012       0.64229382809341928       0.95314734753372432       0.95690381999516905       0.93440587847555434     
  0.39342475554968320       0.43153734979550762       0.43100916566777830       0.40140945006735429       0.46863183284707732       0.37764176736710625       0.37260179612435917       0.48752725426301624       0.44782534409687469       0.39301591260919660       0.39893597287522414       0.44367835900628971       0.39699912145214999     
  0.85918731511241864       0.98778991995664456       0.94045595745387134       0.94593234484553901       0.98029693154929232       0.95385650734889560       0.90467812385518942       0.94568203375582816       0.99335530074437106       0.66766202436385103       0.96474213886829907       0.96851559737490400       0.94989625994406024     
  0.43844187395048317       0.38706099690964968       0.42653281022249195       0.41382840851836472       0.39131769768889485       0.47647156638436033       0.45075660580184629       0.42789755775927946       0.51648314659410943       0.46859250389360491       0.41994281782885695       0.44952158281659610       0.35312886440367175     
  0.88846835778863931       0.99162107487646800       0.95975283413336931       0.96447929148742439       0.98700711954395848       0.96957502989627198       0.93147629930411191       0.96432118108702924       0.99511555626178239       0.70822508355153801       0.97618240312249482       0.97902421746169366       0.96641198460584143     
  0.42432176589253678       0.57117071869327063       0.40306633201843922       0.46510764933448251       0.47867021028412288       0.50868382824333247       0.36885455050502630       0.44407786423433337       0.51746003651561034       0.51090860505985980       0.42110576525870619       0.53057793596931935       0.43970666657288210     
  0.93307337296534776       0.99566144509025678       0.97995905380121229       0.98199547119778352       0.99361326970709962       0.98460150023569060       0.96375364201649005       0.98262065865830395       0.99749485958423734       0.78826590630610882       0.98842324482273647       0.98945007220944647       0.98377461494498053     
  0.40099794131313204       0.46687311937018461       0.38244865802456851       0.54116668800554779       0.42236638679678346       0.40566432804953489       0.44498151274587905       0.44263812692430909       0.51493992727960569       0.50110455742888338       0.40822775058856703       0.40698937643531757       0.43818402075435176     
   1.0000000000000000        1.0000000000000000        1.0000000000000000        1.0000000000000000        1.0000000000000000        1.0000000000000000        1.0000000000000000        1.0000000000000000        1.0000000000000000        1.0000000000000000        1.0000000000000000        1.0000000000000000        1.0000000000000000     
  0.34951308736591880       0.33101134517413233       0.47518006426461062       0.48232246549430569       0.41399120500961628       0.43810148764990542       0.41865100010453743       0.40589097203858782       0.41497975491041450       0.31588469427435434       0.46439371407831503       0.43161114283323998       0.39648489549589483     
   3.7077091268433966        9.6319617656506278        13.556229650430483        7.6649569543914078        7.2725681959057997        9.1311649268218407        6.6993971430699757        7.1042752291216376        0.0000000000000000        5.5915661075740752        7.8838285953236831        8.1359821701365433        8.4602701022696198     
   8.8159093786610345        8.9690437513331638        10.537443616490805        8.5150104124692767        9.5424023578277666        8.7516117209960669        9.7516260641172590        8.8121791251295924        0.0000000000000000        8.3727473840697950        9.1629757652308648        8.7757780106101855        9.7412519664648212     
   8.7161531422747078        8.9057837486020173        8.7689439860817604        8.5914231491513853        9.6777395896828597        6.9572103653598161        9.3517343578702850        9.6260645999240957        9.4021961904110967        8.4802887903570134        8.3660281580373894        8.6786857259414312        8.7441910223719894     
   7.2330003216603629        9.6763402889944015        8.3400651293159811        8.2618693546962625        6.7406063255660440        9.0323454760804829        8.7751335668703732        8.8286531597808171        9.4902356438249544        9.3257772184815142        12.007752200163177        7.9878057152883857        7.4532901244516347     
   9.6966973714898419        9.1306906809706643        8.0323270860121063        7.5180214713802096        8.6770352089386922        9.2087040634467527        9.7360529479705757        10.034543370427089        10.312277589555970        9.2567482927716558        8.1696752745799923        8.5970368187189958        9.2954095903384992     
   9.3947666113115780        10.271431240123599        10.519703442484175        10.760090057322747        9.6429524814031353        8.2450787133104164        12.011537243306515        10.727995442268870        10.615274028005473        8.6019911912888762        5.4737132691387931        7.8253619896586404        8.4676991401539805     
   9.8826209852400062        7.8736242274163502        7.5500294466222044        8.4762542147795159        8.4394439043857030        7.6237105044720206        8.6512072694644591        7.3561944663591996        10.878438622097729        10.763773664572467        8.6030925376191689        9.9876249791273768        8.7374978296929022     
   11.181474279193100        9.1776682193571801        7.0330299161186085        11.724033548477335        11.700371635796124        10.474532034765327        9.4498782782862794        8.4417738932414998        9.1036971396002748        9.2348554896777824        9.1966550664140883        9.8753539082144144        9.6486122207182845     
   2.4447336487053996E-007
           1           1           1           1           1           1           1           1           1           1           1           1           1
   3.0208033321319116E-007   2.6691347000317610E-007  -3.7352507173727999E-010   7.6890668780877993        6.0827148996849930E-009   1.4233864290567975E-011
   5.6783986430303922E-009   5.5393303962892838E-009   1.2061622718126202E-009  0.24551339066496050        1.2059988355120025E-009   2.5409186953122359E-012
   5.0000000000000001E-003   9.4049198272353305     
