   0.0000000000000000        0.0000000000000000        0.0000000000000000        0.0000000000000000        0.0000000000000000        0.0000000000000000        0.0000000000000000        0.0000000000000000        0.0000000000000000        0.0000000000000000        0.0000000000000000        0.0000000000000000        0.0000000000000000     
   2.5000741084181148E-002   2.1944713106992202E-003   2.4359181348105777E-003   1.1114526405910385E-002   1.5533609165233584E-002   1.1575421988411829E-002   1.9845336919350646E-002   2.1733733762955027E-002  0.25849957579980587        9.9058837110621537E-002   8.5844739221611413E-002   3.8342131150438191E-002   1.2816662673502767E-002
  0.75817399367957095       0.81556639468537440       0.94804592286298095       0.86051253030416008       0.75196404149449181       0.76129370357838833       0.65913819570935162       0.71804770500444093       0.60646565832395105       0.60646565832395105       0.65546840528548656       0.73598788223842249       0.81197356930583464     
   4.6627869022148265E-002   4.3818260805361343E-003   4.7513616772983771E-003   2.2660095186269040E-002   3.2368780028154388E-002   2.4414252649471252E-002   3.9246302086156093E-002   4.1014841954809755E-002  0.44404513189940881       0.15428313798181387       0.15409491996439717        7.3269964269031596E-002   2.7113808914988494E-002
  0.74770436045171107        1.2301674580228004       0.82389570500893106        1.0310750369870896       0.83676581382329385       0.71488061290660687       0.93897711861923905       0.70193546137310581        1.3771093123802611       0.95815789906548132       0.65847556645292082        1.1652635258799273       0.74413854450828043     
   6.2017217858171290E-002   6.3100034825351531E-003   7.2857710129508885E-003   3.2188427501822672E-002   4.6083458837573171E-002   3.5993081426262924E-002   5.5999357631858399E-002   6.4654997855941712E-002  0.47069144420290265       0.17394180891415981       0.19782716628882152       0.10398713216970369        3.9580408438671430E-002
  0.73631615789970251       0.92234558091686958       0.97952114619119901       0.70060569651980698       0.82556841683486692       0.70333963047668113       0.66528165469863054       0.85379366457409755       0.68164721239542647       0.72791750121577592       0.80815542657871842       0.75058065803353868       0.66307993691272193     
   7.9197027026178313E-002   8.1951878767350314E-003   1.0088551426114110E-002   4.1241523997998693E-002   5.9921644436304079E-002   4.8551290430647237E-002   7.2322009299131962E-002   8.6937868780135111E-002  0.49739857043070251       0.19100933082596039       0.22960832490786781       0.12927483863362307        5.3309868650858176E-002
  0.77763039947816470       0.97267001081953974        1.0399285622735923       0.83356536082666033       0.70120185887966202       0.63325614227002391       0.68581832206159499       0.78115416051330189       0.77495334441120645       0.92078604865364122       0.82652926164283158       0.91849225274523583       0.79049270240808556     
   9.8173677668051545E-002   1.0087558865315097E-002   1.2850523447182818E-002   5.2170169434340094E-002   7.5113995241423218E-002   6.3174404039463672E-002   8.7604280057434564E-002  0.10829706874725156       0.51937150472967231       0.20248655808978758       0.25513200559782040       0.14930989790672425        6.8714908829813529E-002
  0.81999587191020229       0.76364353655470163       0.94556253614977481       0.80608118497099535       0.71128706267138408       0.69520464442118302       0.67281481454144343       0.81478155483554016       0.83013929579686485       0.80334056677495447       0.82694294033376314       0.72451214966125621       0.81943539699388490     
  0.11697490449292407        1.2247664533896778E-002   1.5907114376921140E-002   6.2266110189554053E-002   9.0404178259061690E-002   7.8940545278706725E-002  0.10425524855559115       0.12888330483138002       0.53991565065879121       0.21390953685751390       0.27607938200672327       0.16662753708818040        8.3985035245739498E-002
  0.75597596323053251       0.85826686791076445       0.75930119325010481       0.69606194000103738       0.71957552433364769       0.70853849180260053       0.82250582333699840       0.74375498810224094       0.72725914787213908       0.98248910877314821       0.77840463876034360       0.67880361478987783       0.84672350141417441     
  0.13587483690738048        1.4631162764530175E-002   1.9132032797886160E-002   7.1550701129320937E-002  0.10670477046528112        9.5990686175171383E-002  0.12048329325370474       0.14772078759389348       0.55725742891398999       0.22455794554486389       0.29300728820612132       0.18397712604572999        9.8978377913411533E-002
  0.80475499784813154       0.79542607122013054       0.81539607149584581       0.61550258576539785       0.88429719484985114       0.75550009087816450       0.82163273757221544       0.73056695582567910       0.77864681375230749       0.83912140145994563       0.65824025224425520       0.80818191253058635       0.71495472808964089     
  0.15277888022957267        1.7052161060155665E-002   2.2463009207097206E-002   8.0947411267961053E-002  0.12292857067148424       0.11202907384013340       0.13690962653990127       0.16591804920273268       0.57266299405876642       0.23386057053253795       0.31132539721756680       0.20111465799974843       0.11382138839421260     
  0.73614247729260318       0.75530468925003513       0.83323022440643346       0.78840975208052000       0.79727496838480427       0.78365646938850131       0.83006922266433447       0.75510095833582269       0.72597503731437563       0.70438792337525691       0.72478800364517837       0.92163339258521337       0.72290414587875707     
  0.16818915878270121        1.9397795534190704E-002   2.6214017532601282E-002   9.0444489043561727E-002  0.13976688703114148       0.12784532650774594       0.15091423487713254       0.18363103352121016       0.58612941120017437       0.24258192340991744       0.32972590087850634       0.21830352194755231       0.12788966646842656     
  0.76294435830326290       0.71784733715126614       0.92126319267975076       0.69492006426406605       0.86350425109830675       0.75183902422298854       0.77179073159744660       0.85736472656751006       0.76220712294501358       0.67386107345597568       0.74883693829990294       0.74777725671011908       0.74755880014576648     
  0.18318932111053801        2.1722697445615828E-002   3.0055877330493939E-002  0.10052108885574554       0.15673123012501430       0.14131620306004114       0.16661296964900249       0.20177356133073412       0.59879818999392009       0.25038706865212718       0.34797582813002798       0.23680328955325705       0.14154504373228788     
  0.68442002837330174       0.71593854672124790       0.79572505296332985       0.73039832168851682       0.84518852443563963       0.72999553434094844       0.77294380299643051       0.73370559308302530       0.75469677976351190       0.79492601218207826       0.71888094470711650       0.71591202057550563       0.76913803647126910     
  0.19713638401050224        2.4193005303221701E-002   3.3655640017103756E-002  0.11157671268251804       0.17350240560011984       0.15357086617489690       0.18032549709718051       0.22059539453256807       0.61090278907576123       0.25729709625599667       0.36531966031877117       0.25529231709307237       0.15638139663654158     
  0.72965667727810790       0.81049042726272591       0.81475168041575241       0.89317652819192861       0.89333741507953068       0.63967940295121273       0.86917790301636177       0.90174140964821214       0.69300862577411459       0.76964508037268986       0.74789993150794565       0.67487550411166974       0.68867884581540939     
  0.21475167367934861        2.6678018345135602E-002   3.7428073321351465E-002  0.12272964170881301       0.19063519327604755       0.16549675747122292       0.19441281808339639       0.23643267226572678       0.62297742916927679       0.26352851979197039       0.38221873556023761       0.27483048493658035       0.17245220630050526     
  0.68330484046151585       0.77776064292604297       0.80282041592195263       0.79659242738876135       0.75854932215433313       0.76765852723297512       0.74695058848079188       0.69556738476652469       0.72965588273782600       0.78405107910461158       0.80328850225054260       0.79775501571318985       0.77109002836177032     
  0.23246527620788335        3.0221027448282839E-002   4.1287060383206654E-002  0.13405005790239780       0.20860584117848613       0.17744043273483689       0.21041465662039036       0.25155422419091705       0.63475095357332445       0.26964389624998653       0.39921958336566854       0.29445410447644388       0.19067219725298643     
  0.80660105768969625       0.87663417211061889       0.65473826068629026       0.87954012680374682       0.86790739010340345       0.81716129960613071       0.82090838273506450       0.74866839134694907       0.74829141145780265       0.69747115330020115       0.77280609055237981       0.77232818168146511       0.86414655560864106     
  0.24975268610170945        3.3548221657249251E-002   4.5428781422491661E-002  0.14598754428309993       0.22698401676340227       0.19083886020123114       0.22660075490444603       0.26232778989262695       0.64608742975684752       0.27581328128127092       0.41672344392358407       0.31558216528525357       0.20812321096787420     
  0.78600169680499310       0.73615394966030645       0.72225558942188806       0.74042123467037657       0.73511129041547507       0.74407200033083754       0.78505076986559141       0.63227709178094538       0.77603245080220884       0.65244362683590607       0.67471213405697295       0.70685706327704001       0.83188138168066039     
  0.26789903020923428        3.6677061647723802E-002   4.9804368724022281E-002  0.15763788591966343       0.24518901477547930       0.20521834267439007       0.24364442543558262       0.27304588540290969       0.65642991359082381       0.28242344832747129       0.43378251580065919       0.33489334520252789       0.22444725624002737     
  0.94506386412894483       0.79175662224704946       0.74209417180652304       0.83558287901750194       0.76775130050416363       0.65282428009749105       0.79096486682122125       0.72715083465944896       0.74686939451276124       0.73391201233677938       0.77273596272826583       0.79147324703578092       0.76316414264722132     
  0.28251772238039574        3.9713292676963975E-002   5.4144070100305940E-002  0.16867449013373770       0.26118552134674494       0.22273219426161248       0.25979064825744141       0.28461785053825484       0.66502954377031065       0.28914508889607599       0.45112898652173683       0.35326828129089632       0.23952207627289612     
  0.74232023012338622       0.77095837680098378       0.67998404659177425       0.70405022328350908       0.77618954923802863       0.92908093847412909       0.80469143158564449       0.76196522232919761       0.77248540008585898       0.73960742558086956       0.73424717033747633       0.78825862455901907       0.79762881467816860     
  0.29718144949449493        4.3117639986151257E-002   5.8770871036209892E-002  0.17946442991177214       0.27438652289596821       0.23726297769705584       0.27566757640948786       0.29660128760069893       0.67322798151090479       0.29582228375564690       0.46775575542004122       0.37178855433636193       0.25397717638599876     
  0.75382444491679279       0.71216930356239971       0.68720833948272630       0.82482312209223219       0.74269515601031422       0.82747280844089610       0.70934956900433854       0.75987944715879407       0.68667143633346828       0.67459296809683589       0.78451573030916288       0.98435634637853153       0.65221313277167403     
  0.31334305378708416        4.7236926696903346E-002   6.4360856462809465E-002  0.18985937026929989       0.28922452793118825       0.25204875425713830       0.29185622176805942       0.31006684826275738       0.68166381810377819       0.30260473629358869       0.48428562118111668       0.39066089589947589       0.26944940051333749     
  0.72023661059823585       0.81536846882010794       0.72613745358216331       0.81632801211903849       0.70079764643929177       0.75214792454785551       0.80920893468943189       0.64363781646365315       0.76990311417448976       0.90732836443708809       0.83036461785072035       0.85277001286308185       0.75977762088739020     
  0.33013832140825039        5.1558959501724594E-002   7.0158284270061433E-002  0.19976549747193842       0.30457728565727304       0.26529504192351805       0.30774079408142485       0.32413887354936355       0.69040565609680271       0.30937705820057754       0.49970005144696150       0.40821862605078779       0.28637462594700741     
  0.70755999383125745       0.69108829465466393       0.84581642456217188       0.72593922870068839       0.73848636467435358       0.74938783181630975       0.87868402720116501       0.70277834978261333       0.69838245786846964       0.73644019208582989       0.75384776693264732       0.69976171442395374       0.68272196462656165     
  0.34871355756949762        5.5747352851218179E-002   7.6372874070404467E-002  0.20956603687419925       0.32105196675680486       0.27932371613613188       0.32262562107308523       0.33879384609049473       0.69941916752889743       0.31638507581165953       0.51406956544638704       0.42510320416129066       0.30221523461998639     
   1.0428979458150562       0.74796892426719308       0.73417597765460940       0.73387502668845739       0.69403612497760769       0.68319964793921817       0.86194493997480315       0.75954980872297961       0.76309213469551174       0.81912068778239411       0.88032577423997627       0.71463176176271892       0.67900259310754063     
  0.36651124358872961        5.9751846367102637E-002   8.2780240184185269E-002  0.21969296343919509       0.33824720969889693       0.29361442048597797       0.33706656969990045       0.35243768584913937       0.70789879894137531       0.32342512761468939       0.52825806407322307       0.44237397002891321       0.31658929374128153     
   1.0607451167528592       0.71040400293562067       0.67325639829473027       0.72719885531337070       0.69232810034941572       0.68855867791885050       0.72315371027663322       0.78951754717732270       0.66508406799396624       0.77809462786912764       0.64747827698068772       0.63522686237866555       0.71056889856014893     
  0.38173224744842738        6.4125560252305647E-002   8.9535272473675931E-002  0.23048662958080521       0.35515239112139430       0.30946736466480140       0.35129984017319760       0.36539746450241883       0.71594721761113100       0.33010929224850466       0.54250867266864267       0.45478126608344610       0.33356671483778533     
  0.79459855394884304       0.70392845001893301       0.79565243032136390       0.72072412354297211       0.64710309327376125       0.70494173830891915       0.78299900462186489       0.65709351035818464       0.64468422857652041       0.78549313294536893       0.70230510348156572       0.65454425752314449       0.68868931388205479     
  0.39608747286853269        6.8784072403968263E-002   9.6255909398006725E-002  0.24220309471480503       0.37163227656077419       0.32567274946219338       0.36639806885478515       0.37780167679302229       0.72370579364028198       0.33673890420971603       0.55739940198876592       0.46659308094220847       0.35109168367565124     
  0.71166347039383215       0.65488765517995418       0.67397579313798583       0.82452732807766271       0.76016897958621843       0.81454550596911524       0.74133051270479633       0.79805375985459492       0.87531196241299236       0.65979652724701321       0.70378139332240763       0.78299413351940705       0.84281877166740027     
  0.40984305476917365        7.4061796628392171E-002  0.10280442340823388       0.25425835524212886       0.38856204164681452       0.34207005659470174       0.38284117038088628       0.39047107293530525       0.73149863005954685       0.34354719991048327       0.57146754800240984       0.48190044872830434       0.36793951894729526     
  0.69322848404137383       0.79603560804678941       0.60330328389876298       0.94260511161840943       0.91160760647078187       0.81155119365701889       0.70294715543178976       0.73621696706717299       0.67561381191591263       0.68505980112797549       0.72748150393393207       0.72785427789588808       0.75443545709740367     
  0.42419939446782079        7.9686127101387907E-002  0.10955077012390207       0.26519496678692683       0.40509752872593818       0.35820357258422530       0.39737245114878794       0.40404743039685359       0.73908987426225348       0.35062658345454473       0.58448264348545820       0.49770682616058265       0.38434335222417976     
  0.78852783979647334       0.84483433674624109       0.64103653222693202       0.80436291324673004       0.85900045506855582       0.78551019014143419       0.64102062187621112       0.85094401167975431       0.72535809233073556       0.81190743103239771       0.77614578995039285       0.64864302281072306       0.68882409607536377     
  0.44060159062226650        8.5446420935005582E-002  0.11764318388914000       0.27544526151543086       0.42117520119990409       0.37519644086581982       0.41037390571403043       0.41775258359319950       0.74711157775834092       0.35794731212959074       0.59723787667273487       0.51440113472551685       0.40230797144758718     
  0.88679042016135623       0.67206197498743125       0.75475198277163158       0.68045963573388402       0.69844970277693497       0.64646936775380337       0.74608110863732890       0.79446644954899071       0.73460249804957256       0.74804513055410127       0.78972588184181614       0.64245602555299641       0.77528159313563971     
  0.45790194092486586        9.1540646857624072E-002  0.12760913085585412       0.28575382363976393       0.43702085533487489       0.39230686636650458       0.42294718003646553       0.43066966570827159       0.75457177135019649       0.36520794188717814       0.60877266931692542       0.53080069246991257       0.42084383076348264     
  0.74459863688233874       0.71424943720427780       0.79710443762098682       0.69868788503800738       0.74635560037756332       0.87515628895078534       0.67600078185813817       0.77861540825286080       0.62778820648244626       0.78523171676282921       0.63745813782132399       0.70998194584121210       0.99758913838574859     
  0.47426601187875367        9.8049547262354056E-002  0.13691469657744165       0.29582258422056634       0.45235939498379807       0.40883933903539860       0.43605886921646642       0.44290959594687646       0.76139801750174885       0.37221138648026653       0.61996558588761708       0.54647315625229476       0.43966574670204228     
  0.66921311237332171       0.84507485282940520       0.84555167380912122       0.73905458320309270       0.64028469318599468       0.77782137362029824       0.67722965581291639       0.80157958624045456       0.68306588943706281       0.67562623502921626       0.75927114504923510       0.66439512207743812       0.85518642707070469     
  0.49074634991368332       0.10500684658347011       0.14624052991432776       0.30581439450528491       0.46700542150366547       0.42532098512763061       0.44985336227960548       0.45405143324179215       0.76833639587672375       0.37882015888581477       0.63043747828412300       0.56149474685036738       0.45807961018350540     
  0.69332020177939269       0.70172738306096150       0.81245017180381940       0.70043122972007188       0.71422603393975714       0.83425172431520855       0.83028923161513224       0.69450043957035446       0.66518638052692158       0.70839817199897437       0.64194731470973221       0.70737476868648008       0.78264982723246335     
  0.50744306035883036       0.11249270779567075       0.15602026825358839       0.31607305910537392       0.48175763903342306       0.44187702559661385       0.46373648474981322       0.46386068611994885       0.77512258681734125       0.38547343980041798       0.64053697148122335       0.57623586480887068       0.47523687021047956     
  0.77423362410949248       0.70631557813928836       0.75905269894056149       0.74380961162987691       0.69708179805759585       0.78218279152998604       0.76442244277752180       0.58984379908732409       0.64561017444662239       0.67402341520981912       0.75413439944275784       0.69033020659349442       0.72995886596501858     
  0.52330657801943437       0.12031545617746976       0.16755594784342837       0.32723920111590626       0.49680693712114293       0.45840468358251640       0.47739340898930893       0.47478772819047033       0.78207014282929899       0.39168386232721292       0.65045549948657833       0.58888115413522668       0.49182503860650784     
  0.67819957312318058       0.69092980995907682       0.74282871340892587       0.68450946575850469       0.78024729233339529       0.68252163866788185       0.62967034046975090       0.74576504775126762       0.79538819607772637       0.70445892174758251       0.67869275191552758       0.74769357890694710       0.85663447999638009     
  0.53950954594373191       0.12808633532497224       0.17958847290181579       0.33862738426582611       0.51251176655890807       0.47449064907602101       0.49028838784571915       0.48614614480855617       0.78884584231774546       0.39776963923936526       0.66166241938532422       0.59948158971530963       0.50826831299555031     
  0.72014294416626412       0.66779319233363044       0.72115121203571153       0.74828648035900291       0.72314204669520221       0.71913069480228520       0.65290116171901724       0.70887308167824137       0.88029473455333962       0.71417386725062204       0.71024184888404529       0.75791111015500079       0.80644647225338806     
  0.55645839286554311       0.13612899199663694       0.19217625114187328       0.34936426482510441       0.52913842467018779       0.49026881912889220       0.50277801098060249       0.49754196549669921       0.79533409339260908       0.40360159774388993       0.67258184358929896       0.61258041180847778       0.52442922546987858     
  0.74005972520059893       0.76440435132188478       0.71846954764893278       0.64936656652271885       0.86071295384895552       0.76410755524990903       0.72324429335788187       0.80971492967284409       0.70979383682968999       0.76163114426189427       0.80325185191118775       0.68604142880392471       0.71805648976667791     
  0.57218851256283598       0.14465821287742622       0.20506494551729659       0.35996336424134617       0.54549017796420374       0.50496034519070643       0.51511898782619558       0.50905368508928506       0.80192166038435619       0.41019819787012662       0.68435621056278839       0.62628246921264363       0.54080414245247233     
  0.78968354245512451       0.65757823798090398       0.85282991702299271       0.65398723950425441       0.70578040169746292       0.70407367593601089       0.71890165151823782       0.86902795298797508       0.74474853794158780       0.82007873371922768       0.74010867996570517       0.74178248539767311       0.75733693162247084     
  0.59010671634619993       0.15340697871645503       0.21775113525269174       0.37066823160776013       0.56066919330985887       0.51927700065407945       0.52687248634833073       0.52085080605699641       0.80798410093821804       0.41713309374208851       0.69596480889070500       0.63867886242929284       0.55718807111889246     
  0.75326827198693569       0.78985154797308665       0.74336662465731429       0.65085491740788792       0.71503605898596290       0.62714481405189881       0.66900712116381933       0.72414547237380156       0.66821044862212930       0.88581425461880892       0.66332693296943623       0.86189347906001734       0.65106846396337570     
  0.60842489738147665       0.16255174741182035       0.23107134951537275       0.38229400781316231       0.57583958065799312       0.53509885033337001       0.53862523012546570       0.53279959417343370       0.81375797161338348       0.42385816829799416       0.70696282233157703       0.65065768122775014       0.57291068676187873     
  0.68626786411460505       0.71764722195330599       0.76919203036248462       0.72402408704596199       0.75755082453348477       0.68944781505634711       0.79640236735557990       0.79849492447544201       0.75879174292888929       0.60923109371390938       0.76130692213051931       0.66186837987158498       0.71981804618530965     
  0.62286554163708496       0.17214176394697459       0.24429946931985344       0.39534522312243076       0.59190388961453733       0.55140545249033179       0.54962217832816240       0.54446197692081455       0.81932804359566691       0.43050909338504628       0.71765899197395244       0.66382409452638136       0.58786734993170253     
  0.76879066973112276       0.79767237327893514       0.67984091162697047       0.83833143022884249       0.83414520127411729       0.73779793964184281       0.66463895009933327       0.79828718610231864       0.75689014490300921       0.68850939045159409       0.70490920571137738       0.68909180381716928       0.83760804000466149     
  0.63755491497619465       0.18287723528269947       0.25749468063366204       0.40791122573901722       0.60838270022143015       0.56844456004203281       0.56117031809362738       0.55588269842806537       0.82478336884516246       0.43717097231470331       0.72722069936894773       0.67671595274428742       0.60331605525090248     
  0.82921838485098165       0.71736738746195094       0.62288195758303366       0.72392240707086652       0.80808392195044998       0.61467744718694095       0.73784844290432927       0.80537274663035918       0.72631748291864251       0.82183348093423481       0.80999555800300516       0.83606432827615829       0.82211383596513532     
  0.65235855923254249       0.19463996350333396       0.27212316198777836       0.42030784946046856       0.62426649954958324       0.58554772899828722       0.57559724800303114       0.56702752893332742       0.83071623865061939       0.44379231146533810       0.73736146687967397       0.68933330797403025       0.61843977410865392     
  0.67370174819570583       0.71113113152428209       0.74913807868875260       0.71160290476125876       0.88754309159198996       0.76795199860553054       0.68136688260219969       0.62852421146318682       0.69163386631715551       0.73234567869496037       0.78113759208630129       0.69885229529430104       0.61034719116496861     
  0.66749644657645035       0.20516639302266101       0.28706452184431119       0.43229179812457919       0.63966694184386552       0.60212071641338860       0.58870446485502048       0.57873810031480433       0.83665472212672931       0.45028381650947197       0.74662096298043101       0.70205803677885403       0.63261090367144734     
  0.74992596646512477       0.69849987255793589       0.86798251571047702       0.86364106533717833       0.66809343017001432       0.86390111537440395       0.63703556685169749       0.67789578861796962       0.69355735426619403       0.67779687219933438       0.69427585031216787       0.85849484278429311       0.79993124847804031     
  0.68294434817410232       0.21458514070908835       0.30315564551747470       0.44417394125546300       0.65498921447984171       0.61726952794632051       0.60112449007716617       0.58951945473314049       0.84201565506527198       0.45680654244490410       0.75706278207518829       0.71560079167894997       0.64632900025305329     
  0.63659219789084653       0.75094136528319044       0.78226580773812060       0.86590741748039890       0.68502118350148977       0.76316503129074509       0.68831575793771971       0.85422950824450739       0.72325648655869157       0.71837906073328273       0.79034783550032028       0.68838210213993078       0.68548125513307789     
  0.69805294928034634       0.22559815468529629       0.32008412823972593       0.45605789076192821       0.67026588619431726       0.63227716743292828       0.61369652682678011       0.60175754566869355       0.84742137472319090       0.46359950350531232       0.76692751845966556       0.72941283984116068       0.65922532563357350     
  0.66224482094114301       0.64273452063161818       0.71227618539220150       0.76845603085380065       0.77559785074078302       0.71088590034706911       0.78708594590722958       0.79230033352029827       0.63735899832943244       0.66636279327214598       0.70308037156644210       0.68064863773752371       0.64725256107993445     
  0.71322239942495935       0.23811068024590998       0.33566261077037507       0.46819096782172481       0.68537335110238973       0.64801635499128341       0.62585324338827075       0.61481302565705487       0.85308234979418285       0.47092495209724344       0.77678739856732126       0.74269303165107692       0.67234669269187775     
  0.68150590007043577       0.70495830061961207       0.69880524782438858       0.68168739851585292       0.76826828419108872       0.73068579190798499       0.74247198809613713       0.66916117712067358       0.76010276253252218       0.72353038933129854       0.70450855979305327       0.70790799008831762       0.66866960529049857     
  0.72881697982373062       0.25260426964656435       0.35152830266377011       0.48025699296451874       0.70075989674657480       0.66544862389198645       0.63806712831378931       0.62938564961001986       0.85873588445691529       0.47846307590081638       0.78729859660744639       0.75563698340361951       0.68810380662585058     
  0.69168722047693609       0.78016871380215347       0.69259689323269868       0.78098670837530271       0.65956006299152425       0.74445687221243284       0.66643745904639562       0.71867607781133336       0.83225736233455272       0.72048949108799720       0.69659652052711896       0.74606786963286642       0.70173573202623796     
  0.74458688073807655       0.26821854430852982       0.37042861235556673       0.49122627030714661       0.71613904861548816       0.68313989843893019       0.65025405426795202       0.64517821092919347       0.86440644933007327       0.48583406150663971       0.79722843856982006       0.76831655673684385       0.70418355093056662     
  0.72454984083960650       0.89169947497821822       0.74163669110080233       0.70051964851888915       0.72173510463121693       0.84726699015801366       0.61807336088776810       0.84916006096137353       0.61850818871630964       0.92085094618000651       0.65478643150019289       0.79780572776930481       0.90691329568539525     
  0.75898197333828898       0.28351709806223496       0.39172870274644461       0.50452653484786925       0.73104705281781346       0.70307462826845746       0.66250557523265463       0.66045723530251910       0.87010335234570158       0.49307695991038875       0.80719079612614097       0.78125018185468298       0.71932595219146744     
  0.77463862023695396       0.94105628342299108       0.72415282099810363       0.72173647903532800       0.69749160364477303       0.84291193622048832       0.69901578065394909       0.98476558124918967       0.87881921188072898       0.74904951468627479       0.71935864214997047       0.61602306122782025       0.74896904887236804     
  0.77452346981263553       0.29868656716193248       0.41416556904542290       0.51864976354043291       0.74489621561190844       0.72095162939481716       0.67555889830268334       0.67505974938525581       0.87584066766099800       0.50074108982536958       0.81747532320957461       0.79414043369344767       0.73483384621244641     
  0.84237038962381494       0.74078847227927835       0.67515499343812280       0.76239474107771654       0.77467990932280917       0.80663565673003446       0.71094245099317377       0.64805372629428926       0.64876160362516300       0.68823295980035404       0.77432419170938083       0.75773972588996930       0.74199094412878619     
  0.78903851349582210       0.31394640767329440       0.43648508174689277       0.53404373793538951       0.75759209686753470       0.73694012204352732       0.68909264643679591       0.68960348973073493       0.88226231810011946       0.50897904446627473       0.82800536863626195       0.80684381872482347       0.75152354303348023     
  0.75273478006600514       0.71670191510759851       0.63055313268866064       0.72080598578605615       0.64592395493205657       0.70164877717782592       0.82055866345881534       0.80295307829341422       0.89480800715202269       0.71222698334832857       0.76300685053031203       0.76506211280090997       0.73119765105621648     
  0.80270831970031220       0.33017359213360720       0.45792616984772710       0.55077833340151960       0.77048533558359189       0.75298559134783494       0.70120057973354166       0.70416436541828931       0.88843678426748873       0.51762324227076295       0.83845933722375177       0.81981586811388307       0.76879609904672297     
  0.83083510349524037       0.73699085763025252       0.72101034067444292        1.0204360077602697       0.68893666734642478       0.65331261138115326       0.74760745592796773       0.73506597881199476       0.71795386986253573       0.84368909172305451       0.79373789083992730       0.84196236612490893       0.82686819518660670     
  0.81635707415513925       0.34776733787595449       0.48008856885618501       0.56736528742009329       0.78336774176815316       0.76870410734073791       0.71329885247874614       0.71997800059817785       0.89429472100941254       0.52617589441423751       0.84907424444708901       0.83342275178961833       0.78459702945798915     
  0.66218513954902236       0.71541336747027240       0.72465641598170494       0.74213691726360209       0.66809828570172447       0.76579359114237999       0.79607186393191887       0.74836139896382081       0.70462033941508195       0.68049420518351178       0.78829308696824807       0.70226808615126735       0.90792913673417597     
  0.82933274426090087       0.36601753906745121       0.50528006102698164       0.58382318270362632       0.79748258572444397       0.78444638244787546       0.72536092875588454       0.73543460944033257       0.90018707648025520       0.53509679926764919       0.85980087689889106       0.84704807250693126       0.79993996049420302     
  0.69253368617482725       0.83384052326705627       0.74141871349148469       0.70507507163574068       0.75288175840128468       0.87566094296592378       0.68941793157033437       0.74085694172576744       0.69927967382492284       0.70733529852388954       0.85236500274142135       0.74856927669853557       0.97490634726352521     
  0.84268442029509616       0.38417244970866632       0.53201152094781590       0.60084241984438502       0.81224816356717577       0.79999069949502233       0.73756745154734182       0.75098062925399045       0.90654083759853143       0.54427401545632459       0.87096656038998577       0.86060450355401774       0.81505374792658714     
  0.82412026450382991       0.70525367717705112       0.74203498452457850       0.66633296734507541       0.78980034998180826       0.77222070908025786       0.69263170788008210       0.74551182525485726       0.68225598786303032       0.79973569533861211       0.82205581523600979       0.96896237895248483       0.65958134663384460     
  0.85813941808419059       0.40275578001661283       0.56058457728743627       0.61855043021340494       0.82791341204889546       0.81607370243928279       0.74971994696989064       0.76628172808714523       0.91330460829952798       0.55431771344074632       0.88219939716032014       0.87420218278493522       0.83005708173712078     
  0.72815859836153818       0.68265077282960795       0.93429046333539201       0.69423068787634912       0.80441056235766584       0.78824726640305198       0.79190809352071356       0.67012026530367652       0.91452670415198933       0.74391558241592093       0.88807756769506552       0.72301920282354759       0.72299804922832855     
  0.87260943240813538       0.42117384427994520       0.58788607506051138       0.63658026106055188       0.84417951477678144       0.83235882500494207       0.76182150286988626       0.78285444247400748       0.91984097478913573       0.56440826703526936       0.89277490522763225       0.88704019181616667       0.84584857381976630     
  0.82433026632511963       0.66728114514114523       0.63478954579020264       0.68427789901730618       0.75791396706356096       0.63225314749927763       0.76063727660025582       0.65895219774115188       0.84889440085931989       0.63343313950752489       0.81984447286520101       0.75578609300001720       0.69064955096831515     
  0.88643180936922839       0.44513908769551558       0.61712737319751765       0.65862347560183843       0.85915159637168592       0.84767815213576259       0.77437005163321682       0.80155768072727029       0.92602379040882221       0.57448269576981403       0.90289716767094652       0.89956296148909265       0.86250878901587014     
  0.77797228165430521       0.69466271211036323       0.77056831004167414       0.77189330635263831       0.77289992899601034       0.70515162021155775       0.73959746738895948       0.71048008514976768       0.80308076145197949       0.86768078220794975       0.86110820821988154       0.72126086033095338       0.82256413631255088     
  0.90070630438972676       0.47113194894939459       0.64767033161190068       0.68562493653816570       0.87324497126883383       0.86273286110677339       0.78701239794505162       0.82061146184082312       0.93207770326730077       0.58449499824938234       0.91241313787879841       0.91191149384591785       0.87929034877315093     
  0.72990536439108389       0.76824769878658039       0.66126908052698574       0.87742012016000392       0.64391428356337854       0.87858740692360560       0.68438528994865877       0.72637686516623712       0.78228905234445911       0.71326827863050235       0.84226770435864584       0.81294750760321755       0.77145644340256292     
  0.91541203698799023       0.50216872542898627       0.68203229226272477       0.71318438876557433       0.88735792524064105       0.87757835249841454       0.80241793049118459       0.84057964454778533       0.93739153254768770       0.59489536345131744       0.92165729640972716       0.92393531183633359       0.89621010750306773     
  0.74184150783411373       0.67278453626744128       0.67656986681826781       0.75229030923256901       0.77807741585009682       0.67425233363887482       0.91637579946749337       0.70415530695022721       0.83836184272511638       0.70337953887049809       0.78490049672653772       0.65536198724171923       0.70323072691931843     
  0.92945827266555803       0.53509004477872302       0.71841237371597966       0.74172610345272916       0.90274730704628181       0.89365046598491804       0.81829122561722389       0.86122378963468837       0.94288365683069608       0.60541719345831346       0.93181765675307593       0.93634578039184158       0.91296383088862432     
  0.68789656878683669       0.87224304177127332       0.63967940295121273       0.72643236258756716       0.67025593966513008       0.85159801052311201       0.81555483350565661       0.70904972116234521       0.72476971230961373       0.78350754244169540       0.67461368793404264       0.89637694627112352       0.83705746274162296     
  0.94292951805551839       0.57175728072922083       0.75673855274256441       0.77333279348427153       0.91995286879009452       0.91249782299588811       0.83437190459139376       0.88264920008937930       0.94827212397459693       0.61922228383318501       0.94222542348869498       0.94789791833113624       0.92770749436954214     
  0.68931187302353059       0.71681496839194725       0.78806104576426750       0.80331540547793190       0.89474628543155410       0.89805072483250314       0.84165151829817053       0.71789188685338723       0.81877164478844744       0.75681182503081179       0.84216532787888887       0.74327046316482803       0.81456534584300844     
  0.95597226070460362       0.61470728891327497       0.79681394193109567       0.80684321431105277       0.93798414108040196       0.93178784965135386       0.85037994717795662       0.90495785672725404       0.95391341215169134       0.63351068787793752       0.95306568784064249       0.95923399279750754       0.94214529748087106     
  0.79940865417910334       0.64371541329760540       0.75345131215417327       0.75631430720426585       0.73609174237184416       0.91213137766711916       0.76147439846424125       0.78465958025477645       0.74915543076587920       0.80759250697811302       0.81578264697247538       0.73308752223183504       0.70219845891824062     
  0.96708378103077031       0.66909912005243621       0.84173550090998228       0.84365694196866603       0.95525190588240816       0.94977506572669201       0.86902723877577581       0.92799682837883124       0.96196842496608270       0.65832384913614139       0.96323472568564650       0.96939732646678156       0.95647786841681615     
  0.67116994759485116       0.69705311590154362       0.82604282132192264       0.73115298795840611       0.66991365681538340       0.71406075206018538       0.81843275575981134       0.83982977827337979        1.0054190254286623       0.80931266500457555       0.79138496920738377       0.81504121730322887       0.71914977249972989     
  0.97848099624566198       0.74025491727244019       0.89274857359769888       0.88635452798376568       0.97160426044442538       0.96714074162652419       0.88877578211999053       0.95231650545538926       0.96937243602880663       0.68413986410593419       0.97398155933552000       0.98009450329011216       0.97112942059638607     
  0.67781212132064261       0.69102723218866136       0.74487454223417271       0.68243474944846794       0.78132404950638423       0.83067155040492280       0.91252083789803085       0.86304080366427860       0.93399483784279447       0.78521812904705213       0.74492198981589364       0.75392896194595915       0.67483164061107792     
  0.98922971893122924       0.84819036120054125       0.94671314741072943       0.93946658694372420       0.98613119512321556       0.98377733582555527       0.93565094658041492       0.97594794880983660       0.98406659554530052       0.81279420100118660       0.98670367505640955       0.99005791439201163       0.98583337737585164     
  0.74697977870790433       0.70826099032628986       0.64573421831223698       0.70894828333005511       0.78615384863076787       0.78254091528696579        1.1850108787799283       0.75761659917886459       0.97756655197099973        1.1503665359539736       0.80898440068611088       0.71366462578270873       0.60762876000525767     
   1.0000000000000000        1.0000000000000000        1.0000000000000000        1.0000000000000000        1.0000000000000000        1.0000000000000000        1.0000000000000000        1.0000000000000000        1.0000000000000000        1.0000000000000000        1.0000000000000000        1.0000000000000000        1.0000000000000000     
  0.82990062225953243       0.66322199520597780       0.72024369167589630       0.57744161942343419       0.71090558608991139       0.81027446780598877       0.67565919067122937       0.85959183466137201       0.65039127651722073       0.57497645387584073       0.73350488614702170       0.78151030818690514       0.63008073450901558     
   11.182833985997094        16.476996138764601        19.382871516435010        7.0850319084458215        9.5120916114199900        7.9945504340413240        15.442726862158954        10.235717396866850        0.0000000000000000        7.4362822740731147        10.281715810982433        14.241265156402156        9.9728648458533193     
   12.857330363502845        7.1750177111265545        8.9535733054392441        10.507695271655409        9.8891686499408635        18.478408429778401        17.033242026786894        13.405513098887374        10.495955681208137        10.809018110848877        11.302139251414060        9.5213736994338571        7.7856342284800011     
   11.999359764883524        8.4098901954086838        7.1280243560726815        12.314577412781594        14.047330994467742        9.6845930338956396        11.168985884882797        9.9890146183818196        10.545194498465783        11.368994208250248        9.4121427818406307        10.765214578239009        12.727957436867626     
   9.8798693249295955        8.6371915052899482        5.2692722333743731        12.356665549880249        10.986359946907994        9.6877212816491411        8.3165797852219470        8.9007061868785691        9.5536118440572668        10.996703958396262        8.7969549078492637        11.109958634666684        10.712597268547789     
   8.5639382633377110        7.7785264588588046        7.2913446290536701        13.873248723892633        10.610787138408350        12.353898094591873        6.6777860791755410        11.265239554368200        8.9701954111446547        12.802794494239919        8.6351644313882350        9.7365788009183856        10.106918731319412     
   11.993503635337575        8.5224603532121304        8.2239909376888658        9.1839675170681687        8.6120303462880461        8.1845614907595206        7.1229621768175289        10.316187814438123        14.590591303928285        9.2445929185251234        14.616010726380702        11.471421299961037        14.527047280026160     
   7.2674880118368543        6.7566255408951834        9.9946977172712863        8.2967496197841513        9.0627504583918768        8.3918024121027504        13.376197113965112        13.851802979847918        10.826756725659770        6.1513166013042095        13.981813709365170        10.462676367065514        7.8702596823263891     
   11.056929729725139        9.7999092540521460        10.690478471217553        7.2371150465885092        12.634728479781630        9.5992111232660022      -0.32456048180400088        11.664014803818445        11.171453161840649        6.1453164207067550        10.241274416956667        13.452994023301899        12.414846930719174     
   4.6417766737089848E-004
           1           1           1           1           1           1           1           1           1           1           1           1           1
   7.6251989554943867E-004   6.6048323282105585E-004  -1.4260077452169999E-006   9.4704328294527524        1.6123934812938360E-005   1.7446899045778069E-008
   1.6943573771167057E-005   1.6433414248261101E-005   2.0694671358366561E-006  0.44779396448396502        2.0689446537866902E-006   2.2315519797815767E-009
   5.0942218271607716E-003   10.647922908815868     
