     
 Soft #          78
 ME*wgt:
   1.0055968780846845        7.6486818197619012E-015   7.6061113418828467E-015
   1.0000508794992893        7.6064983370194606E-015   7.6061113418828467E-015
   1.0000004510940126        7.6061147729541318E-015   7.6061113418828467E-015
   1.0000005866401693        7.6061158039332926E-015   7.6061113418828467E-015
  0.99999868837955019        7.6061013655516670E-015   7.6061113418828467E-015
   1.0000377808719976        7.6063987074018536E-015   7.6061113418828467E-015
  0.99950330930561471        7.6023334571588748E-015   7.6061113418828467E-015
  0.99798355402861649        7.5907740293096127E-015   7.6061113418828467E-015
   1.0000000005000005        7.6061113456859057E-015   7.6061113418828467E-015
   1.0000000000500000        7.6061113422631518E-015   7.6061113418828467E-015
 wgt:
   1.1111111111111112        1.0178375077362202E-007   9.1605375696259815E-008
   1.0101010101010099        9.2530682521474545E-008   9.1605375696259815E-008
   1.0010010010010013        9.1697072769028876E-008   9.1605375696259815E-008
   1.0001000100010002        9.1614537149974825E-008   9.1605375696259815E-008
   1.0000100001000012        9.1606291759177423E-008   9.1605375696259815E-008
   1.0000010000010000        9.1605467301727117E-008   9.1605375696259815E-008
   1.0000001000000098        9.1605384856798293E-008   9.1605375696259815E-008
   1.0000000100000004        9.1605376612313612E-008   9.1605375696259815E-008
   1.0000000010000001        9.1605375787865197E-008   9.1605375696259815E-008
   1.0000000001000000        9.1605375705420357E-008   9.1605375696259815E-008
     
 Collinear #           5
 ME*wgt:
   1.3196538782336273        7.5008901205810873E-011   5.6839829324194609E-011
   2.1606116604597152        1.2280879801639493E-010   5.6839829324194609E-011
   2.2969718835423363        1.3055948982302020E-010   5.6839829324194609E-011
   1.1764698027848401        6.6870342795359208E-011   5.6839829324194609E-011
   1.0127293344860639        5.7563362523793067E-011   5.6839829324194609E-011
   1.0005976698915249        5.6873800778821090E-011   5.6839829324194609E-011
  0.99987864540471039        5.6832931549710642E-011   5.6839829324194609E-011
  0.99993119435644229        5.6835918423158250E-011   5.6839829324194609E-011
   1.0000000004409386        5.6839829349257484E-011   5.6839829324194609E-011
   1.0000000000440912        5.6839829326700747E-011   5.6839829324194609E-011
 wgt:
   1.0025455048724325        1.5268057085747125E-004   1.5229290851680481E-004
   1.0002434262894433        1.5232998061443358E-004   1.5229290851680481E-004
   1.0000242366731813        1.5229659959025636E-004   1.5229290851680481E-004
   1.0000024226127950        1.5229327746355358E-004   1.5229290851680481E-004
   1.0000002422507392        1.5229294540987449E-004   1.5229290851680481E-004
   1.0000000242249683        1.5229291220609568E-004   1.5229290851680481E-004
   1.0000000024224953        1.5229290888573365E-004   1.5229290851680481E-004
   1.0000000002422496        1.5229290855369769E-004   1.5229290851680481E-004
   1.0000000000242251        1.5229290852049410E-004   1.5229290851680481E-004
   1.0000000000024221        1.5229290851717368E-004   1.5229290851680481E-004
