   0.0000000000000000        0.0000000000000000        0.0000000000000000        0.0000000000000000        0.0000000000000000        0.0000000000000000        0.0000000000000000        0.0000000000000000        0.0000000000000000        0.0000000000000000        0.0000000000000000        0.0000000000000000        0.0000000000000000     
  0.20217095509999050       0.16492188441714889        5.9376589179533264E-003   4.7275539701172840E-002   1.6979934287232362E-002   1.1322251583098167E-002   1.6919428253089449E-002   1.3548319483466954E-002  0.57902099201943491       0.17211170923183444        7.8444719413443831E-002   4.3255784756396125E-002   1.6667474955063495E-002
  0.34014200882995144       0.34051914881938256       0.47802053113415988       0.39539019349485433       0.51114110897714771       0.41975264466872464       0.44419663557380412       0.39409413347708394       0.35807861685472736       0.34878098071194091       0.40555451929441044       0.40002610785173631       0.43864243037493245     
  0.29500331533280649       0.25363582628240638        1.2019780184993481E-002   9.3777173220340335E-002   3.2762601754088141E-002   2.2578873513960943E-002   3.0777320278309331E-002   2.8462462685291758E-002  0.66750468857633249       0.23583163701940069       0.13593012281453631        8.3778419557195880E-002   3.3012194414385888E-002
  0.44870147603059585       0.36819782812925200       0.56719574252444305       0.41637586621516515       0.46082249454199142       0.39074664851161212       0.42482295092590439       0.45285105253992297       0.40697993246663766       0.36524472422818172       0.48067517203420479       0.44811793900138014       0.42396850400929087     
  0.36015167238736745       0.30739142669596192        1.8275037421064823E-002  0.13685699162970844        4.6849016827781170E-002   3.4757413442569322E-002   4.1025033969574284E-002   3.6871520435436254E-002  0.71084157750983745       0.27597024246795271       0.17317283822882368       0.11672031230926830        4.9497056723164262E-002
  0.37155146519582860       0.36554664221874683       0.49943330328895863       0.42461214328182872       0.37269575030940821       0.44082733928093681       0.38859592331900100       0.37110668574356159       0.37457596962449696       0.46718197312279874       0.43111021485593382       0.39193521637869111       0.42835875461710182     
  0.41250404105395122       0.35100383059344481        2.4847462061467832E-002  0.17693537920094982        6.0668557391617930E-002   4.6898965567191871E-002   5.0401352195935091E-002   4.4968270153720409E-002  0.74930232126075902       0.30216395339228008       0.19908782694680491       0.14902895715283335        6.6293198735248998E-002
  0.44770014302609734       0.36608054451018524       0.54140352987240059       0.35314114378375855       0.47651965284848258       0.39545788042423424       0.38152537808134129       0.33308425044176782       0.42965430613019445       0.46523673965653484       0.36879693428752447       0.42445899204510490       0.44260699161123207     
  0.45152735820992546       0.38808432243421187        3.2124354802535858E-002  0.21396012739751413        7.3180811437788110E-002   6.1799302914986538E-002   6.0810200769432658E-002   5.2887187266318691E-002  0.78021075957948993       0.31942111069370621       0.22200720590525097       0.17475205989766432        8.5935358186212660E-002
  0.39225601404318244       0.42180827194762305       0.44539746122196194       0.44083923340945030       0.37658258817797818       0.40708723960291676       0.43360814834125894       0.34939656104337624       0.40036653909084635       0.47860065413989195       0.43697721362156083       0.42416148030898498       0.50354432949727246     
  0.47922801036659340       0.42024521656525715        3.9240698667236500E-002  0.24979726735799773        8.7204249287752320E-002   7.7005966184815353E-002   7.3190819715901009E-002   6.5265171099434707E-002  0.80313484519150524       0.33479552791382350       0.24303966605534613       0.19456731828582396       0.10589145307017922     
  0.38094318764261581       0.41191029605516466       0.53716611698038097       0.37166506516474751       0.44418751923788063       0.45915233076340645       0.48535913589188223       0.42656607658618706       0.46317200083727494       0.46191964234279986       0.37122955347990716       0.43080873397991770       0.46911252024453959     
  0.50511519181729980       0.44717957344597431        4.6278302015804046E-002  0.28119538172426073       0.10161233666116515        9.3098257198278606E-002   8.7995659067764326E-002   8.0933387118863859E-002  0.82146319946162294       0.34764052758266750       0.25829483148112781       0.21098278554286834       0.12575950336596589     
  0.36070898456592493       0.35071987453170711       0.49804050699442853       0.34498051981984551       0.45869663218729551       0.38300376919902079       0.44152431222141503       0.39768696718681285       0.46456415825330444       0.40512740043524303       0.36522926413195828       0.43285327449060929       0.36866279476614056     
  0.52878402814843584       0.47062285102551527        5.2855444919015671E-002  0.30797002338542584       0.11618259160594409       0.10944705053802854       0.10388813635473304        9.5443242971863129E-002  0.83602221414538747       0.35815389554476912       0.27271334728418756       0.22329230252036614       0.14506831707592321     
  0.37684901369991275       0.40242002611703320       0.39519356713616138       0.36538177762770513       0.43244835813800597       0.47014876279226298       0.41690681415973885       0.40473411890898386       0.40085193470566988       0.41207121957751852       0.40182684332887242       0.38054020707699532       0.48432722541627887     
  0.54940780827556635       0.49488040654535342        6.0665493781176194E-002  0.33377956972426753       0.13070537287139869       0.12364701949627997       0.11976085195476953       0.10901088387865675       0.84916005128910743       0.36734204416062077       0.28768926914679205       0.23573137701079361       0.16198662673943140     
  0.35812241881534684       0.39528905755428762       0.43497997143012901       0.41031510266744065       0.41708839692739469       0.39971357897953680       0.37850953100278900       0.39260592904793240       0.44683681664642499       0.42027797944039119       0.44471864831324154       0.39826400196787048       0.50326430062213490     
  0.56936071324743798       0.51476663596112293        6.9314262417945027E-002  0.36023773610164361       0.14494025622733150       0.13694616437678550       0.13493235560032310       0.12298867597230417       0.86160119224720633       0.37701234346541007       0.30599360928545205       0.24819558334113026       0.17780721650570613     
  0.43165603393765895       0.41081407657927377       0.40488934289008705       0.38744744628740874       0.44280024304342447       0.43594390738766325       0.48026682885356475       0.44326892600998030       0.44806388889481424       0.38384872374414497       0.43431364667424277       0.37714049181060433       0.47436338351714086     
  0.58913754725471368       0.53044794413733765        7.8624823923944556E-002  0.38562564816722716       0.16133602436550543       0.14955804991094354       0.14946641061372701       0.13759407441079349       0.87129628502322543       0.38803242417607947       0.32449412929646421       0.26844692966015887       0.19305798838374999     
  0.40242002611703320       0.33804286661434796       0.53849947378734320       0.38650497039544734       0.44786408170634179       0.44424773103719251       0.37036750171159882       0.42369788417234427       0.44770494566676977       0.40929964065438645       0.37976205042220573       0.43020811893404853       0.46832442648096201     
  0.61009431990183915       0.53897876294983060        8.8410323569807700E-002  0.40772096429677646       0.17971809392101271       0.16324717394585925       0.16575218949625964       0.15072435034921147       0.87814464895440369       0.39713904694949831       0.33898400337360080       0.28906998694073294       0.20733259050469288     
  0.48643504006324972       0.38923181639467602       0.50085332637840130       0.37912419010847687       0.47222398896236756       0.42832185482408769       0.43233901119224816       0.34892951484667534       0.39378574621156393       0.54719738756534331       0.40411791706277572       0.43197820978502283       0.39628513017614325     
  0.63009013872431630       0.54893532233907483        9.8710883451865974E-002  0.42801664064031170       0.20034670409239796       0.17862550395846152       0.18320347831691941       0.16360586976321961       0.88247481821306806       0.40368547147634548       0.35474160920010345       0.30979856724709898       0.22201548493738332     
  0.54946723461407099       0.36641930263263811       0.43487103476067834       0.39044609962046234       0.52295799386655972       0.44461275989487598       0.42595152231508943       0.36847670704587349       0.37211421565918995       0.39779943808861384       0.43260968718215542       0.44170093340718741       0.48132103591249609     
  0.64783627008594979       0.55956234571196950       0.10992660801655302       0.44320023947416270       0.21935063658336912       0.19397223267711936       0.20199007690505821       0.17521246079917119       0.88642369178743152       0.40947505839600784       0.37309172080179681       0.33048295662113397       0.23722981017859435     
  0.40606725257739157       0.35059106258882267       0.42296969541646484       0.42500103690619856       0.54363632440216458       0.44387541119049584       0.46894820579554575       0.51419976596158457       0.39529202837256899       0.40190166710108249       0.47351117016391342       0.42394166151889706       0.46911759714154749     
  0.66339542279811115       0.56947017365355690       0.12246365103222835       0.45810792740674794       0.23492939497770435       0.20853905619919133       0.22035280451741843       0.18565426679732339       0.89006237906205488       0.41509449868288334       0.39053361180968488       0.34985143926517109       0.25231596392101663     
  0.46826308609521722       0.34454481715292568       0.64035697742206943       0.39546278032919513       0.38048420767107072       0.39094453203286794       0.44800121510252722       0.35376294546991544       0.38919931752238862       0.35438298280202013       0.50804451778988646       0.43151340881461825       0.53105237879177603     
  0.67917531616290183       0.57887168643905085       0.13602073053617766       0.47944443308329565       0.25069790825383514       0.22276805314226350       0.23774998041826303       0.19506268527146814       0.89361031774512001       0.42057535000240204       0.40828730481087844       0.36790470311892104       0.26867748316045859     
  0.34223429049588422       0.45595847362813752       0.51637521109400186       0.46858920219088895       0.41586542797074144       0.41407006944401908       0.55149426073466623       0.39462166044525232       0.36483254614474458       0.39597160314832985       0.48506079286639875       0.42404038318718845       0.46073608918990339     
  0.69507004091337510       0.58852556548434376       0.15023781984470722       0.50074584464567029       0.26779837799348016       0.23598869095016398       0.25504951502746176       0.20468463614595880       0.89635249208776446       0.42557987762545951       0.42388033302704747       0.38559518212171284       0.28091469788009277     
  0.46863999579676247       0.44213915473818083       0.38769514568069502       0.40475380847814552       0.51811332016998424       0.42466056222563714       0.52809864217456270       0.35212786870398194       0.34014200882995144       0.34177131007860162       0.43351589600127133       0.44523641767860006       0.36795783988955022     
  0.70932607217908616       0.59935907918299169       0.16516271919075429       0.51917007927226266       0.28608788729839441       0.25107331961610907       0.27234885042236434       0.21524818462629608       0.89946586271206264       0.43098140867148910       0.43792399948361493       0.40267842761522743       0.29417468661964508     
  0.47170579746242636       0.36171563210867069       0.47942747079929604       0.38203257589680956       0.37914230922207659       0.36228319785351060       0.47631734455736419       0.39562283485696820       0.40057145382044285       0.38472101762528421       0.49337152630190900       0.42173165588768974       0.44758202880212117     
  0.72356097536286468       0.60870209619211058       0.17993122258067229       0.53797899628779511       0.30280624038832238       0.26620948787892396       0.28913228830200122       0.22703742311882205       0.90311505364081013       0.43670998047467463       0.45085929434358479       0.42052858691079564       0.30230215649605408     
  0.40780713824426973       0.40280231398781136       0.45692013553534938       0.44346327063526597       0.38512278101729552       0.39680333949561120       0.44294365941740471       0.40823587285952251       0.38860405170461781       0.38206809843434236       0.42029204865758241       0.39416590476801139       0.34293445738721073     
  0.73782031636783296       0.61774017685145144       0.19597637098271381       0.55663183920558956       0.31934338326214640       0.28431624460828248       0.30539614691678008       0.23857755384838719       0.90877694911854090       0.44235705360786481       0.46485148581786873       0.43934648223188588       0.31098553990359534     
  0.46899385321128961       0.35099131458030264       0.43931028617856860       0.36338609293335206       0.57159016574408372       0.45340487389582557       0.45075627028114373       0.36532808490830720       0.48067958810044875       0.43072990150409268       0.40009677546028272       0.45057048447061065       0.35396822238919934     
  0.75150887004586264       0.62739995078175781       0.21211695903017835       0.57606686214592318       0.33411783370730491       0.30171967532235011       0.32203197145310375       0.24954876232991297       0.91384384494327553       0.44724256885647384       0.48167337652404030       0.45754400739720691       0.32005253140994827     
  0.48372556560464386       0.45078590715413386       0.49169312395596587       0.49834227392918667       0.38475309686975823       0.55010212720747809       0.52590059835879199       0.44877260591694035       0.41720137824432629       0.44455899870325599       0.48668964373611051       0.49315462970152296       0.39823341097260667     
  0.76435220940104431       0.63824532344271034       0.22918482639806556       0.59455118475415403       0.34942212664066968       0.31878884607484370       0.33954700300549145       0.26196650806953853       0.91790386814049296       0.45243744598633212       0.49652165812335330       0.47488015537236283       0.32974455350919557     
  0.46879460721014721       0.39902494328782850       0.47794318389058787       0.39657489827172349       0.42800909366723983       0.43372392982933372       0.50234149904605829       0.45515482731343310       0.34873123705886377       0.38950448714693553       0.45648008615986829       0.45359438773963190       0.40864376065169894     
  0.77446926746081712       0.65137075879220963       0.24656241883598190       0.61259791297182686       0.36243026314288990       0.33621058059862075       0.35697799068019570       0.27678587685572842       0.92156027123631490       0.45786859153852322       0.51050873930143437       0.49121998654154103       0.34012338159599281     
  0.41048654713569116       0.45481397784036126       0.46548164643181894       0.51417837097255048       0.51373999066314890       0.44599852419738539       0.46185096550930227       0.55103948989774598       0.37374354421307648       0.42651435054261294       0.45555802637417164       0.47872884409376515       0.36257463845443544     
  0.78335567622957147       0.66520944745770139       0.26324008739925875       0.63071017056818390       0.37568758277710523       0.35309069019426836       0.37464449658305504       0.28955518319311280       0.92494355951653562       0.46456524669145005       0.52180725330106092       0.50776347653021336       0.35097860488289717     
  0.36994292788241873       0.46844706120353047       0.48903019552221233       0.40356798391181847       0.41247829364143102       0.46362221224298750       0.41999837797191120       0.43414404246770832       0.38667684578724620       0.42495085401995042       0.35714123713181767       0.51878159325761475       0.48217144928868910     
  0.79221624292956638       0.67767085040531505       0.27954818087572431       0.64855824408026297       0.39049723627904537       0.36913928107144656       0.39267127982894062       0.30153096203559415       0.92844324682234081       0.47012643938980531       0.53242973623904821       0.52372916168278250       0.36257378808264118     
  0.37524816419653351       0.43423893343863185       0.43235381757079105       0.43484172920641695       0.44210617153685516       0.45824734874840978       0.42507813966787045       0.37606609669514279       0.40242002611703320       0.37759463784026231       0.38077338424323776       0.52742834322407739       0.39644296449366062     
  0.80178600246678344       0.68924440495332762       0.29479260203275304       0.66585541169872375       0.40434773273104174       0.38521596349787685       0.40882260163032508       0.31557751298701170       0.93225304787028751       0.47491504907231963       0.54231830981025264       0.53966090436215342       0.37473383195112042     
  0.41425704335374175       0.49341497707910070       0.43812610810476421       0.44185741718682980       0.41639425795195539       0.55833207012078934       0.41015620719094831       0.49251727281648616       0.52293481027630084       0.34115901153125783       0.42107004735982606       0.52589823837778016       0.51140126794516549     
  0.81338713349887570       0.69998007235243009       0.31019436525121169       0.68217515437714993       0.41695157596748833       0.40191366191812816       0.42377966141215939       0.33023167887428245       0.93598207504276565       0.47963073487308711       0.55195257074451676       0.55511824492224759       0.38764222406932924     
  0.44491676659195450       0.43580369663215363       0.41525215229049439       0.45306116663323787       0.41410676836485660       0.45022810513165901       0.38152537808134129       0.40440359204536963       0.44316144080936398       0.41879262045583754       0.36683433980651131       0.52388985351279727       0.39074249062188654     
  0.82406440541378212       0.70990739020352223       0.32584223163269377       0.69700177725115342       0.43048319381875821       0.41926956366671747       0.43844315376378018       0.34473825784066731       0.93933727867602057       0.48421561228546828       0.56317645248054371       0.57170552653806961       0.39965627390200015     
  0.41908463583248878       0.52855277691720903       0.40203053766503022       0.44654212666164356       0.47983454861158759       0.43971893818181312       0.45373266348790880       0.47059755727621139       0.40203722960035404       0.40968708973760959       0.49349674177587799       0.47476037640150298       0.43686131925119287     
  0.83511561350088281       0.72030429483572034       0.34175561736177967       0.71160340538941780       0.44413858562206704       0.43721157987473908       0.45392938577019043       0.35930899017443341       0.94257095773790700       0.49047239961129990       0.57413557802349691       0.58548935284818859       0.41175907419258778     
  0.40412034356702276       0.43311588589892619       0.39630798496116920       0.50513685778047390       0.49627788920769123       0.56675664104619206       0.44546214479752461       0.41870143632132195       0.43793065710935619       0.40247506794924637       0.47762118949582466       0.44276146893770374       0.41077678556692271     
  0.84515255273159562       0.73125141377824832       0.35856357009649809       0.72657276352137379       0.45827143934306463       0.45559912776741979       0.46579614951979798       0.37256726556828301       0.94589502698534933       0.49845438882597826       0.58706145658448716       0.59762695420387280       0.42274220426451925     
  0.46370844004668194       0.43056320123194819       0.41166030966862155       0.51221431561776765       0.40087351272325789       0.48201546193163469       0.41800235972850680       0.39121366576582728       0.46253384464743896       0.41157099579630968       0.44317855024524039       0.44331098385896051       0.40337326292477094     
  0.85439819991165877       0.74229807904731915       0.37698223052571200       0.74054355556387319       0.47224146088602659       0.47307266634312417       0.47909709235006037       0.39152143660869704       0.94902171650555700       0.50663224379930571       0.59747596455550789       0.61126407262418547       0.43666552754398075     
  0.44978681274203153       0.44561855721741256       0.38845386377301855       0.45008815037317146       0.39260083906096027       0.47234083759524814       0.45820004288855687       0.48832182168835880       0.39861562064296430       0.48125620824487170       0.44192783483283504       0.45291392043309675       0.42481641491719896     
  0.86300715745979517       0.75331461012520429       0.39623345199799481       0.75439074739719547       0.48580710329152699       0.48937532520535065       0.49128879353574062       0.41032911970610791       0.95185903662687288       0.51477063461577988       0.60799480364225766       0.62611417597300634       0.44907045910162718     
  0.41736076471553130       0.45645464042683925       0.40636632756038682       0.49797433521035966       0.44217384767020318       0.45886901281473536       0.38071748478446599       0.47295551744909503       0.39400156735270792       0.43682718845771512       0.38533491529647285       0.46426597663816527       0.39158475238826346     
  0.87159392725561957       0.76452402999910840       0.41549424668659896       0.76805985001096755       0.49972516857877225       0.50277909908337881       0.50351541186983129       0.42896661973919836       0.95449580972786807       0.52277068514239400       0.61745601364933167       0.64068685399059755       0.46647866459011933     
  0.41377976745295525       0.55119693590402841       0.39734659037257658       0.49381488296374465       0.44857422156310173       0.38889112986974789       0.35311264893205169       0.41557146617042856       0.45250569501112131       0.47241150511047314       0.41367528775188478       0.47603801624885073       0.45154991548016299     
  0.88001860703897816       0.77399513463708958       0.43672147236352910       0.78084247049586486       0.51179876385290890       0.51387309982475549       0.51617355972056200       0.44772018758602694       0.95691749101942847       0.53064057758809580       0.62711583318943043       0.65461376868616017       0.48487473815863485     
  0.51828100278771405       0.45129203815439473       0.44530546805289861       0.50294610103522830       0.45396601867039343       0.42577539382175056       0.37232699151567411       0.57672046671219213       0.48134224919062119       0.52083932432318381       0.40451656064074959       0.38832978650887662       0.43713600912581047     
  0.88865285813278638       0.78216741104329235       0.45886410475513578       0.79182407778236197       0.52166082888790011       0.52606923893898772       0.52802242536123911       0.46640733897137465       0.95925315967675950       0.53870377172230577       0.63828271573261164       0.66833031187732184       0.50060559060306808     
  0.48081656422795238       0.51980740971208772       0.42002476275457240       0.44033223004014316       0.33771793060479305       0.35865362450975102       0.38279817192505200       0.43690047789107750       0.48059775789576537       0.48089886447447500       0.43812123109034412       0.54292670335145998       0.41419072602643975     
  0.89505025181499553       0.79004869341374961       0.47926813003439050       0.80317648314836154       0.53169078277796555       0.53793080379794977       0.53912663400795147       0.48409272763027916       0.96142741820253652       0.54702335869061935       0.65073114242612795       0.68284235882165911       0.51473882279214100     
  0.42295883654147831       0.45930169586332825       0.42445899204510490       0.36930554779899999       0.36012747208610557       0.44362780964532245       0.35153491133459330       0.45734201953675507       0.42659960250080875       0.54491792174244935       0.35515791002737368       0.57419291314333920       0.43365196471681533     
  0.90070254971152264       0.79849085398278985       0.50006775917750923       0.81303378800677961       0.54530907477183144       0.54920900703845610       0.55160643942869980       0.50116310584560098       0.96368368993129627       0.55520392137433494       0.66389286262703395       0.69682752826842342       0.53114461815103453     
  0.46055069641031865       0.57758650188561889       0.38899937151793945       0.43958090710109565       0.47512281740482293       0.40527040029723832       0.37589019350657316       0.43729669502947299       0.45825988570494569       0.44335415985451598       0.45412456813964691       0.46393827749175265       0.40382758300471094     
  0.90626989818072767       0.80738413150418897       0.52414867415564714       0.82305342746474164       0.55963841089639788       0.55894217342737318       0.56485943535234462       0.51890876156697252       0.96590334416774781       0.56316536519565685       0.67857234258647781       0.71122433786332051       0.54819451241579797     
  0.39944876562738957       0.44323202004928530       0.44180436681791374       0.38715387125596012       0.39958975273848574       0.46987094701436788       0.41043530740846534       0.38459396249791211       0.61930744371405511       0.43439568261722006       0.42261671311558385       0.45966681628193068       0.46521593375035486     
  0.91175430026761306       0.81590002649135063       0.54771517002254166       0.83271870144246263       0.57658971774770829       0.57055861072733882       0.58131230404343970       0.53742040859533069       0.96802960266512250       0.57066934316357087       0.69285899067122669       0.72365089674265826       0.56464212418894932     
  0.40692289208623472       0.48002994423931172       0.42119819072162468       0.44237990403350957       0.43736065207495589       0.37371788007512430       0.51101389704114708       0.41499763612529250       0.40942610038132032       0.53376406683372368       0.43923490645677810       0.45152298611521191       0.45764072362750963     
  0.91684278445259748       0.82371291487514564       0.56798025154497356       0.84214973564411033       0.59461571796075474       0.58269567552332124       0.59706536001505528       0.55644606806447527       0.97007557666902133       0.57766445831060864       0.70840106632453492       0.73568649107452222       0.58100977073906002     
  0.50002574126218313       0.39356356352866589       0.42494179776427821       0.40780114229465786       0.53801635578649165       0.47875894294887045       0.40579954542259866       0.44400069892239535       0.49101586651668933       0.46421006705548612       0.49962898710666043       0.46698740049707643       0.49187532616893426     
  0.92143937414118893       0.83123252855379925       0.58697983878614657       0.85155795972253201       0.61250690852523826       0.59354239801908248       0.61147013449641530       0.57632365015948517       0.97208509228969564       0.58450636856983673       0.72224527404169392       0.74906306653347610       0.59799916004786691     
  0.43381759616227167       0.47321243683865621       0.35607423861949883       0.45409204715673829       0.43684803510377940       0.42442422923637513       0.41511621493814727       0.48415209404778276       0.41024274800688104       0.49021564647216820       0.59692202916237835       0.38889196657932795       0.43126500360819781     
  0.92606581417683986       0.83907186153603541       0.60356372435703787       0.86065048358624396       0.63040596366375512       0.60353837326778759       0.62569615883819518       0.59585756064821171       0.97402992231629582       0.59230362268633774       0.73633886338722798       0.76162301741127247       0.61441422630439646     
  0.41203157465897094       0.43390559414208452       0.35160790655408813       0.39778359877923292       0.38508344454381038       0.41232469646014741       0.42278690383356776       0.60711023445953949       0.45525339280940902       0.58041672035314440       0.52116499662629545       0.33884477895496035       0.42052236243319374     
  0.93046844543986840       0.84725704932783152       0.62011115297019936       0.86923678229296897       0.64891230953761048       0.61329940443424635       0.64174108916058215       0.61465958994260783       0.97580706580441179       0.60070848855238845       0.75111758545508223       0.77413041819119299       0.63256660537521048     
  0.46830232840088448       0.42867554412902481       0.44360356477622159       0.54421746664823800       0.47236339598481292       0.34320966178997492       0.48976669749949214       0.40215767475362818       0.45577256247577963       0.55877304599380184       0.55697015458318089       0.42937966599380983       0.43903706841937939     
  0.93473766974382488       0.85482039592953707       0.63656146620665000       0.87761106392016353       0.66783083156128364       0.62750196982831530       0.65789644958954996       0.63321116857356485       0.97745394811956732       0.60863951279929640       0.76512050439948809       0.78611517430161792       0.65152855173074464     
  0.42209250412183541       0.49113280249381136       0.39019064007437326       0.42398861664898846       0.46949407673594684       0.41137087781376963       0.53558083410010904       0.56670192325384205       0.43769044782971678       0.45188805096234708       0.56161158923182730       0.40211905004282017       0.45021113296767662     
  0.93903869215852642       0.86193081224283374       0.65526647673333438       0.88603024080866699       0.68689626873375331       0.64213461464204025       0.67176884968167605       0.65037148879868001       0.97902226875212106       0.61622563859072754       0.77647179911340769       0.79663271162124338       0.67005426383834132     
  0.44135396860076048       0.45113640641241964       0.35380655521436954       0.52551913004598727       0.61222706327042831       0.47778539449824770       0.47623790204222960       0.41997992578136289       0.54092654692772557       0.51302465835830491       0.47949945731218746       0.38952041214824201       0.46562420452091047     
  0.94301215329113619       0.86854220571922425       0.67374097435235647       0.89430289246210926       0.70629755572577457       0.65797364903776467       0.68580550949037833       0.66684968014600066       0.98053106424874636       0.62371065004294313       0.78695533094304726       0.80729255951590118       0.68718282726522895     
  0.39392658074676268       0.51352520945971569       0.41662735890240743       0.51339317478061486       0.43895196912458379       0.40135043570707052       0.42811163124759810       0.45430032347462618       0.39635044279679271       0.43382414788545054       0.42440013914217906       0.45055640744169628       0.45786010882903433     
  0.94706262309578770       0.87509863303821711       0.69374684188670099       0.90242407036909456       0.72399608724215114       0.67164869031235841       0.70105180087381691       0.68777532345636472       0.98198164637146657       0.63055456119565567       0.79757852178106758       0.81766683140285301       0.70382300817314780     
  0.43163311005942573       0.45671135446251071       0.46010876804640283       0.43704146709456160       0.50324676239722677       0.42544009375556435       0.51046037159298119       0.55632755933745537       0.60594639634937053       0.42018216440373918       0.40729409815597428       0.43262143150356869       0.41005119028267906     
  0.95070081326782596       0.88183399156129127       0.71279445202185387       0.91062845345110499       0.74138161852621332       0.68431891662670008       0.71451480044842397       0.71017120908028297       0.98336581591422012       0.63737049105512000       0.80811861496331749       0.82842699982474721       0.71982741505702896     
  0.54411547798733395       0.42289610226884405       0.35357037402111613       0.52231433106993419       0.43996289126153487       0.46459405320508235       0.46016580780829724       0.50359252035627755       0.41957638918912921       0.40842384094534373       0.53947522746817200       0.41412824131817128       0.45702199074760891     
  0.95350551070925094       0.88802985584434180       0.73432342056742106       0.91849923714108428       0.75892835744451870       0.69733939252653698       0.72756017196694212       0.73113267616632183       0.98465863977940460       0.64464698074170657       0.81876901029534577       0.83817788698339180       0.73514499749485285     
  0.40564400861327699       0.50669361143625435       0.38244186945946929       0.44077670861131746       0.38769877076410114       0.38515169822267892       0.36855605742215425       0.49750894724071448       0.47921617193062682       0.43409563818879621       0.37817464071056539       0.35959897670053625       0.52465721672719212     
  0.95640450374839248       0.89412051403505188       0.75440741129581645       0.92565758188186076       0.77752139661181052       0.71323436164198306       0.74205004078787151       0.75048475597850994       0.98588949708643947       0.65167256841330023       0.83035434906479977       0.84792076384413273       0.75133993265560273     
  0.46466686249511591       0.41149370195982071       0.41906678488876459       0.51755246803189026       0.40757617203736174       0.43518263054154355       0.37745774777110336       0.49774454812400715       0.48663177004518898       0.43043024827608695       0.49253600088310023       0.36383418853347271       0.44435894246271984     
  0.95957426265114343       0.90110496355327319       0.77407332121770767       0.93194744951719943       0.79690807130423669       0.73091398557206677       0.75685153090107349       0.76931457695641758       0.98708046163957353       0.65804941274899775       0.84185312574298310       0.85764522591102621       0.76944328037269982     
  0.42714901288698215       0.43393346106762049       0.42706408062648271       0.45763358808233406       0.38341070962660728       0.41105533626565666       0.38878042305211685       0.46858514633829945       0.51563276750217213       0.36430514388023100       0.41655977217985168       0.42296587541826486       0.45166151671079985     
  0.96266727540015273       0.90829414908722217       0.79305601974807494       0.93788314521911076       0.81661663034084842       0.74800025407205317       0.77332879814705202       0.78657979681353807       0.98822141588289170       0.66506602722336738       0.85294087031433241       0.86760217456936628       0.78851441589622295     
  0.43182072935454874       0.45844615961669921       0.43542665694466209       0.45932865803554662       0.39150629217586086       0.41971817147998192       0.40973845329959130       0.45456296457701789       0.42492440826386957       0.38313281639550179       0.44309025657621615       0.36241808450046420       0.46592266121187198     
  0.96563631105382053       0.91541023062442295       0.81193895398343086       0.94367410503427751       0.83430686220373229       0.76447123995414024       0.79057630041632931       0.80240808600202529       0.98924555143831394       0.67452902563989092       0.86412986474527143       0.87748091483177681       0.80760018370694842     
  0.39533392927586114       0.48637037907402636       0.46870953788120612       0.42575411216886327       0.38493047135864106       0.39065131207089338       0.53113218373300763       0.43968223620240265       0.42072505728952608       0.44903751316228901       0.46630484660501359       0.50542664095676215       0.36275164231478635     
  0.96905766137424376       0.92258613238632048       0.83078830745549603       0.94897500088539810       0.85148605669455968       0.78110903110014940       0.80706943839049816       0.81866371436101315       0.99023465084531859       0.68382063227257484       0.87655349387805892       0.88771693210913227       0.82470403924809010     
  0.51049645259704479       0.54733960141456039       0.39096044899730764       0.49251148649875170       0.50253138924963403       0.49320158513128010       0.43440527814204899       0.40732960613766067       0.46825859545238435       0.50554751951085719       0.46482911572490321       0.41027609856152308       0.47975915375195333     
  0.97239788545847727       0.92987407561724988       0.84928407462313549       0.95411034882342760       0.86823480160421151       0.79855418743185269       0.82335866914977562       0.83549565962208105       0.99116091170824816       0.69314724490653545       0.89021233553149759       0.89933156813255277       0.84245560700051669     
  0.52998463772896898       0.47266787240160740       0.35490079881754627       0.49070830480635047       0.47561790583944485       0.48580783851871900       0.42625732804595512       0.42610280561038150       0.43243519395875268       0.46322964607631223       0.52658839649075284       0.53799427559146695       0.50818225510196924     
  0.97557873189541744       0.93562796883033306       0.86783607062423151       0.95951089794267985       0.88510893173438066       0.81646788907060963       0.84123592780286083       0.85345913990501387       0.99207164818031668       0.70307072240303869       0.90303669712326096       0.91205689405202894       0.85929090984005940     
  0.44179573174096493       0.51984755171509900       0.40810823377372824       0.42466423880890741       0.41370982136561218       0.38831035984711026       0.48371958869521287       0.51268930839662397       0.57275350041884987       0.44388860695708959       0.41152258758820937       0.46320203711954117       0.50239279723775865     
  0.97864811079619363       0.94117478729811699       0.88768057370553177       0.96485567877733991       0.90100079857430992       0.83512817278973772       0.86011541385165646       0.87132336135065813       0.99296409835541499       0.71333547383968510       0.91533979448866920       0.92421204097527676       0.87691259485731055     
  0.54036695096466647       0.43933118083017408       0.43280260353407179       0.43261283044654747       0.49132468410572289       0.44966591518006738       0.51101638409726802       0.47698649032367335       0.51463925356876195       0.45346676671920710       0.50345466261021410       0.45432890207279142       0.43172046040724671     
  0.98184670049427625       0.94660155698970150       0.90794271638319735       0.96994784911165077       0.91564091031438100       0.85587260848226032       0.87907252577900996       0.88837866361165041       0.99381786111585058       0.72605999320970172       0.92674855029777159       0.93569286162909659       0.89571212118589283     
  0.49979807846956575       0.48954659570036718       0.48162696305768171       0.44700290675591420       0.46539265050749090       0.53705438195528954       0.39530296357633488       0.46844956529417364       0.50546626109235671       0.50337493155210333       0.39520243655874598       0.51864991364485880       0.40479086432545897     
  0.98497514876425118       0.95283449248524577       0.92754114598235626       0.97478436888453046       0.93038908073006632       0.87881446521599949       0.89867527585883744       0.90541738167048857       0.99452612682012598       0.74581371170717325       0.93837316545170746       0.94626788863802092       0.91456542013955910     
  0.60454386112262937       0.44926368341744294       0.46646631092242152       0.44770494566676977       0.51256419947867415       0.45200825031066788       0.48847464070385538       0.57254091782102789       0.51479418784129705       0.69675726756202438       0.44368914918875618       0.47450711392347089       0.47266167786741708     
  0.98787183091214592       0.96037681869107150       0.94445739576486643       0.97824452855023836       0.94532031973846520       0.90223699537980540       0.91802749426824015       0.92284273932085981       0.99530722413885997       0.76454420995023664       0.95114004568024990       0.95630792973871204       0.93270585812252238     
  0.56380667599024770       0.46055129724733906       0.46654938894690645       0.41641525781451716       0.47502825367823226       0.43629624031754943       0.65826913791386465       0.39649738125059891       0.51389239895118544       0.49787953443699484       0.46071092778179479       0.38997048774728810       0.40625330876970200     
  0.99056617409345982       0.96883688580010940       0.95962222971100331       0.98171141580547405       0.96086964818851273       0.92427672347023226       0.93690114307154415       0.94050941301568491       0.99617549535637295       0.79017804999540586       0.96417226213916640       0.96544206130002608       0.95019233515120216     
  0.53272392809851943       0.48878291196217172       0.50918802522991646       0.38227049547185710       0.39799615759404994       0.53317128569918437       0.44792638266397222       0.48082886660740959       0.47748017879375726       0.47250503534416322       0.43080198512193446       0.36578865066737420       0.42880667113783216     
  0.99359376833672175       0.97866188004291954       0.97375505831105336       0.98607328418784257       0.97519823545871576       0.94752187038350255       0.95635830693721946       0.95895831912319940       0.99718750541987655       0.82125022184277507       0.97662162211398085       0.97546997929716772       0.96719055237127272     
  0.46064003358107686       0.51652395753967673       0.42891215233749852       0.51904346452473082       0.39464645161353934       0.45193314917705768       0.44194404012241834       0.45085767506760982       0.46425253321365123       0.47369886857948579       0.40444162289324681       0.39151385096687286       0.43761669324888408     
  0.99656665462373095       0.98887385967215902       0.98716600558249901       0.99279650339684555       0.98785502335138464       0.97429894988753074       0.97767752354341275       0.97896015948302839       0.99847176003049065       0.88488233144722039       0.98840010140152457       0.98807005804167114       0.98380879644564578     
  0.40650266831847032       0.64492363546768716       0.43016799879665585       0.46869941330665599       0.38349489374151535       0.56025369849235918       0.45605600571193500       0.47726851010850563       0.54716853335513504       0.47629369548966660       0.43251148505692660       0.50020254738767300       0.53912461781638077     
   1.0000000000000000        1.0000000000000000        1.0000000000000000        1.0000000000000000        1.0000000000000000        1.0000000000000000        1.0000000000000000        1.0000000000000000        1.0000000000000000        1.0000000000000000        1.0000000000000000        1.0000000000000000        1.0000000000000000     
  0.46169240178765697       0.43226968076189320       0.49304995287844244       0.72233486219226850       0.39302518034503037       0.57298054325615333       0.44833409590839768       0.48421256748197222       0.33111130411179096       0.36171563210867069       0.38312412492950920       0.49997841699230078       0.43296441793180396     
   3.7783611622241398        7.5915944877728023        9.3402447373574198        9.5016508952018626        11.549204756192671        6.4407910600254556        7.4482937126570983        5.7387218305799053        0.0000000000000000        10.125306739233038        7.7690419148488195        9.4016962218538538        6.5151053164812627     
   9.3033994617980635        4.4404856299229776        5.4285894029146915        8.1012770067995472        6.6259906293499977        11.152196878457298        8.7756193880214237        12.975048229908740        0.0000000000000000        9.1678906345427276        6.6526693751895305        8.2712634225378405        7.6438829434744973     
   9.5144351789263908        7.2543907569356731        6.6367311873748207        6.8666131628540370        9.2891708823893193        11.996050317667304        7.5179138234036014        4.2149336681054121        4.3365460587167277        7.7588157717028974        10.577868149004972        6.9691497852501971        13.942018245594685     
   9.3212740330029256        8.1162408308375724        8.9731143377771119        6.4504817615316794        6.4058324443500911        6.8758568343361883        8.0088206916785438        11.581596940910025        8.4393015180554833        13.513005042655490        8.8715987926916373        7.2992387300813819        9.8329840486983855     
   11.979989596939387        13.765807881568531        6.4361263672714912        6.0657808416446661        9.1480776314560401        17.606178646100858        6.1441597131483157        7.4614729034753937        8.9947494799678740        9.5212359718490092        13.391974357344877        6.1384665883622551        5.5610411143142056     
   10.454969425483789        5.6265904527016293        12.995551796914196        8.5880317951299450        7.8918654655583538        7.6647096718853875        12.639246919576156        6.2526983913722178        9.5809272106915753        4.5428579068225217        8.0921036436289082        11.490025139255559        11.408451752727037     
   6.5114354748791721        10.231626042625235        5.7009753899733129        7.6113658924740619        7.1769697363758542        5.1476011645158062        11.463103376959756        13.408274741550519        9.3269166335172855        4.0586971233585096        6.5021359408786568        12.622643077857214        7.5451665102983778     
   10.439876749699922        10.893386667395410        11.092660707822553        14.301080531646299        14.452327154729435        10.682929748245568        8.2395104042200291        9.4673669654575754        10.997027895732392        5.5242357703077891        9.9858330962115716        11.227556381875102        10.508427419352632     
   2.9217899038526918E-007
           1           1           1           1           1           1           1           1           1           1           1           1           1
   4.9134243738444152E-007   4.4453953007681845E-007  -4.2218636966174659E-010   8.2784694296976600        7.1261955313655571E-009   1.0204916268474511E-011
   1.3900727501259425E-008   1.3603668155201917E-008   1.0364845512790439E-009  0.37751974229667956        1.0362896569187597E-009   1.2336313346506518E-012
   5.0000000000000001E-003   9.5523556191971988     
