   0.0000000000000000        0.0000000000000000        0.0000000000000000        0.0000000000000000        0.0000000000000000        0.0000000000000000        0.0000000000000000        0.0000000000000000        0.0000000000000000        0.0000000000000000        0.0000000000000000        0.0000000000000000        0.0000000000000000     
   8.0427361377059331E-002  0.24800869476277795        1.9561340837664566E-002   1.4088284366764988E-002   3.8952706132588291E-002   1.3757671232173018E-002   1.5878165577837808E-002   1.6516499543433837E-002  0.64169253380051616       0.18565566693329977        7.7074596178136612E-002   5.0998616837100955E-002   1.4234687855756534E-002
  0.32446092095475526       0.28358704225554493       0.39233289570044455       0.43709177947137490       0.32553861070872470       0.39193531848937868       0.39567517278116149       0.38929612185175844       0.29060287192474188       0.28358704225554493       0.32029599655434038       0.37001420646467881       0.34239185809558870     
  0.11835297580367042       0.36159948513429541        3.7113832240971180E-002   2.9056408493245988E-002   7.8683097972832544E-002   2.7429300381072153E-002   3.1211726918285037E-002   3.3846546515074655E-002  0.72465920529435313       0.24620436688747868       0.12885095006936637        8.8452523241597386E-002   2.8988713159800717E-002
  0.38615099401987246       0.32602141120669403       0.36584443204990752       0.36315037895733548       0.39659796592322372       0.37248492845396847       0.43491057867821675       0.37962884896512505       0.31109409048161601       0.31582744437805610       0.35440290418548670       0.36921783276698028       0.43998161876835473     
  0.14425480833755591       0.43194622325111409        5.1782294296464332E-002   4.1830250374058200E-002  0.11964519290177640        4.0365078147210048E-002   4.1960258697555486E-002   4.7023061984228322E-002  0.76409843913525988       0.28058103083978925       0.16440782328652098       0.11987657328320407        4.4188505883837104E-002
  0.44434945911777168       0.35414357699450782       0.40400871437657704       0.33277818105654322       0.41820938963362086       0.33529084978527207       0.36885518764304226       0.39025572862225977       0.37625328076676218       0.32629703605880633       0.36785684709291760       0.40114557293798714       0.35519368098456344     
  0.16455204864130663       0.47645129157493193        6.5618299640167480E-002   5.5584718828838524E-002  0.16019450572645760        5.2119591740383921E-002   5.1659530941804477E-002   6.0590882559460206E-002  0.79250297954778293       0.30621551878003062       0.19267891996212969       0.15299511829877549        5.8192695192041906E-002
  0.40507607303103083       0.37022620098353998       0.40152436115672269       0.42184475016522821       0.32956579665141755       0.33216481526232106       0.28946375096766158       0.31296043001892077       0.35134873685764484       0.35668041191625377       0.37011826166645462       0.39818977326838645       0.36837795196435391     
  0.18204189723311398       0.51517314637178646        7.9206665140178947E-002   6.9025423371575176E-002  0.19762744895780252        6.4482580473622486E-002   6.2472278701179815E-002   7.0963931397401037E-002  0.81306696613175600       0.32689606697329415       0.21939386804175237       0.18607012680177931        7.2493758377771417E-002
  0.38440695601599129       0.29389709187184154       0.38805961415819284       0.41386795712898267       0.36745875806680800       0.36096817923813107       0.41832136118398927       0.34489451264882720       0.40526633377765287       0.36039417313108929       0.36439188081944379       0.38061401659508493       0.33693430502002919     
  0.19735679751723925       0.55036481667748882        9.2859038437388561E-002   8.3123994531277737E-002  0.23202887654723658        7.7662016573259912E-002   7.3649984794557671E-002   8.1804858584193799E-002  0.82765293286261177       0.34446236048997586       0.24133499844500167       0.20821004928515457        8.7208959466455738E-002
  0.46284458192480438       0.35115087713027043       0.34641637296503008       0.33734634022097071       0.36767322811803038       0.40632176629211852       0.42531451427137779       0.38332173335541714       0.39913070935476314       0.34293588989871804       0.43581581275671577       0.32688409632900606       0.40108936227925207     
  0.21109660626393284       0.57988826644658520       0.10745623469979526        9.7993330201113407E-002  0.25989904704932720        9.1708646268674518E-002   8.4862687239845497E-002   9.3192275126400131E-002  0.84018197889983992       0.36027939392990549       0.26672548425603648       0.23094800467778487       0.10220323535931976     
  0.43320169390059005       0.38129607840089147       0.37006404658001057       0.32938682150073317       0.32002596556793833       0.32119685371462520       0.41700447466910323       0.33996265415972959       0.35995923250398015       0.30892383507137733       0.39776024142334937       0.39263675972362805       0.34438396750680234     
  0.22464894584715284       0.60446015386454577       0.12195298299499899       0.11346410149993640       0.29208832304167631       0.10551878173072332        9.6351559314546170E-002  0.10685862496652748       0.85145619661311633       0.37563710636514425       0.28508495360084479       0.25342161098045690       0.11733988038815288     
  0.41837607765117718       0.36233127638599483       0.38415104280089263       0.33840468889134512       0.33938432456180223       0.34862471378354926       0.34942629358020921       0.37515094727645876       0.37438895376475939       0.37527560909797042       0.34009015773140694       0.38444010023204456       0.33662678965946158     
  0.23879144816029266       0.62616580861117588       0.13584514507255846       0.12742068393830844       0.32125153610311918       0.11761438323705165       0.10747016058836482       0.12162180870060960       0.86029602731953436       0.38916722022452505       0.30236617658863130       0.27674974266097019       0.13235379137279965     
  0.40962746210498263       0.39080500384599376       0.38688269125678759       0.32960954677604271       0.33277818105654322       0.30058138630642273       0.38610606934641784       0.32758191216467891       0.37486443498716993       0.32795900973690284       0.32623352742123207       0.32803764769631977       0.41159409632983340     
  0.25205879037360829       0.64528462318107760       0.14940410862092360       0.14000601029641241       0.34852133174938504       0.13003030163201168       0.11774132890735403       0.13758705156470749       0.86897649837682878       0.40150577454850322       0.31879396421992517       0.29982286062236402       0.14738755692228681     
  0.36484693938100682       0.30459110639318532       0.39435240492394363       0.36125699092011476       0.38556416479818362       0.33730247677857050       0.37887693376532905       0.45547332027722898       0.36232197682712830       0.33964905756588637       0.36842927680017995       0.38366402236918939       0.35313785405573173     
  0.26504645523892356       0.66249495515530055       0.16285175246120231       0.15429563220840739       0.37570541971225307       0.14481427184696530       0.12736528813202352       0.15402654839486932       0.87674118966718184       0.41313043936733640       0.33310368518068445       0.32515411523925281       0.16306285290869754     
  0.31265047030617887       0.35943051966824380       0.37033547162838587       0.40062278197561907       0.34858187840019150       0.35806943066620617       0.37437696244345148       0.32817247872973782       0.32298355442709048       0.44333777339739938       0.33730230142060202       0.39055207680209675       0.35096997408953035     
  0.27713992951160649       0.67851756455957046       0.17592438806921495       0.16952551580561362       0.40141024921830970       0.15935765731761450       0.13622505954886596       0.17093471414304806       0.88291357471884047       0.42453875367311261       0.34502933654365570       0.34907235474598919       0.17880140893788748     
  0.35626071478448834       0.33689956099992086       0.32345651163373329       0.32327185140172277       0.32050853533097995       0.43218849145445520       0.34576634276716717       0.37940982228959930       0.36558334372320800       0.34418804612801640       0.30280978682075693       0.39333148532301460       0.40177641701612915     
  0.28927546972383122       0.69270049991572580       0.18926571294303091       0.18321532201733123       0.42712536616916397       0.17300935294712727       0.14500665147772254       0.18765218805963316       0.88762338240627692       0.43557318579127047       0.35546894828568354       0.37111388101132731       0.19533723005615522     
  0.36778274242949993       0.34216866915334426       0.38195892029212070       0.30655217056438477       0.34392624943459182       0.35912712549108378       0.34038509666784772       0.47154011112786820       0.31549951072239824       0.36499677260883151       0.33479877040722233       0.36648945023847768       0.33179299309523741     
  0.30175492974800067       0.70529113298100954       0.20426721456812241       0.19622268919970332       0.45182015486008553       0.18829072073448885       0.15401596894537006       0.20464500760255377       0.89147095231473905       0.44643155981621285       0.36783412152977163       0.39066826135093669       0.21163553248897318     
  0.40454556544692716       0.31464890692103276       0.42233993255235358       0.36825989174155588       0.39556173627169217       0.39889516194911095       0.38052992575962274       0.38672983555494722       0.32416277029864676       0.37250950369334818       0.31819369607357773       0.37402871246678260       0.36104248702515040     
  0.31383364672296260       0.71736258905570993       0.21963826549294893       0.20902711522927436       0.47541286786069842       0.20573001928587767       0.16337801553951448       0.22095078066734780       0.89517477817363589       0.45725924926577566       0.38307256552036645       0.40825191970654984       0.22770726702359861     
  0.37217475826750052       0.31527634856931402       0.37000117082534989       0.29703141499078961       0.32770478707716311       0.36859580218697063       0.41111295197840519       0.33678632015390786       0.31395534726646601       0.37605753982157125       0.37491249549978178       0.36919121236845132       0.34384235344647324     
  0.32555880706284646       0.72943099729453953       0.23357757620016598       0.22558172735559501       0.49872039189197798       0.22227604374820276       0.17298081249169958       0.23664397224734252       0.89886010522331261       0.46755880740180833       0.40031213903459323       0.42309354444853697       0.24379864964624356     
  0.35835032134398137       0.30994645161940176       0.39629988323866133       0.35353560113415061       0.39455939895595704       0.44915300723484847       0.34216986048610482       0.39455792961741509       0.31570302858211741       0.37127911943334430       0.37039811740466788       0.38618244782919653       0.36192025312356296     
  0.33727890938186272       0.74033480709962585       0.24650188846306159       0.24426063921782437       0.51883935809865622       0.23992206705089519       0.18229984143385930       0.25233729353966161       0.90237162718903452       0.47689297599074659       0.41418498791266245       0.43664379099727740       0.25965619290254383     
  0.37826105535258259       0.38586121583675409       0.37342951188905837       0.44006443646803955       0.39397301568086024       0.33143608161355936       0.38057461588278174       0.34356447125129141       0.32052521913215026       0.37196615626761209       0.36357413842152103       0.36375517309615762       0.40313594221939403     
  0.34900597363964531       0.75093909107617618       0.25921191910342500       0.26105044192453775       0.53639378093530321       0.25653206484937768       0.19151927613594080       0.26957799873257499       0.90598305087571840       0.48624807919486646       0.42847380798110596       0.45014427102188487       0.27543283062054297     
  0.34595785861382139       0.34026799312878792       0.33323444409347774       0.36372371637657269       0.35777810847086750       0.36567552667532860       0.46180615213084580       0.43996932406217543       0.32684263979391259       0.34666733017380241       0.35593755991096759       0.32127236622154387       0.35517151994254537     
  0.36024455984851866       0.76078210259306678       0.27258232524829457       0.27707031348259903       0.55288864268727367       0.27455185679221333       0.20072216659223718       0.28665467845692477       0.91003070347938708       0.49586071378140650       0.44326358017271728       0.46387016702732781       0.29031304443336842     
  0.45072796126062487       0.33875529147533384       0.40202260967796977       0.38175732233493664       0.33066190370545162       0.38367175556663313       0.41347028457278973       0.42107266756059553       0.34599833976209265       0.37970540196474339       0.35970669294907098       0.38979533946731809       0.37022620098353998     
  0.37054036428353837       0.77042815764257910       0.28802222643633002       0.29247243176144827       0.56811094077804836       0.29196555937621371       0.21081357436935688       0.30482473301687979       0.91419498127146581       0.50570792973933887       0.45909678679778659       0.47661830941714367       0.30486264449588713     
  0.36478501392067303       0.32653738108966807       0.41636568483817926       0.37703814403805802       0.40031049582789491       0.40009700725508673       0.35693356610670685       0.42961217468925883       0.42792115235697559       0.40069999747173668       0.38910762913437841       0.37999641138870999       0.41968120364206496     
  0.38057850825735218       0.78013239081387431       0.30188493669885186       0.30640360540654787       0.58179824005153302       0.30830161373219372       0.22166283487503141       0.32339953465790516       0.91832460081596667       0.51561408561726529       0.47516907607647657       0.48828400434968405       0.31997390568439049     
  0.33277818105654322       0.41848491855598335       0.34636130380910513       0.35988722535832252       0.31549951072239824       0.37687855010436488       0.38074691539067856       0.43497845908706501       0.35811198547690509       0.38236113173995406       0.36286305626429211       0.33277818105654322       0.32296099300245634     
  0.39038665183997656       0.78894327702614098       0.31553035557272502       0.32143205863455648       0.59455084221033139       0.32501419706790852       0.23236694269584487       0.34004358398335061       0.92216372042328121       0.52529549974911216       0.49194257541258052       0.50013374275241940       0.33543487717407539     
  0.36709207283817968       0.34776577685321580       0.39515510005380711       0.34465423584040128       0.30422722766979088       0.35937916819812826       0.35498394058464255       0.33471596329272291       0.33819532775604288       0.33385097304837436       0.30751657550580563       0.36647234805236223       0.33072527438425248     
  0.40033709063787393       0.79843865324587249       0.32948008979337751       0.33470396716077233       0.60696819227300758       0.34069484983507237       0.24378190426441623       0.35532241986049273       0.92574597996172459       0.53424842511211679       0.50928703522827745       0.51193577538807367       0.34997430357677123     
  0.39321558584253008       0.38090921888427409       0.42340637404907283       0.32814374293968346       0.33447159399149617       0.35154153073119004       0.41255798380004555       0.34345090255612765       0.38103646716042294       0.39358781565663847       0.40238297800714856       0.40624959944187561       0.41860545741835847     
  0.40975881237845957       0.80676733208034268       0.34353205741429860       0.34974300975571893       0.61920015760808156       0.35569857468039079       0.25476829535374085       0.37040117507769837       0.92895233882244344       0.54276288604279377       0.52579614218230630       0.52297410232230768       0.36455148338587240     
  0.32205224978907776       0.30857067335145022       0.44680825696723819       0.38764151537112490       0.34486481647123707       0.35595723179549088       0.36209029538873871       0.41122284261896164       0.36383705454439275       0.39629958825661915       0.37751152944360472       0.39262624175193594       0.34791057472899856     
  0.41774363034548012       0.81516181378903751       0.35933841249101062       0.36481342183840049       0.63551154561440837       0.37022786797891483       0.26502666716996459       0.38610414990224801       0.93200827216029902       0.55098013059073314       0.54181060130393288       0.53315589579623546       0.37916153116697632     
  0.33893408999856744       0.31894014030322881       0.37684082408386177       0.35677499016497993       0.38887959892147600       0.34138225365330416       0.39901807464540562       0.36385377390200679       0.40077800892762183       0.39269586831660136       0.38351103188848895       0.34448369115152788       0.33834422150714016     
  0.42599658695478348       0.82346734966720603       0.37527912337505825       0.38069337005687498       0.65099420180855294       0.38209333592664030       0.27572434690243214       0.40264292872319385       0.93523768264938412       0.55842648214198376       0.55739714586788180       0.54337802815573910       0.39364361839062928     
  0.36594538891008643       0.41821498421855124       0.41731891761772882       0.42766243642358165       0.35856340057840502       0.32297902167389136       0.41969359836257603       0.38521932016586641       0.38950167927102147       0.36774966192449543       0.36924332092958678       0.32393999677779217       0.35970073915572942     
  0.43545305079116509       0.83182362396084386       0.39186060785509186       0.39889629840287044       0.66537041620528992       0.39459618796611429       0.28638887872178065       0.41808093871300833       0.93856811110901472       0.56572872714047273       0.57212002212785884       0.55375679274764911       0.40833771769716526     
  0.34044642104715911       0.36528762951825550       0.36430985915301706       0.33680281124003325       0.35571250275443522       0.30865209003851252       0.33435504172086844       0.34675284519177579       0.38467057078963979       0.37350394328387965       0.35744027933575845       0.35394675289060212       0.35418128792576742     
  0.44506904606944964       0.83882296242213594       0.40782738306235761       0.41748048044774405       0.67945658700847433       0.41080806152246313       0.29630991051787797       0.43129315575387156       0.94150837775051399       0.57311952062384586       0.58643743604328058       0.56557078938962912       0.42292749712718625     
  0.36850524240627475       0.42891733256557391       0.35986958505816868       0.41726517244911909       0.35521084554401677       0.35122615282106462       0.37579047109143932       0.33198979107422877       0.39933897851795852       0.35254128708478516       0.42136897850878152       0.33870992723311938       0.33656571189931894     
  0.45416991253328454       0.84554727034623467       0.42340048475826175       0.43219782482180863       0.69272266530835669       0.42435475697347641       0.30639781052364728       0.44339593310991138       0.94405152103740098       0.58097873430566949       0.59889523652345922       0.57725502900039438       0.43806353761700101     
  0.40840896202832366       0.39628250360468797       0.41249072703211398       0.31887343393924406       0.32427267859453796       0.37213089370449925       0.35411102834729807       0.36009078715531245       0.36265356526631204       0.35871657392893130       0.40500281748822192       0.35004523145084970       0.38568541596553685     
  0.46385245082883364       0.85156361765688271       0.43885593681176210       0.44667190810237550       0.70549528403093364       0.43605931642410350       0.31669334686538131       0.45503618525604422       0.94642673042968783       0.58907872479043089       0.61236860427246875       0.59067774670620077       0.45356220307514739     
  0.40060592813182189       0.37774170118669237       0.38974214049140682       0.37324195614899730       0.33044155485557430       0.37360230512678078       0.39101400366582217       0.34887293728333235       0.43420826484992237       0.43626872530858757       0.42340655443256492       0.35639496625895439       0.40058292322634442     
  0.47350879847395683       0.85714956481012927       0.45435512137657030       0.46219573822319371       0.71808968493239411       0.44764048153603053       0.32690382515820210       0.46552264220646794       0.94872853894385378       0.59729119403851871       0.62660351016932725       0.60436450958252885       0.46743561317141757     
  0.39754844639114345       0.31993939766288665       0.36256063033072533       0.39949810037548095       0.36272744067410728       0.33456086819200276       0.37697760921785356       0.35350723819612401       0.36876126461261227       0.37748952168765887       0.40471915825835492       0.36610170947216952       0.30138504023027057     
  0.48493071139141802       0.86269525488679921       0.46981260520351703       0.47713486949667472       0.72938524263024895       0.46080962541145815       0.33741462088540336       0.47634091927830235       0.95100598915342793       0.60443086845825533       0.63991687683838128       0.61878257523899449       0.48523583730490688     
  0.45487315519145494       0.34683300431293373       0.39437503445024830       0.33779020870162368       0.33126196606403596       0.32488299320452174       0.31744694388596217       0.32254076441720697       0.34724068741217939       0.32632831423295267       0.38922874879676145       0.45242713175514965       0.33373205741534878     
  0.49638733356017856       0.86797468401997202       0.48505129149922832       0.49686999822172823       0.74106202551388534       0.47667815236525996       0.34835921432574207       0.48704299505938059       0.95312421283805504       0.61151755606486413       0.65387147580595784       0.63316830731213369       0.50393516950346262     
  0.36473638417614807       0.34170555137792491       0.43477505520611021       0.47589507591413349       0.41269649044118906       0.37241766895512607       0.34352616215537768       0.35676207985060171       0.33106479639940672       0.37195143527336200       0.38240823647254024       0.43441210137167541       0.39267529803869794     
  0.50673075957188951       0.87330551245437582       0.50056402167359160       0.51623033433978849       0.75162405319705405       0.49216128115746055       0.35982127228686989       0.49973958915219674       0.95507770618449994       0.61867274938696193       0.66764371975227310       0.64782440222131699       0.52045608792907949     
  0.39621593339451239       0.39558791474870342       0.36617453031311237       0.36840940903125163       0.38080045578088995       0.33706189144389032       0.31995424857500249       0.35147732415260902       0.34832075775707660       0.35908078840745250       0.42480224392559446       0.36117556455748601       0.40601450106764087     
  0.51671545364666749       0.87906801567085835       0.51674592215452220       0.53515874526899820       0.76303772193257402       0.50992778825256657       0.37134794792205295       0.51464799446696397       0.95690509633154530       0.62567607742000431       0.68153361948076352       0.66169328225074442       0.53674506661437871     
  0.39390945777020620       0.37054446050333267       0.34827369446603584       0.36147086884665713       0.39286244551726379       0.38304014528058550       0.36458226465341903       0.34794110821312191       0.36939883076888419       0.39288312793394059       0.52046128114492174       0.47798305471351843       0.38402195803687200     
  0.52739877414310798       0.88505271650294670       0.53298510989362269       0.55349302368213993       0.77501667180286393       0.52683449508109070       0.38317782594680144       0.52961896331831904       0.95859773520005487       0.63245585272446825       0.69512710979565473       0.67440228242914246       0.55386875145213821     
  0.30687728797419433       0.35400138909233453       0.34338645441823024       0.46539228004655897       0.39184138698130666       0.34985282686166613       0.41317032944492954       0.39735030661602239       0.33179397033635011       0.38007826007043954       0.42799481634607722       0.40360280211720384       0.39819291023657466     
  0.53849105014376519       0.89033071009800890       0.54936217535402887       0.57053040609878192       0.78652141570494016       0.54340204962318350       0.39524227177897492       0.54521373097098469       0.96034629016916406       0.63913212992875834       0.70834591803848179       0.68687263805068433       0.57179936961367006     
  0.37051953254134284       0.35157218263930917       0.36769427281033917       0.42583864233651675       0.38689264353746500       0.37921207963776599       0.42444646198960317       0.34951868762082505       0.34538085765763216       0.40559794343857464       0.37532550948772248       0.39117784527273358       0.35759890691889634     
  0.54999711159243292       0.89527833209854513       0.56556604184783099       0.58694595306589148       0.79502648895468453       0.56139742358769185       0.40728183890304726       0.56049282579769721       0.96227295160221460       0.64579075498030303       0.72133706114417140       0.69878017383585678       0.58936168043849579     
  0.42898973130991991       0.34194266171096133       0.43996651361081651       0.40688675504303995       0.34262712304391824       0.43512902130337067       0.34250691730511784       0.39264733418403142       0.37290191206074835       0.41205242044518531       0.43109952299517434       0.36109607223121815       0.43558254081466147     
  0.56220413126490409       0.90010747805986124       0.58159169364995211       0.60369139836163521       0.80244147311085923       0.57461100754742012       0.41929314137160667       0.57502602736646891       0.96422661143654709       0.65235370162100270       0.73379000878671496       0.71070596745166570       0.60561475212295757     
  0.39792015724173702       0.35547584479062744       0.34702323591440459       0.35501053286248946       0.34743411727376594       0.35862886679246481       0.38821960617951656       0.36740486150314039       0.33837784617365030       0.37747493905017243       0.40442951984570252       0.36345892909795408       0.41530648715588431     
  0.57436370889602339       0.90493869354233269       0.59671292598683978       0.62141589438344258       0.80928872086922110       0.58637632023160813       0.43168648525608899       0.58986760942590366       0.96609742924941033       0.65896973862367914       0.74559344188909393       0.72247391649194270       0.62006114472162932     
  0.51892030619830309       0.37708204372551224       0.30622651655556726       0.40255307540888724       0.39006489693646673       0.38760826020668809       0.37671307140263138       0.37536215221774710       0.35133348619104970       0.34172739108874761       0.35290180769444612       0.37082893677414713       0.42756455575731028     
  0.58632638337698484       0.90968297499831630       0.61226841154223810       0.63927012103034864       0.81737206876787682       0.59673748311820252       0.44426997702117943       0.60636817402915733       0.96784076645498052       0.66567347815003453       0.75647096230100874       0.73392656950213264       0.63403922530066514     
  0.39764888386845998       0.35854563011777862       0.39442299981547890       0.39938888052188393       0.35648752564785641       0.33529359996192387       0.35246058984162548       0.48009336906285710       0.37309010169017820       0.35165862539672094       0.35848710610524559       0.37415260767216441       0.36647653398591945     
  0.59872268611689261       0.91371021164798583       0.62851549757198588       0.65585831760012669       0.82561931827869595       0.61348746373628249       0.45760597152895488       0.62263374081732359       0.96969843756747687       0.67253022125532735       0.76603328305136831       0.74664062762470473       0.64953550595452203     
  0.38556561514167936       0.40283969469603387       0.34820908358863795       0.31632091782127575       0.35971427281553381       0.38883187197521374       0.34952516805425776       0.41008411143838236       0.41671374582339327       0.39225769691223472       0.32259224007900800       0.32382511729632252       0.36645681882263981     
  0.61134596231581817       0.91717277790391449       0.64598865071304890       0.67159068334577465       0.83436776358777132       0.63107921727119998       0.47174956399423557       0.63692523987880711       0.97112235932299207       0.67959590547371851       0.77442451877772578       0.76015318483660521       0.66596203338677129     
  0.36281745341385524       0.32967837911632869       0.38022465510165021       0.37190103555943654       0.34392877747579914       0.40463562935883352       0.38482546569399095       0.39754613314514348       0.33502759384836583       0.45297134280556883       0.33635149808628478       0.38546809126933423       0.38455699252719733     
  0.62350487453662762       0.92018068093658656       0.66398584930923321       0.68757631966947719       0.84381368470447438       0.64814457023295136       0.48670973811999430       0.65146663498042456       0.97234640983952425       0.68692925344272737       0.78391117579633940       0.77432027711211782       0.68059394039236187     
  0.36301478454198949       0.32334983770224929       0.32390587686101341       0.34918323133874724       0.42154289490042651       0.36224412625543712       0.38835766664951937       0.38277431081500152       0.32376318299134743       0.34800576141321288       0.34919227353705279       0.37179929613960827       0.37826724228510383     
  0.63468523020758338       0.92252439824482613       0.68149113512654658       0.70422458166209823       0.85343396735248611       0.66633033144455200       0.50232682666682571       0.66712536512922527       0.97352217256627893       0.69422814046161452       0.79426924253403308       0.78775070594641938       0.69358459849888832     
  0.43291268154092832       0.34115107947732665       0.33154877710953307       0.42293556252005465       0.38574817333200545       0.40562853807168547       0.34012390193818254       0.35035004501254891       0.39583833250224004       0.36218784724525538       0.32888253960532282       0.37982119566974260       0.35419267435182794     
  0.64527883603167335       0.92507247401703752       0.69845477926084110       0.72104876203843482       0.86159198513290847       0.68297182087287922       0.51894176397981073       0.68382153595067141       0.97460079529978860       0.70102339797945135       0.80456351111776558       0.80130985148542599       0.70755865429891796     
  0.32048033441241819       0.36599794173017558       0.39653831632842279       0.44165661278175317       0.46082761385804322       0.38897979721599518       0.44161236831359302       0.40268234048066986       0.34796341682011922       0.37997131202153278       0.36917157304663273       0.39894655208422125       0.33375597242090316     
  0.65733010191623520       0.92893878830325427       0.71450934227364493       0.73755599183637743       0.86887967968854785       0.69797481438360243       0.53603799696330701       0.70305185735259201       0.97572533855254939       0.70760988754835419       0.81627883656763434       0.81423248800110293       0.72204907037765376     
  0.37409760490491062       0.40874811578733666       0.40368185395139827       0.33476480334558639       0.33994835206861163       0.38446562136129186       0.37920429997839333       0.43435321161275775       0.44215014557674104       0.42809996983055859       0.36152584525113729       0.40811881746977657       0.40777516152035120     
  0.66939604026418220       0.93299660522374261       0.73166057495739900       0.75421658366346256       0.87634423823879726       0.71426213403078842       0.55326534851921483       0.72144852468605436       0.97709777681036347       0.71409917806372236       0.82840906118525859       0.82585295217561694       0.73539140458257657     
  0.37737820376511239       0.41549387663246634       0.36214869613003287       0.35670458263307758       0.32740193548105295       0.39328312580683078       0.41999486703985034       0.35270513483791899       0.40681100914541191       0.39309088335187475       0.37959586697789871       0.31776527048947040       0.37918777292180167     
  0.68255542213354736       0.93702403899657039       0.74284354112421436       0.76990541815644498       0.88391490649538862       0.73053947899632754       0.57039603504319480       0.74018930539380390       0.97852877244252789       0.72105049084684147       0.83873081075509170       0.83757881715881877       0.74974086974549259     
  0.33438861859571556       0.36200210751015510       0.32698209824045027       0.43384042660983813       0.38166207859819196       0.37609844297947970       0.38526683704130671       0.35752012273573264       0.42751417594420349       0.46632948888312392       0.37901301140791899       0.34558606559248622       0.40198928132403433     
  0.69702535480015693       0.94139534921433576       0.75447130855877531       0.78571019406948395       0.89149140999297638       0.74767210947989238       0.58833241001094527       0.75768602500131443       0.97977110382374422       0.72892817936053456       0.84888985981121334       0.84914464106176124       0.76454248754812859     
  0.35149521425077157       0.44571201497198909       0.32280027532875982       0.41155318093121551       0.42672673694675756       0.44515996791563134       0.33182944376487367       0.39654168726989675       0.37888432776685438       0.38650402703858605       0.37602184428178709       0.38215199419275431       0.36198143092031249     
  0.71121699494361990       0.94566838245959828       0.76828437943468642       0.80022563771508126       0.89891891326727824       0.76442552652896056       0.60683991984218122       0.77326620764011911       0.98114496378287341       0.73686386393470371       0.85823879951800397       0.85937938308509287       0.78001473583388181     
  0.32763065931923446       0.40063583755911780       0.34398148291559921       0.41057628868936435       0.39156448549255457       0.41418954869060848       0.34542450146114717       0.37828924270032982       0.41091354990011780       0.42555958344671718       0.37064947928085862       0.36363955297952266       0.33773597428237451     
  0.72497140798735471       0.94963553803573963       0.78438849730833615       0.81443081336194767       0.90626130522779969       0.78020715844601241       0.62899677652690922       0.78919797216170362       0.98252820519173134       0.74477644080249505       0.86690921508656194       0.86937542619259423       0.79670742414778295     
  0.35537189921884976       0.43199105053559600       0.34668662926685023       0.33321266745703615       0.39134491588128789       0.30762673143078423       0.41107966965215481       0.39207302229900737       0.42418041271346196       0.41410008454608499       0.35403007301705269       0.31846458824235124       0.37641471798776188     
  0.73851789861609796       0.95328971704490606       0.80212618521660040       0.83078266004577828       0.91385538948124989       0.79671150395002877       0.65449974485293716       0.80648980425464190       0.98393351621117664       0.75259143919157656       0.87644889201476162       0.88018949087261023       0.81448865950223615     
  0.34476286692556002       0.35815563425960872       0.41432136844842993       0.33696146996339055       0.41366970230447531       0.39705064486057801       0.31989282403821540       0.34332122466320897       0.49288331378797817       0.50748734680289997       0.32340425528386735       0.38527499629616113       0.35140302084413433     
  0.75347699135734292       0.95663420232848939       0.82073515295378408       0.84621836837634190       0.92141251880992114       0.81348145009877537       0.67855316719829184       0.82473800515553197       0.98551652769836529       0.75955712479665138       0.88617066868597860       0.89200646549408602       0.83334106339036140     
  0.36565738460470665       0.38577455406725797       0.37783017725716267       0.34745257224915077       0.43785150846044479       0.36650666320456815       0.42692133547146927       0.33277818105654322       0.45886653324460097       0.38674940319057388       0.38570928183664438       0.35893114927039993       0.39684660632602697     
  0.76922876620725877       0.96004034526992454       0.83980348213152900       0.86404883897032669       0.92876599033231366       0.83160897006452017       0.70297321792908640       0.84293549879884255       0.98678394157196347       0.76654306405769990       0.89706304732617825       0.90440151408324077       0.85106977378104209     
  0.35573597132750551       0.41966152697245040       0.40350462206177690       0.39379241198802994       0.41731103091627753       0.42489676445186092       0.38001088234441399       0.36595742525330793       0.42103369468767043       0.40390421437598517       0.38338376881247066       0.46301011812322962       0.42555561394294344     
  0.78555668270426482       0.96391560762147244       0.85877013395395441       0.88293730972663187       0.93584863327515877       0.85040672467137446       0.72250590070928600       0.85996859996758923       0.98803617141058531       0.77446791570643481       0.90881863104260252       0.91675016565831535       0.86557950456977517     
  0.42812058449918050       0.48018369751926610       0.31730160602816587       0.50398674247405595       0.37409778788826981       0.42539486381674646       0.38318524720514241       0.34102676074787108       0.37499065976122348       0.38453674003393046       0.39639971245215083       0.40248159373372022       0.51244153823957406     
  0.80126836507974208       0.96804333990052727       0.87681989526592730       0.89997355543806112       0.94357416115125703       0.86941889912308634       0.74382874221056705       0.87648735562169067       0.98926895349607347       0.78338956167541607       0.92001072923789928       0.92842199235473211       0.88087284984801861     
  0.32791179416863386       0.46514908576455449       0.39266369403656942       0.35315848706988234       0.47560732813664569       0.38965492886722430       0.31912317978865917       0.38126465953644212       0.43824211666699175       0.36893621506576096       0.40028866069937391       0.40691123775997812       0.36733815902314015     
  0.81680887862701756       0.97221168200051045       0.89474992572866952       0.91632777274439414       0.95152081644644160       0.88906763477464401       0.76902155172205189       0.89402311526884237       0.99046164823801253       0.79276702740144134       0.93070626463450024       0.93917155184687007       0.89416422535655637     
  0.36682469511567428       0.49500408567657017       0.39619241543140554       0.40396484844530478       0.38960671790652796       0.39488185891041816       0.35402703484066028       0.36546310050013642       0.43285459718225294       0.41494665081950638       0.43115317911993101       0.34891322109794931       0.37661198691618242     
  0.82940927301239442       0.97620495194318557       0.91201024632903416       0.93070194557801900       0.95922068060488186       0.90889874739917254       0.79852593396623162       0.91196911904502820       0.99161442034254055       0.80278885404590472       0.94117097525522075       0.94954094908887332       0.90906692342207907     
  0.35437580726427992       0.40178659934621136       0.37964694798249804       0.35150834628094774       0.41218146272461081       0.48719002340783668       0.41463583968665868       0.38653741311595252       0.44907138384925394       0.33759514921854183       0.43631596986151111       0.35613475084143659       0.36577252807166116     
  0.84574577284316754       0.98005955032859404       0.92872734283379166       0.94265637276771441       0.96676102935729458       0.92767360779560548       0.83306781990331158       0.93021394358439446       0.99280971682677810       0.81411999269580160       0.95186863305516467       0.96023344001595146       0.92690354543616982     
  0.33130778348656420       0.64880164217837599       0.33806908761076865       0.34658105566018177       0.35904290235177572       0.39212051853152807       0.38772595446782893       0.35229818817038461       0.39879841322928178       0.34554290375246166       0.41398124757873350       0.40897624692463425       0.36444859942076924     
  0.86582080518076843       0.98410248706026859       0.94473091340467974       0.95450281918549884       0.97529399594893906       0.94520617538080021       0.87460125141348211       0.94775957140333289       0.99415579690759348       0.82707973809264235       0.96336999270245438       0.97104579486627884       0.94366869707756940     
  0.37281493013469647       0.49351908562430991       0.35295695129941662       0.36735668127193721       0.42118464775008913       0.34708793385273989       0.35362335981352877       0.37612548747081193       0.46243887095437414       0.40141901963281790       0.41294211224711924       0.38264532165139425       0.38113803580021838     
  0.89744350867225553       0.98874645557210039       0.96202628324396910       0.96591235715326007       0.98369174593859776       0.96279782210734943       0.91857167985510102       0.96493691756939592       0.99572955708484467       0.84334748972400631       0.97497054502049196       0.98218581411787231       0.96182772535356775     
  0.35277128801595475       0.48123949458470355       0.37967395771621731       0.34482164256066700       0.44219782118217849       0.42417388919180898       0.34589875624322319       0.39483395103031982       0.47537755468163367       0.37058784615401780       0.36130669113249786       0.40236230995990097       0.40789134817994338     
  0.93980725420940692       0.99418417442092211       0.98133721572498456       0.98383276567924194       0.99192382507810006       0.98154028191626885       0.95921835481135398       0.98245318325679321       0.99766284820679885       0.88338908119122683       0.98760888823682169       0.99054227770481473       0.98080523372811301     
  0.37269284516874690       0.47596206066243124       0.33724883158303454       0.45603564250570539       0.47402590556630830       0.45054561380873748       0.36479846111346242       0.37006325478292701       0.41490793556745859       0.37449096705621809       0.35945209762179170       0.31397601158030319       0.37705127486091772     
   1.0000000000000000        1.0000000000000000        1.0000000000000000        1.0000000000000000        1.0000000000000000        1.0000000000000000        1.0000000000000000        1.0000000000000000        1.0000000000000000        1.0000000000000000        1.0000000000000000        1.0000000000000000        1.0000000000000000     
  0.28358704225554493       0.38704166960038444       0.36147623762355524       0.35622148781926793       0.51094388356819853       0.39532856719589460       0.31631741124378471       0.36406027984533917       0.28582688932530076       0.29911799190091609       0.36013434002118466       0.38557836607022328       0.39941863963002239     
   4.9064143464268151        8.7618711919080958        14.274147128447355        7.9042415878975358        8.9922887799403224        7.6528705451510604        6.0671875401042623        7.8409621769403479        0.0000000000000000        10.707047464583292        7.5711212974302526        4.2139283525729443        8.5635569552867601     
   7.6668006624195568        10.003245230612739        9.3372126701800742        8.9982314647144754        9.3888444313655803        8.0879528045344209        7.1759260135445748        6.3743661065752120        0.0000000000000000        9.0780170986249242        7.4461920788990410        9.1744276004992145        11.097978744339871     
   8.1298262142958677        8.8779902505658921        8.6541307991022993        9.7414426575787356        9.9154816627148890        11.774958607443020        8.0692357216448354        7.6847833911526413        10.088630233344832        7.1402436928702464        5.8940142167334413        8.2759704950055841        7.0393770816665517     
   7.8186709540895301        11.265268997903073        7.2032919461472522        9.3797399736117484        7.6926998906688322        9.0921927161206764        8.9905818204191927        7.8678106177373586        10.097925673602075        7.1241562702788777        9.2395333999702345        8.9153959378428898        7.7968295306505881     
   8.4802983229654636        12.679034819909258        7.8648529941216578        7.9892197450817255        8.9126959872093590        8.5382814752876595        9.5925208700520379        9.3973622696621284        10.368070561566430        8.9875817817324961        8.8572802511427291        7.8257288143508692        8.8361303931389212     
   9.1051714511797481        8.2044815770610970        7.6750477651571334        10.068666535032072        7.0617867304052124        6.8905188496283829        10.171771239587702        7.5051514730221758        11.026825818048982        8.3243485418582956        8.7660225261804143        7.7795176067853893        7.4428292463035293     
   9.1312786474164707        8.8754401615161136        5.9610520984240152        6.5204296386867711        9.0000032566377950        8.0595259770712300        12.982972033756504        7.8933795623275733        9.4867081891450713        8.8431341454860046        8.1714256760658888        8.4657293018900628        7.3957413944759338     
   8.6512949484284078        7.1007527941151922        7.6340297696570953        8.0352067918809009        6.7957629643340010        9.0372236768175078        9.5311751514183509        10.242549849191143        7.9014044092277338        6.7173490274120002        8.8365704966435050        8.8516974812086477        8.5696147670128102     
   2.7250225104390708E-008
           1           1           1           1           1           1           1           1           1           1           1           1           1
   7.2995773849425667E-008   6.5205143437546949E-008  -5.0071528762825468E-011   7.8388032678760764        5.1838877168655324E-010   2.9963553936539072E-012
   1.4017354481673774E-009   1.3877735742272807E-009   6.2565865834769020E-011  0.25532453992977427        6.2561338900777791E-011   5.1858024122309544E-013
   5.0000000000000001E-003   8.4456728940123984     
