   0.0000000000000000        0.0000000000000000        0.0000000000000000        0.0000000000000000        0.0000000000000000        0.0000000000000000        0.0000000000000000        0.0000000000000000        0.0000000000000000        0.0000000000000000     
   2.1123581015797529E-004   4.9970715433771814E-003   1.2885218389723516E-002   1.4257820338053898E-002   1.7455928029485143E-002  0.21965099577729166       0.18813172028812397        8.0461474509107248E-002   2.0083321992091271E-002   1.2760140971115587E-002
   3.2350530097316397        5.0073270178567189        1.8410708043708242        2.0558400710041118        1.8266113958440162        3.1295694595302379        1.3304998984258207        1.4898431122212712        4.9640574427184729        1.6736904890909439     
   4.2779089157419787E-004   1.0046380704653008E-002   2.5913033144743310E-002   2.9481325715593865E-002   3.3927350402361493E-002  0.30580917957529596       0.26083570767947661       0.13427793390811305        3.5936245375700365E-002   2.5380136403743484E-002
   3.7144210883164086        2.4358031105045272        1.9531067175230239        1.8150336730454859        1.8713816159318843        3.3163195367649765        2.1104211471254195        2.1792721088609794        3.0725524593447093        1.4809624092978699     
   6.5438039607770468E-004   1.5265788224695081E-002   3.8446814513853317E-002   4.5487116326050486E-002   5.0088408366979649E-002  0.36166676924056901       0.29382743900878205       0.17096678555815889        4.8828454882248122E-002   3.8952238477699436E-002
   3.0756067562430482        2.8315477760172918        2.0242315652777072        2.1103552012942717        2.0116312784415213        3.7399734020729634        2.3694220597598279        2.2451175283474973        3.0047074421769513        2.1616083571430815     
   9.0250781279188792E-004   1.9890963664045355E-002   4.9274149348548159E-002   6.3207677073268992E-002   6.6570089328663845E-002  0.39568698230500893       0.31485472950246673       0.19970764825273124        6.3498109888422249E-002   5.2433963666730289E-002
   2.8292011434487851        2.9245161902710417        1.9133416327838795        1.6683505277087944        1.8112779053803538        3.4373165331968982        2.0766718766246806        2.1376657942377051        2.5276658667899321        2.2011179224512269     
   1.1849544528943778E-003   2.5747563796952810E-002   6.0682826148453071E-002   7.8983396842457795E-002   7.8943099208328107E-002  0.42002379642199450       0.32993867488191259       0.22053317193247063        7.7683862253057678E-002   6.4948697279412174E-002
   2.4028746798640714        2.1421012084663329        2.1691674321361814        1.7679331924411683        2.3132680399920940        2.3940405605469883        1.8481797374592603        1.9931396888477009        2.3809365601479486        1.7666789190421273     
   1.4882630952569506E-003   3.1553659124476205E-002   7.1710890996650775E-002   9.3969704948336882E-002   8.8789177734071287E-002  0.44035512022153289       0.34288506392884410       0.23783667271561637        9.0122545389818759E-002   7.7237039460772677E-002
   2.0031216461205807        2.2742525855608866        2.1377905842028673        1.9570231102339475        1.4930911235363062        2.3805624532032579        2.5581643092285526        2.0867456541171969        2.2932164784220865        1.3516395229097751     
   1.8501108096549675E-003   3.7110835191661445E-002   8.1982370991362852E-002  0.10896870108076767        9.9965628297231962E-002  0.45924223809380621       0.35561163214043778       0.25191583055793887       0.10144155552249751        8.8430499335689139E-002
   1.9319417921817725        2.4154937950807289        1.9701588013837856        1.9260836761328701        1.7735556298545327        2.1844043213385946        1.6939773680500079        1.7993127009045498        2.0985998175104426        1.6065805622300815     
   2.2673122476554700E-003   4.2542762209320323E-002   9.2539254156229878E-002  0.12456819707234337       0.11103909165715667       0.47732706640007710       0.36751994350112360       0.26346685930888170       0.11286112211768440       0.10281984209734077     
   1.9537324806231411        1.6849831132969957        2.0524176225649269        1.8489617304211710        1.2311392778956984        1.8354908726830665        1.9854472901934936        1.5731626982849876        1.7613399549769388        1.6404263469267890     
   2.7175025977432248E-003   4.8191673989793987E-002  0.10369380953226628       0.14137225326653957       0.12365879526051832       0.49339334663627110       0.37751638055529729       0.27488553784596731       0.12480735196893090       0.11953750411723726     
   1.6079499673624000        1.8458659299778810        1.7054026613109023        1.8226798584136501        1.4659381481288383        1.6962118512197775        1.5210128468346269        1.4723246046113732        2.1380099576823977        2.0038048343010284     
   3.2432575269834463E-003   5.4272278243085809E-002  0.11507454702232986       0.15944683663302098       0.13869647519683448       0.50703379084235267       0.38623327916298472       0.28464000707905401       0.13760909799073892       0.13596453889259091     
   1.9122138421769839        2.0964976863808613        1.8144868870362052        1.9520141838878884        2.7634003625107200        2.2980470170251515        1.9868010821891859        1.9167655428859764        2.2725634109875670        1.9366598494769072     
   3.8999207765493711E-003   6.0794503687234616E-002  0.12678330940826771       0.17644131139643363       0.15417764553193922       0.51989198107464929       0.39405020758607678       0.29548079196191557       0.15109361664485918       0.15269305932443217     
   2.0808315654543299        1.9669475063113546        1.7103951483493087        1.9329642719881581        1.9736861005113198        1.9448102122205113        1.6296352162988434        1.9736187938596061        1.9071206764791402        2.2178599945882613     
   4.6195084928203900E-003   6.7641847261297836E-002  0.13816228444803880       0.19316395612663967       0.16936043770963952       0.53208786687224030       0.40202751386446528       0.30516121446363514       0.16477360323546447       0.16965737479359966     
   1.9295195755156429        1.7657914465587952        1.8523680394811504        2.1291743126973386        1.8180356711036252        1.7942684563740698        2.2831598903079491        1.8043803863682180        1.5905711648443068        2.1980621786858405     
   5.3651008565610610E-003   7.4200389209465367E-002  0.14975448222289267       0.20932388011499223       0.18565311028009251       0.54561844004325211       0.40956314231852486       0.31531212693747401       0.17930344943002188       0.18645169167116613     
   1.8831056517250084        1.7490657795200373        2.0546358292097655        1.8572129785494458        2.0094561233704944        2.0960793882166664        2.2301724439574668        1.7781995597664138        2.0295597221917325        2.0267001090823173     
   6.2493558211185671E-003   8.0434230413741814E-002  0.16133812246844881       0.22540487411203564       0.20245094876518174       0.56009597895214913       0.41742927296625976       0.32686926035540753       0.19321634683960809       0.20271588642566035     
   1.7268527840900991        1.5799801600679440        2.0975212590684005        2.2079144260842267        1.5727269085117896        1.9171982057948378        1.9720946560880577        1.6025817347252094        1.7804980478355261        2.0300722831041531     
   7.2642143807701088E-003   8.6857637366132320E-002  0.17251119015312932       0.24238648452676392       0.21860461868380032       0.57376326156102742       0.42573718546255973       0.33873655257811636       0.20379700520949875       0.21984533779916954     
   2.0345135294742662        1.9750786191657541        2.3854055257413895        1.8885230480876698        2.3357787914906094        2.5551430528172183        1.7418781060191331        1.5746466019378269        2.2030555913655010        2.3590363734536108     
   8.4351076224673926E-003   9.3562872806932956E-002  0.18457697175160495       0.26058359170463768       0.23388640483147249       0.58580748148930584       0.43414601268122033       0.35106674928541665       0.21362295165193337       0.23616049050862506     
   1.8990028510525305        1.9717989398542386        1.7721174013821901        2.4806762327258518        1.8064591925478009        2.0719129994164267        1.8950574005844962        1.8550355192454486        1.9095595426169283        1.9022666398185166     
   9.8059705211304676E-003  0.10117811369219515       0.19690305967420263       0.27820810160842618       0.24900615029086037       0.59698202479177120       0.44206486816365814       0.36396292526258678       0.22390741547027410       0.25260160392798769     
   1.9242242892769204        1.8154408077546489        2.0835049840749003        1.7882478032909439        1.8975809136535844        2.0581936924234316        1.7385752880999616        2.0464373767822379        1.4666413935140956        1.9229966691619917     
   1.1341055278033894E-002  0.10930709184510190       0.20937944854430676       0.29286984064750388       0.26277805398295806       0.60824838494532418       0.44955690184807257       0.37417949981814852       0.23466901844339133       0.26806272519862462     
   1.9228527776210462        1.5075090259281752        1.5703714936586857        1.6992519939053154        1.8898578281802247        1.5875349261959706        1.6765382572891794        1.8933221464958654        1.6925211221153296        1.4403992800170931     
   1.3130596693076499E-002  0.11582991087223436       0.22216346881815802       0.30672368281716483       0.27687500183927505       0.61955841593884331       0.45691068016555170       0.38469528241004780       0.24813714825439079       0.28443742633850599     
   1.8549610252661186        1.5235714720424094        2.0749310993204833        1.8941716893719314        1.9325264216245515        1.8475931196230253        1.5454152350031469        1.5154547128070281        1.6771151725919056        1.7309188388590360     
   1.5109563294269894E-002  0.12224607793944281       0.23580024408297781       0.32121294717914428       0.29110076919031802       0.62989625360807788       0.46419273850041398       0.39793328925805899       0.26336674817334293       0.29986671059618719     
   1.7004502239861095        1.4206096383278159        2.0204456890377442        1.5167582793672372        1.7239124448154912        2.4298524322577197        2.0398401496950838        2.0216750314057799        2.1739992092062632        2.0187639745660491     
   1.7471354422200124E-002  0.12865093621767609       0.25071081887884739       0.33714929867785581       0.30563057037179031       0.63959904911275811       0.47164082369681237       0.41127789473169435       0.27799577135999487       0.31500068510771773     
   1.5223979286549698        1.5566988106951309        2.0913273176618405        1.7597695627736560        1.6639388258265646        2.0746095277838359        1.8814230979990165        1.8810693498099531        2.2451457386920626        2.3371586352350762     
   2.0157802809523073E-002  0.13589810933512236       0.26571236841790247       0.35466034578294492       0.32024157435642397       0.64981248031599104       0.47931620976634481       0.42320948715849716       0.29249416495963537       0.33315485597232336     
   1.8540806507565226        1.7139153491212882        2.1975130029747696        1.8699115043171626        1.8383092228146394        1.8345469076057963        2.0477065003972386        2.1329023446784561        1.7345121100896355        1.7855250742991822     
   2.3241718567235101E-002  0.14459158306261696       0.28029356219725704       0.37150877071838662       0.33519248605306434       0.65976104588803230       0.48686768846742307       0.43554564223454978       0.30614285547118736       0.35235483310395743     
   2.0100161333000193        1.6839874757985984        1.8195454444791053        2.1641415205283652        2.3440467092184520        1.5160714424438504        2.1392088705330017        1.9810951136372508        1.7601179055041702        2.2226676471390099     
   2.6700795053759385E-002  0.15539144155695320       0.29391589531147355       0.38774571059368229       0.35054079239366853       0.66945195287463888       0.49391521305397035       0.44828500401096338       0.31933563410457189       0.37091053757465320     
   1.4584516909043377        2.1255682255202322        1.9722428263992142        1.5107367590843799        1.7033136441656407        2.2090513520138266        1.7037581155328316        1.5454413088472134        1.6847838407702107        1.8376728262046473     
   3.0997372052248166E-002  0.16600423693641736       0.30742768438680307       0.40374091251543259       0.36612041773581161       0.67908892810797239       0.50045526580922628       0.46233908784614675       0.33337606098086836       0.38911253272816915     
   1.8330939606526708        2.0542673477904754        2.0187362440264578        1.8006832013273777        2.2182105010081710        2.1982858399534257        1.8920537547698821        1.7304836041830918        1.6141863431261458        2.1537602666662012     
   3.5583700497549789E-002  0.17636816110093825       0.32000393492548135       0.41951678155362865       0.38206420465127738       0.68883869187302960       0.50679910468756428       0.47640178594320065       0.34779920429635575       0.40698179092532411     
   1.8597461106801267        2.0731126671545486        1.4912322705789665        1.7775697476758765        1.8948341039395400        1.9166062901374106        2.2330523166399585        1.6692776339490492        1.7916393160402837        2.0272231192510293     
   4.0818236209163521E-002  0.18679689520756723       0.33142242381786480       0.43481424286186221       0.39873149643097500       0.69789785377546421       0.51329547472329817       0.49003844398691937       0.36223431697210062       0.42606996896853438     
   1.7527953508029304        2.1409093311611067        1.4082131974819461        1.7814337509082150        1.6217025970159851        1.4981301824244939        1.5993582874884840        1.8489515683588276        1.8410493462483615        2.1410960025648467     
   4.6868999972571934E-002  0.19678450791569971       0.34475060839821492       0.45123567049610080       0.41603523689893535       0.70670245480684535       0.52007964407567264       0.50349820721854444       0.37690370549653918       0.44524097519170158     
   1.9511521452436564        1.9849352979088757        1.5495071554332218        1.9170547500539137        2.0688131361035178        1.4860645454412909        1.9449525579226765        2.0196030709683557        1.5404906453065905        1.6643476645879789     
   5.3997870604768787E-002  0.20730013545234080       0.35993017539317573       0.46922203397096068       0.43426146378959207       0.71472126443594963       0.52653725222408931       0.51694353999129128       0.39177006387679791       0.46406351303176224     
   1.6966767471378748        1.9589243582090412        2.0613090318132103        1.9373136141893110        1.8453211277229127        1.6271845367284608        1.9229618968406139        2.0920560247265891        1.7601831654876461        1.6021805399955806     
   6.2336452687393948E-002  0.21792024430134760       0.37492076635703020       0.48282272563337192       0.44763655752334564       0.72294601910544665       0.53254287456151794       0.53101081295688102       0.40770345384731571       0.48152557124976003     
   1.8829635268503790        2.0079802191210252        1.7262225752091946        2.1785413136596636        1.8678091307122631        1.6206699610595814        1.7264988028767061        2.0916439276641898        1.6993263644576435        2.0596291282285710     
   7.1556061612759375E-002  0.23029095423555179       0.39086937116035708       0.49573256092877832       0.46259285850177995       0.73114764353022277       0.53805869015809871       0.54504100292460711       0.42404327830535887       0.49848287049323181     
   1.9303389052805238        1.8873176026003236        1.6074649397033121        1.7558791498852335        1.7077476175160888        1.6040425395123525        1.5148923266984085        1.9599528962592729        1.7078486069189056        1.6301732349762168     
   8.1700525641541136E-002  0.24309697767008448       0.40695845150007010       0.50841694137414550       0.47884292498401471       0.73891643378231719       0.54359640980864099       0.55930080280566874       0.43894024843576901       0.51527990624113162     
   2.0678802648070462        1.6806412289261652        1.9448069863000628        1.4809231460366237        1.7365321621751613        2.0441507046386720        1.8372694300100385        1.8889496942312158        1.6738417831011774        1.7564034413269152     
   9.2590273233406364E-002  0.25593273041002607       0.42354851386182496       0.52172774817751799       0.49514433160625132       0.74645304672077450       0.54963072979606442       0.57333583759004325       0.45558104484664252       0.53207053127345383     
   1.7240418371217121        1.7625563406778408        2.0226816463734947        1.4810479640058236        1.9690832473773359        1.8466053734697090        1.8156425630843611        1.6657834224574624        1.4980134316957314        1.8416063910134268     
  0.10509882302654533       0.26906027569439839       0.44045024817922868       0.53656615851167511       0.51134414169439002       0.75356582810129757       0.55614204736848905       0.58713261813402684       0.47275481384473961       0.54907146613483204     
   1.4283624328908293        1.6329153074310796        1.7633417540207312        2.1356530154358260        1.8955361531448345        1.4260941379090104        1.8150940884362410        1.5110085613823878        1.9297343773066771        1.5304941466099291     
  0.11930638450086725       0.28124065622305172       0.45717204077099582       0.55344415601210994       0.52767970359857441       0.76063772112362105       0.56271754864416323       0.60210148684287423       0.49023772949322447       0.56772930140077571     
   1.5058402740547878        1.4144537780374997        1.6977376665870689        2.0405788703412400        2.1155329629606858        1.4629931075307752        1.6971555170977739        1.7347580582123416        1.6792601893409151        1.9550687362784906     
  0.13539480557618749       0.29451372844483420       0.47419808215558806       0.57017916398967916       0.54463321963617517       0.76793519934235577       0.56923667848375181       0.61522399860435484       0.50765350448573832       0.58514586037305716     
   1.7430865982052521        1.8219245277442597        2.2054710891624549        2.4130007669400695        1.9191882398088176        1.7448944972860789        2.0763718856354729        1.6638937157984175        2.0206425792956648        2.1900546286099822     
  0.15464171301817556       0.30759807209282591       0.49075373543872447       0.58618736494687851       0.56200744562424898       0.77517177772243162       0.57475752161230520       0.62880890165207803       0.52476748089777292       0.60161155719178028     
   1.5232278017969232        1.4824881842593725        1.9285925243598145        1.7947153788489703        2.0610670513576479        1.4041034353536124        2.2258392208915363        1.7453824500898689        2.1618662222338303        2.4615800732936108     
  0.17772735320027702       0.32146720830232361       0.50739470708964718       0.60114210866798212       0.57740585981963011       0.78246294256159366       0.57877976687331489       0.64547517381546970       0.54114831102050698       0.61702309997446081     
   1.7949240367881374        2.1150657431769284        2.0275138617654287        1.9498540214197229        2.0304673627684169        1.5986497774241804        1.6294935609568419        2.1451607434625322        1.7827329554580336        1.6010403380746194     
  0.20493804374890934       0.33673343913290543       0.52535133845697390       0.61472755617900954       0.59079996430122739       0.78975184550212596       0.58249752798565946       0.66130844111062381       0.55708511345415512       0.63234444421513858     
   2.2962540230293276        1.6829142911010078        1.5905485406381779        1.7568843366755755        1.9427279871890075        1.5408181487393349        1.6425025095675103        2.1411744580898024        2.2257263654519353        2.0796932309204670     
  0.24385394966172946       0.35197967672079805       0.54287794176169191       0.62869122909568576       0.60369758179394251       0.79700790597436466       0.58659691731643193       0.67900928634805402       0.57344970386070393       0.64919963011431614     
   2.5341134897044633        1.7173631317106506        1.4076614414426867        1.9731399107410776        1.7041042401920055        1.9916612177868800        1.6909043515431166        1.6901663603948580        2.0920886036725306        1.7622408593100671     
  0.30105680542341856       0.36759741469803126       0.55993656129977587       0.64248023291194467       0.61878497713994474       0.80411206103524735       0.59141523898271553       0.69592437728421963       0.59031371169443936       0.66682516948188397     
   1.4146002834059903        1.8535335866513605        1.8895699923188474        1.9713425929165813        1.5158912304673855        1.9232133312985393        1.4374173183962056        1.7706046165059703        1.8123688946444869        1.6957289785485563     
  0.37075415912541587       0.38330870882510659       0.57641956185114074       0.65862173405000335       0.63652704972004504       0.81133793894355255       0.59737179291902720       0.70978480367210972       0.60705959469104609       0.68470092883147460     
   1.3638364514691175        1.6961372728136799        1.8766562690198789        2.4725997561977442        1.8487446176087921        1.7291921605780716        1.9121395407429482        1.7096456486968865        1.6812394688587062        1.9677326888496542     
  0.44412611846556044       0.40002840293259789       0.59279125116256004       0.67423858314358631       0.65403625330369464       0.81809673119764414       0.60333623360666633       0.72257205451083417       0.62232760614316340       0.70289938562825716     
   1.5611225210535558        2.0923341331690635        1.4273049485620299        1.9740045457744817        1.9753339098669600        1.7315122932219824        1.7893253027202995        1.4475302164815744        1.7508857206697148        2.2757915442684062     
  0.50799112034201144       0.41812932151339294       0.60910102854811765       0.68945742135028687       0.66986616163149126       0.82429432414733861       0.61037890464931743       0.73527267771203630       0.63571247318840962       0.71901357622201101     
   2.0465648001858625        1.6820168042742560        1.7009207267547741        2.3637594784640670        2.0266170501096257        1.3817862927404787        1.8066729520172600        1.4307742798845924        1.5148913483781885        1.8876737212473258     
  0.56210963216976495       0.43735571784819899       0.62580704574497159       0.70528124908694445       0.68495422099576853       0.83122734954527577       0.61765326739293758       0.74692094601590742       0.64954839441732426       0.73337437383155568     
   1.9040050499854511        2.0842137108740362        1.6094005949832930        2.2318712112000889        1.7162041490717574        1.8590826727852225        2.1474338758321392        1.6854274146900574        1.9725864631072363        1.4168497695557634     
  0.61167845499647655       0.45676156525344541       0.64299456428771828       0.72156458145397195       0.70045208269478121       0.83889144813015870       0.62512237687017003       0.75871011939145616       0.66379042647634301       0.74693613309978601     
   1.8951422420867332        1.7291351070305043        1.7492610950196861        1.7094691813630780        1.7043195156778674        1.3276440447603319        2.2344277639705483        1.9062647612976515        1.9178947187325868        1.8758893439470692     
  0.65680778913079152       0.47734227970046855       0.66094558580202123       0.73787919791647794       0.71646816296233184       0.84694294347976640       0.63246734477375277       0.77187221339915135       0.67832351350937281       0.76142986939898194     
   1.9265408304970484        2.0933371224159094        2.0573025283140622        1.8235516074350637        2.5014030855237910        1.7365156150748535        2.1250925445182158        1.8267042111235892        1.7784626416494036        1.7373770013745802     
  0.69810559541089034       0.50082856391654329       0.67898733880758655       0.75501988199340664       0.73208957080936465       0.85497559096124520       0.63956332350008271       0.78456849754630531       0.69339118761731666       0.77728925002689297     
   1.7297501211672688        1.4965234992919993        1.7468515995788552        1.8003077209895026        1.8823803556938052        1.7896220620601526        1.9435947898518613        1.5767456818467580        1.4826625751160436        2.2675333876649244     
  0.73747632795171614       0.52315411958966396       0.69731726025333551       0.77184174377281944       0.74765197413622186       0.86274116751818430       0.64652963792902918       0.80024154917159018       0.70908296448018915       0.79372329573565881     
   1.7350323566053487        1.6197291279798351        1.6017697144619505        1.9499355951801629        1.9606914595645644        1.9155323851096484        1.5138569334810932        1.8594872349801828        1.9264020670523876        1.7069436437741692     
  0.77272537437147981       0.54468085518667475       0.71577723228873624       0.78750700032060494       0.76301154335825738       0.87043672289334229       0.65358727830333596       0.81707720720969923       0.72471699601174278       0.81044193601239156     
   1.8840545350347577        1.6246188904400674        2.1848659841455063        1.8810085307788251        2.0836550265099478        1.9100267413626821        1.7482166441810849        1.9043289900480043        1.6238383395239153        1.7646065207588526     
  0.80124305326684975       0.56607248636980234       0.73676767681427113       0.80219745932771025       0.77818289063881452       0.87780767612892741       0.66073423912043849       0.83274091154759555       0.73984635867649207       0.82774329491993559     
   1.6563887032144495        1.9627854705519083        1.8119526282042295        1.3280219624041596        1.9842665546140159        1.7228699841634783        1.6463450339955328        1.9933728378315541        1.5440338862448011        1.7852948999702531     
  0.82691838284944630       0.58715033410848561       0.75846105919068885       0.81565869116275269       0.79364245965872193       0.88527716440554727       0.66802088649245417       0.84717117593913183       0.75499853409204221       0.84405268321178051     
   1.5874575479988873        1.7486076844629679        2.0046787347460073        1.7715696138965360        1.9884703104519426        1.8943982028408826        1.9379395970595867        1.8358415270775423        1.6038490842994231        1.9913871265026686     
  0.85123109922319518       0.60865913470165434       0.77911308524432121       0.82956119857180743       0.80924725569090961       0.89317878206374912       0.67566350616816628       0.86195889795943181       0.77141234470790987       0.85954120779696586     
   1.6108424464180071        1.6349295562799635        2.0511130259315058        1.8840437706656461        1.6169167513309990        1.9802851236929322        1.9737019458995519        2.1786237698523805        2.0997043057940283        1.7032098599678598     
  0.87395093609907593       0.63094181514147341       0.79818075381755971       0.84472067436617904       0.82640292036860397       0.90094826682406071       0.68401106574351844       0.87752439838488516       0.79177267536355334       0.87422437764381089     
   1.4917336463827895        1.8116715197327160        2.0974010893430290        1.7708325529702080        2.1760118135726265        1.4846647428627491        2.1494769513472884        2.3571674213078810        1.6037485550604373        1.9508629294112152     
  0.89398147180953413       0.65320138914108716       0.81559025277015096       0.86063461769817939       0.84376786362866074       0.90921444634625381       0.69298748226128271       0.89291073249401931       0.81322788838921434       0.88830560962259508     
   2.1353232683275141        1.7351649566445735        2.0445731257077195        2.0418298616605401        1.8870045719707067        1.5945364624953915        1.8257365954969680        2.3938887186427715        1.8375236029678834        1.7645538263888223     
  0.91207302090480347       0.67737751828674220       0.83565313537541819       0.87630752623817909       0.85992414892742253       0.91766745519241411       0.70181866487776079       0.90802934531076140       0.83588967557852256       0.89971747416556547     
   2.5542224956321791        1.9427677921053623        1.9822792300297276        1.6476081537206391        2.0451297695268078        1.5594328567835571        1.9642090987873273        1.9407830148506111        1.9203590988803951        2.0577726465263133     
  0.92700469182941969       0.70253867812936799       0.85565814856933953       0.89216968768143901       0.87580522012847029       0.92570458105482589       0.71077998862462588       0.92190307993306431       0.85637076023291347       0.91109985494847157     
   1.9351767650117084        2.0349449727623754        2.4094413965439938        1.9447491955218354        1.8121583135404751        1.7669380379864117        2.6335206383621768        2.0678402487424994        1.8023264055121548        2.3199512454556843     
  0.93912671092446864       0.73193021734092845       0.87394463716853266       0.90861334845227371       0.89231230306465015       0.93408346645751661       0.72119983499015472       0.93415942436893862       0.87447255891756637       0.92183791392573278     
   1.5791678428772606        1.8345452376754068        1.6659598625217371        2.5931081776304366        1.8549253553071028        2.1077165511981839        1.3987285224374908        2.0693800934893547        1.6133356858235042        1.7455042035743349     
  0.95034817195239907       0.76256482489248889       0.89053344014885039       0.92388299423269749       0.90867070138189021       0.94312502914251861       0.73363888110237807       0.94607118018086256       0.89345658817097018       0.93300080108657590     
   2.0456792441612865        1.8731594132709821        1.7772296594974064        2.0412843454493572        1.8655569470271940        1.6013521050393735        2.1998483025437854        2.2331458825443615        1.7703228019255133        1.8506153830309302     
  0.96274798717680099       0.79434679605106551       0.90706747091205120       0.93839543475756415       0.92596896442176879       0.95092854199128651       0.74767040781248495       0.95654496174107062       0.91429093427619101       0.94637556370390696     
   1.9193310378631954        1.6830310102128379        1.7454760581188049        1.6813981442887180        2.3645198662684579        2.2469253104188369        2.3070522236146886        2.3602006134284319        1.8840527637084443        2.0512985192480806     
  0.97557806282389925       0.83284469835535690       0.92425579119912327       0.95353378515765952       0.94480239383316933       0.95815599493266179       0.76268679640838688       0.96759560381748200       0.93582995290382587       0.96002077074425007     
   1.8913637927933364        1.7049312321085519        2.1893808161687587        1.6764526918331444        1.6539560330939949        1.7148592586990823        2.0204121435669866        2.1507377997599963        1.8011765538006792        1.9526705242045326     
  0.98523278830852945       0.87751826675912714       0.94835380014184434       0.96945821932873555       0.96379727312012053       0.96680188042750459       0.78710096958288878       0.97830442266687623       0.95724788022445095       0.97406113671369132     
   1.7014772874026363        2.1603123611507438        2.3153012016900312        2.0668541471564406        1.9037852451563695        1.8171422768907670        2.4923591251619794        2.2068894161814860        1.7226180418234793        2.2787014360013655     
  0.99287379762728356       0.93345161687876643       0.97399651013146182       0.98497881954741184       0.98244196820923069       0.97981681669215603       0.84299846786106014       0.98917349627202200       0.97916194039977178       0.98713141194463327     
   1.7827786637613596        2.4696312523392878        2.0527925861555327        2.0874953137373069        2.1925293382555897        2.1962057039731944        2.3983420806878417        2.9905372776526109        1.5528392701410636        1.8903664113235801     
   1.0000000000000000        1.0000000000000000        1.0000000000000000        1.0000000000000000        1.0000000000000000        1.0000000000000000        1.0000000000000000        1.0000000000000000        1.0000000000000000        1.0000000000000000     
   2.1035721788965782        1.7536780066926618        2.3327208370644028        1.5708248980272292        1.8898297040761443        1.7374800144252727        1.5665831083544033        2.3793187966265519        2.2440723045988622        1.9140874605075382     
  -16.691140359801455        6.7499621382066275       -5.1603943952609903       0.60712814379606250       -4.4462088389463688        8.5871239004291251        7.5740798090144494       -4.4349015916889334        4.3893330130597299       0.30203922305781616     
 -0.24645279023908981        2.9867454298997056       -2.9702030306483964       -4.2535731060021513      -0.11052268717153096        7.4408177941585558        1.9884566208964682      -0.51124572996283901       -2.6656072333184535       0.14482096060095651     
   2.3844794695672129       -1.2593490147905229       -1.4681590665209567      -0.57378243149278463       -2.4454060971559572       -5.3147664844430658       -3.6527914468506477      -0.66365729746441759       0.63924592866949759       -6.3203383910913393     
   4.4975067166831373       -1.4888837291779269        3.9573270755867247      -0.41742938543223590       0.63949275832896169       -1.2598005004228430       -1.2127511949075185       -9.4628558495895234      -0.86987168148688587       -2.7514196776527879     
   7.8129801944486719       -4.4997993290045226        5.6085460607907933       -1.2650619782468997       -9.9051331310024224      -0.24693862654843446       -5.2677651036995563        1.6265409334787591       -12.554517616964731       0.29717615973283751     
   7.7850458941021543       -4.8031645523271447       -1.0332274610796286       -4.1569655307881952       0.34439741751199110       -10.403401640259117       -1.2674514638093142        4.2148617170583966       0.63297555364038782        4.7965381398949854E-002
   6.6205823064101166       -10.235970250918889       -5.7483373768634651      -0.65373401490014993        6.4629149380217950        1.4465628851511820      -0.39224551894195936       0.33405035654851556        4.0932622029250769      -0.75065722139613489     
   23.551167222445894       -1.8668087308430299       -1.1492586979740724       0.32047321126195888       -2.1186188192288880       -1.9985784551489165        5.4141863132242758       -1.0637551833740739       -3.5529559918532159        2.5419854264312023     
   29.659929727851992     
           1           1           1           1           1           1           1           1           1           1
   2.5047320212732473       0.89748343854668433       -6.8797049570040614E-003  -2.8139618324445266        7.8052293961718852E-002   8.6738874397922105E-005
   1.8073886266439031E-002   1.7422436854894672E-002   2.6648501036929790E-003  0.27840632260599252        2.6638191538642690E-003   2.6158426630661010E-006
   7.9908630220257154E-003  -1.6004505573556886     
