   0.0000000000000000        0.0000000000000000        0.0000000000000000        0.0000000000000000        0.0000000000000000        0.0000000000000000        0.0000000000000000        0.0000000000000000        0.0000000000000000        0.0000000000000000     
  0.14324232368838058        1.6250288052338062E-003   9.4951920054624425E-003   1.4735230244871951E-002   1.7258981879000986E-002  0.32677250984842682       0.19588433098683336        6.9268793121915945E-002   1.7590830828950042E-002   1.2291984234890193E-002
   1.8204744625678164        7.0794686996268750        2.5459777679368756        1.9116010668901142        1.9626551135020569        2.2944863283669270        1.5618790978112869        2.8591179850823383        3.5139998846371956        1.7194327613250369     
  0.21619600894268393        3.3197941077329528E-003   1.8924541400511120E-002   3.0030218731009993E-002   3.3907077600284719E-002  0.45215330398358083       0.25949731146137128       0.12405521549615744        3.4309174338917378E-002   2.5335821406199732E-002
   2.5468171712811776        4.9655467656068311        2.2114518886471015        1.9552207682075720        2.4272605735349408        3.2707158975421997        2.3684781506010011        2.2893084070568035        4.1587062937251824        1.9564548910110693     
  0.25399950422660134        5.1069199019916495E-003   2.9625802802598848E-002   4.5672776913782992E-002   5.0568994158090047E-002  0.50522127233720304       0.29239743526263512       0.16173370674320936        4.8173249860479238E-002   3.8691693430083489E-002
   2.7075692007808052        3.4642790355798319        2.6499020891507907        2.0319175595811010        2.6221807079197244        2.2595830538534818        1.8110035565960285        1.8646448950879835        3.3846890392013536        2.1609607816245324     
  0.28085713400279921        7.0364744380037201E-003   4.0525612963045993E-002   6.2074587237461523E-002   6.7652393990883228E-002  0.53659050500962513       0.31698663447156433       0.18957945415374916        6.0116718463631223E-002   5.1626469045926021E-002
   2.3061581769003889        2.7864254406432103        3.5454721125906450        2.1658904522290392        2.3810034187651565        2.8975587774412328        2.0930507570095727        1.9144043331783041        2.5260545668696639        1.5462935480305848     
  0.30331538156085563        9.1526760115423940E-003   5.0623504596514358E-002   7.8992397435248204E-002   8.5359604272123676E-002  0.56429670067806181       0.33695542971348857       0.21090889062032020        7.2202542278864371E-002   6.4069685562362158E-002
   1.6826395126517917        2.2969490460018394        3.4122785499355346        2.6117232840017253        2.0968270543687697        2.3351076352191580        1.8804048858920199        2.0985753210203635        2.2636572460382394        1.9417471738184031     
  0.32388730106649116        1.1481238297265503E-002   6.0115970935676791E-002   9.5482809796126500E-002  0.10413330248898366       0.58860752712966879       0.35408978597229440       0.22941820962151266        8.3767635408449920E-002   7.7033765830350945E-002
   2.0178610490452669        2.6552333090991791        2.4301161128920787        1.6292042734084060        2.4401992888549784        2.4756591807033845        2.2457539169118172        2.3923107342972396        2.8448997592281509        1.9106248850201881     
  0.34412906814840738        1.4063131444011594E-002   6.9399690802306624E-002  0.11071038129192509       0.12146989774603792       0.60967402233918833       0.36986758553583576       0.24541252907745315        9.6772625806256923E-002   9.0773438576726997E-002
   2.5270376262523850        2.7195889741182757        2.3409066837369941        2.0094120965982025        1.9879181448043555        2.1588445270280636        1.8275907702688752        2.3163642291145670        2.2969043996493594        1.9542595896344759     
  0.36319793909760612        1.6771365112181427E-002   7.8426434534476869E-002  0.12594389469196679       0.13746398591349035       0.62739947330109036       0.38429713334039362       0.25992966728361439       0.10987885987194407       0.10544441102222740     
   1.7596385065882880        2.0238807962349665        2.4540393600253436        1.6959022636765713        1.9510934451361948        2.1612945673925843        1.7927973343304273        2.0391212968099519        2.2812620587637551        2.0710657940956825     
  0.38033498883171640        1.9720193908546600E-002   8.7598664437273127E-002  0.14174198617852365       0.15392255135469401       0.64165827746206461       0.39678716990591234       0.27314307092581447       0.12350043032081814       0.12124373523131993     
   2.1200285807670594        2.2731990407157339        2.5585985643675984        2.3866651325231008        1.8917436025650169        2.1899003212959545        2.1760449566865838        2.3120201565347167        1.9483147503473970        2.3348022599685083     
  0.39564222105030666        2.3188649963198350E-002   9.6838283987449897E-002  0.15776858412160491       0.17157390324785401       0.65509849095649930       0.40817510732578399       0.28636315840445203       0.13654169188247250       0.13764786230822226     
   2.0012201437944919        2.0769674739049249        2.8527520504878816        2.0556769921756830        2.6342139754052631        1.3006173999977604        1.8867735243420369        1.8678314475780209        1.9732901461422767        1.9314832286802066     
  0.41111357194878156        2.6957527750062486E-002  0.10553239339223429       0.17341396765533276       0.18734643751139532       0.66810817681329016       0.41893694413457011       0.29918180785040449       0.15011697649326125       0.15448279667851433     
   2.2931291413171682        2.2312752914224929        1.8663473802936086        1.8577196333568176        1.5790995806677370        1.9680159845608178        2.0369473542807310        2.2615889375802607        2.1757280813092836        2.3774719091479715     
  0.42649657009563935        3.1514063300246448E-002  0.11403307834890924       0.18849448243426209       0.20176875656743340       0.68059018584149167       0.42896340866559485       0.31330723682568573       0.16354248739896132       0.17248816805355560     
   2.1056229615580682        2.1153258557012644        2.1117640962986708        1.8924617523263987        1.9924258471323733        2.6689141853554506        1.7619757700547520        2.1875531200217369        2.0084539884109835        1.9069443913114823     
  0.44076461633876685        3.6352095681005857E-002  0.12258721263189690       0.20370427850529385       0.21789402129950677       0.69259143079217023       0.43880868740229062       0.32560177541923280       0.17645755127379675       0.19072454325123042     
   2.0313781081631408        2.4852991598157934        1.8421626170941101        2.0096762307947915        2.5318539121918517        2.1087219333731499        2.0559954833813863        1.5430475525714111        2.1917611349989725        2.8797004196273299     
  0.45450225240247805        4.1682016180791114E-002  0.13164124118355233       0.21882142185069431       0.23452534936719249       0.70371393004905203       0.44857895508755702       0.33806763087078873       0.19095924310708240       0.20918492135896333     
   1.9351471800202893        2.0797815953786007        2.0323896294217785        2.6958411472387018        1.8799011158426731        1.7309939890681740        1.7664222649228922        1.8560553960168489        2.2890832621913861        2.4331879377379710     
  0.46799880220428081        4.7062552255212275E-002  0.14099671407583758       0.23383401135052478       0.24809512519328392       0.71406052496703687       0.45862880610312057       0.35121037401651761       0.20601025232906572       0.22608657530450654     
   1.7560305350371357        1.9751922013343972        2.5734966096746215        2.1536411361106826        1.4863511065278614        2.0138424117278597        2.3036896746880080        1.8642502295627377        2.0848945434574344        2.4727768344160346     
  0.48002126066002859        5.2739343680284455E-002  0.15073846541293387       0.24918114216970419       0.26223549377858374       0.72408390008673895       0.46903280068307307       0.36463828913397994       0.22117843666263251       0.24128109000995662     
   1.7688816814545256        2.1883440761741846        2.4230638272662990        2.3513462052801506        2.3226056446015320        1.9558444748283497        1.9476934801518682        2.2725919522346527        1.9697812876575955        1.8487291855467016     
  0.49222484364119057        5.8904524800473930E-002  0.16053691705662318       0.26549872476919484       0.27759804309056496       0.73343928149085114       0.47966394595565881       0.37790586835004292       0.23646656912890648       0.25583965311605905     
   2.0556963060534370        1.8686970149123694        2.1743399547269573        2.3149795520224843        2.0294938571059413        2.1480478319924363        1.9035667559063250        1.7746000951685732        1.8171734006099840        1.7267181854539699     
  0.50491841812206262        6.6212075926871852E-002  0.16947523349184976       0.28158545797770745       0.29330567400054330       0.74229519378008557       0.48997122097660906       0.39152885509749136       0.25209190491048306       0.26856486349925296     
   2.2632377304016456        2.0809472446173487        1.9741313262749365        1.8680103297464599        1.7776902154696914        1.6534809097839167        2.6730533905063418        1.7251617656637774        2.0173386128980968        1.7080477920691599     
  0.51773094559619903        7.4355957976785597E-002  0.17829136044909727       0.29738645199280406       0.30942671620416146       0.75134722841172996       0.49945489437648966       0.40543788809634063       0.26816998593560293       0.28414650083500204     
   2.3538114104717729        3.0634385101783219        2.2142971377269109        2.5270700259915859        2.1518064801541175        1.8655965982804277        2.1296246797028435        1.5822885360028429        1.8790020969318517        1.9219103177017407     
  0.53048462896468518        8.3509003716932872E-002  0.18675224243677524       0.31275314833932488       0.32553964940656704       0.76024477031349491       0.50838643074603007       0.41984349548051481       0.28431381507743825       0.30205039413448798     
   2.1298221580533245        2.0037966999287535        2.0487296414344693        1.6788516326893694        1.8746645518372484        2.1280243263392111        2.2545135986317226        1.7023267811055534        2.1052363294070169        2.5021096959241005     
  0.54291270946803594        9.2858893156910011E-002  0.19574549682548342       0.32680503119584353       0.34131094477603696       0.76833202867643258       0.51687509259459496       0.43448800524116893       0.30058923452503034       0.32014542251709599     
   1.9317816216875896        2.6356916363390734        2.0348698215928724        1.9746921977985030        1.7856642423696272        2.3815746992436622        2.7916014898895360        2.1629959271659636        1.7971296110771471        2.3892089619089658     
  0.55634529773556696       0.10182801726743861       0.20363479259833453       0.34080008858013600       0.35648758853989754       0.77615571663675509       0.52529041459937476       0.44925034403028064       0.31824961626265424       0.33820920351299810     
   2.0738262769467593        1.6526015283424293        2.0315112301022755        1.9456342059798712        2.3212946704104760        2.0079685046469802        2.0100627049179760        1.8397479713587537        2.1857596724138473        2.2337727779221619     
  0.56931118749966647       0.11089718866210875       0.21229325445652580       0.35568663912367848       0.37108432674817504       0.78375675491121066       0.53355067877330098       0.46394282330025827       0.33548287715375952       0.35636971356191360     
   2.0607051443598174        1.8972193882290880        1.9056493279620828        2.3777332401562195        1.8667995092698477        1.5349188901259809        1.7944063678453972        1.6403178202945305        1.9817179094783379        1.9878231199691765     
  0.58027913137553555       0.12033741107836272       0.22252451784191304       0.37140806815192312       0.38622762646009834       0.79113563708322832       0.54159078430666130       0.47748345170842149       0.35182399636799944       0.37267782688836676     
   2.2899907857041994        1.6047760368714583        2.2694017586460591        2.4546419834724031        1.8258553087142941        1.9547405240982527        2.4876620267612441        1.6564346868322375        1.7137263609873488        2.2006685016841807     
  0.59157528713704621       0.13076782485065830       0.23300707676525031       0.38709899285677146       0.40168887133721742       0.79829652899618841       0.54916824970137934       0.48986700817491602       0.36792572475826457       0.38799175545888487     
   1.8077807274868578        1.9889893248361314        1.6693281558098312        2.3496467705056321        2.2317788078123151        2.5971894493193548        2.3145681005107890        1.4379412445010615        1.8068551582981647        2.2335577240736737     
  0.60392603748846685       0.14353090586467127       0.24290020214659841       0.40245287897629944       0.41717065223914906       0.80533365296719417       0.55672103255584338       0.50432276400093212       0.38508746013013306       0.40531248550914839     
   1.5158703409211609        2.0759492901443397        1.9244265914610690        2.0076662437912334        2.1243693561170263        2.1854192604324592        2.1769769484664638        1.7952093455015727        1.9011528268738422        2.0285545582102089     
  0.61608637012711276       0.15720942435792329       0.25304878405200504       0.41801165545668473       0.43267532004605874       0.81225601255559277       0.56386467306966337       0.51939776673358273       0.40298415005179672       0.42177631921112813     
   2.1700398149152162        1.8485524484035065        1.5559336578645293        2.5458452087656540        2.0476491119545699        2.1809251256734621        1.6584409986889193        1.6936394713595300        1.6005196623516136        2.4250037287078743     
  0.62974162988395932       0.17147334274388612       0.26423161663783928       0.43451186797313890       0.44875023310178741       0.81884388122277474       0.57084882777512747       0.53534241937556593       0.42121684180100627       0.43742701159353309     
   2.1245485670406254        1.6290657795511041        1.6695572825233089        2.1787581629091513        2.2246428674946737        1.9416598447168238        1.8483587521603977        1.8678679921831391        1.9555539849151824        2.2979065779399988     
  0.64232556990850020       0.18633307604035992       0.27504100290647626       0.45155563297319179       0.46514183536942899       0.82524715310179553       0.57815421849782067       0.55302046217444190       0.43965016388570638       0.45370137851890713     
   2.2521272608933391        1.9508177500666151        1.8794514879453494        2.5071843893608703        2.2956704117714057        1.9562955391208050        1.9092136690927848        1.9178310629843156        1.8318985123000064        2.1034181768205573     
  0.65412749265691317       0.20189598383579038       0.28570514295513399       0.46740156563494700       0.48282684861877084       0.83156867576289151       0.58564270176115907       0.57049702385888734       0.45643583446067904       0.47137876304309340     
   2.0222196499484979        1.5223434523236508        1.8708233888409984        2.3211456818082241        2.3520393495170024        2.1855793994002810        2.1429838383255175        1.7029033258385042        1.8374170654893875        2.3282500539249407     
  0.66607159458262721       0.21875162896360764       0.29603202311696492       0.48241317436190323       0.50133245132265059       0.83781199520632998       0.59269334675075580       0.58724509900050548       0.47343025983710008       0.48816851857991433     
   2.0240828075328849        1.6869175174340791        1.5231849072745971        1.6170664896155345        2.2204799090686387        1.7692856813710114        2.1086291664292998        2.5594814610701264        1.9814708523874160        2.0328669807268400     
  0.67818160328019772       0.23620247004083939       0.30632460188205962       0.49730163883690964       0.51967925682934790       0.84383339034628013       0.59910415915380255       0.60415483561321071       0.48691109709892400       0.50616547591892425     
   2.0940567574620066        1.9300821899240399        1.8866583684856999        1.7599080386743258        2.2040324529022048        1.8240322396123168        1.5721980052356199        1.7734660120445007        1.8976667142333692        2.1468212444574584     
  0.69082915538282352       0.25470018850210663       0.31678470951321502       0.51224174820273982       0.53724972301869278       0.84964329862071120       0.60564494915995970       0.62256983852343173       0.50058088929550248       0.52374828362567549     
   2.0202620031435750        1.8710684482655167        1.5808564175644946        1.5422884912324382        2.0987496402334567        1.7641549172759301        1.5387616207619390        2.2600348736282476        2.1007170618485635        2.1297395366142706     
  0.70090443167668359       0.27342129928602593       0.32781549101633539       0.52884194808876217       0.55374979498379795       0.85516802153958849       0.61201100243589568       0.64140887786471545       0.51479292896576900       0.53828694945538413     
   1.7423165875085982        1.5491755905619577        2.1403543738003123        2.2517800325159016        2.5953407199410576        1.8997062201383910        1.5460737953969055        1.9990138909488679        1.5984414001789715        2.1300316219993021     
  0.71078118882803287       0.29184862856763238       0.34121880687216427       0.54573513441699073       0.56807540419545000       0.86029112901415183       0.61887868401418822       0.65983433168475936       0.52871709004550793       0.55289740660453979     
   1.6646104429527364        1.6973175825841105        1.9069114489344066        1.7920228547575063        1.6856270779735816        2.1289637115167950        1.9098099360844469        1.8582235391901920        1.7773430918400170        1.7486904860370500     
  0.72027195675565236       0.31099591641608937       0.35552105689245156       0.56260383011387505       0.58172581838866910       0.86548245866250639       0.62580241927296498       0.67817514682074165       0.54246460425558685       0.56494953614288557     
   1.6707647885697141        2.3047835335478881        1.6297725249499595        2.1451415407636900        1.7222137573538070        1.8465037522721104        1.7115518659571303        1.9630499460934487        1.6466071086816634        1.9462631189246362     
  0.73012471962608227       0.33086967821158852       0.37034307233317182       0.57888820569109889       0.59535338460313947       0.87073278572389101       0.63285318843821414       0.69635148429924254       0.55656630969439536       0.57605768321085404     
   1.7025497467687529        2.1208493689605064        2.0910055255364948        2.4029046424411855        2.0010693687505836        2.1947943996682171        2.0302191427332539        1.6833473672467114        1.7792379840632253        1.4749911924703607     
  0.74139897415200828       0.35159998661927938       0.38704546195553863       0.59458390355908064       0.60875246094272384       0.87632506602922222       0.63975783402242425       0.71457364934706047       0.57105961971818509       0.58994765777238656     
   1.6536929889540271        1.8241470339871482        2.2497459672707767        2.1416285845080729        1.7694748468071047        1.7015137602967292        2.7321732397466745        2.0819488227516096        1.8556671027877372        1.8046812654006481     
  0.75307666531514372       0.37338529002987353       0.40395925599431109       0.61072627140177993       0.62393410578737796       0.88133483559553882       0.64687842578151444       0.73089029047066789       0.58585584226001153       0.60383800651558606     
   2.4075190239445310        1.5805389533610115        2.1512732882111432        2.6694302075345804        1.9999654580971788        1.6626447690385950        2.0518514903676555        1.8156884985576569        2.2434138487054729        1.8076665498237692     
  0.76489355566747241       0.39604508441403524       0.42114374739872673       0.62836140013282482       0.63992195682123387       0.88660256844105878       0.65372534846434172       0.74636349776894173       0.60087686229934190       0.61961212718437986     
   1.6279727546555536        2.4506083348871917        2.1397269235755085        2.0842530823183050        2.1758204839266528        1.7137626621552506        2.4177933571448289        2.3501847201060060        1.8257575119650515        2.0623933431157417     
  0.77701135476666039       0.42077100266801876       0.43912465806184564       0.64539176263671238       0.65416035509842185       0.89094490768062329       0.66044482735893550       0.76157516526360358       0.61572213824041933       0.63655685305601195     
   2.0458906842291853        1.7079947149123780        2.1277267868542307        2.0134172223445845        2.1833810094508421        2.0378447873589458        2.0447984192789668        1.6253564910831610        1.7845160779136318        2.0548007197708809     
  0.78885561554740757       0.44479697450916461       0.45787053903917746       0.66228371162182964       0.66776529559252329       0.89534142112672555       0.66709510496190005       0.77661127806222641       0.63020902396787748       0.65376088748805583     
   1.9240147665903866        2.0891908355025208        2.0812063273514623        2.1563370879077204        1.9716166423913353        1.8579379635424935        1.7312128293230891        1.9590571488272117        1.4975957271719649        2.1932090065139129     
  0.80008159232685250       0.47074821978443521       0.47650186705684749       0.67868882639227390       0.68116905369291592       0.90001734928931298       0.67370043868344121       0.79262357233019987       0.64412561170265314       0.67119031910612637     
   1.6955944078660765        1.8191960974403310        1.6352545841135100        2.1179737626724870        2.4785533472516228        1.8229823450137064        2.2188796993367190        2.1070056368172350        1.8252562683920084        2.2775608162174170     
  0.81041163853562137       0.49678539560670676       0.49630637892129409       0.69452336037792828       0.69530313180333736       0.90466797271923061       0.67949523809142609       0.80792770203796060       0.65777121066834854       0.68786661192605680     
   2.0223867891913363        2.1727274135743304        2.3532057532017223        2.3295466672133274        1.8276992088995330        1.9919963334335473        2.3631377710274637        2.1287437850836910        1.6835273393903281        1.8486903829456367     
  0.82032722867094288       0.51961753239533126       0.51701322633859226       0.71056470485470347       0.70947645786500091       0.90959543984968017       0.68537132007969548       0.82097348840887918       0.67163159116480986       0.70463316380244512     
   1.5928400755956114        1.5560058742357470        1.8070911900105415        1.7700584963013843        2.0113131011782723        1.8543217803629319        2.3457713623935801        2.8874898250694181        2.1574392640957067        2.0010834411903669     
  0.83004517104473075       0.54238863319570485       0.53889637961867387       0.72625083574911442       0.72530772830168477       0.91462253663561233       0.69207870607410038       0.83354421738738460       0.68568352116182285       0.72121180579443267     
   1.7764371638722907        1.6536533981182067        1.6925644890470282        2.3326906781767307        2.1293647467578869        2.6118366615099617        2.0261039830685350        2.0929496484086081        2.1045352029214164        2.0378371971927298     
  0.84049442184794465       0.56606572665310839       0.56187565967172870       0.74098519483161807       0.74033917330371657       0.91924125922563649       0.69858292568541591       0.84576661158558131       0.69999628084044274       0.73863850371028561     
   1.9525635529948564        1.7890149120538621        1.9790980200519193        1.6082373351908941        2.1160904504339295        2.2522019484298896        2.5658217031860091        1.7574120614094131        1.7852135914643668        2.2053399286865414     
  0.85131526414595649       0.59262277579852041       0.58623361027468723       0.75554099440276112       0.75461141600637727       0.92355388300254104       0.70585629452930465       0.85779800110274207       0.71533725498435852       0.75636559365425116     
   2.3079105221760394        2.0589538213583145        1.8907741335910648        1.8611898411906267        2.5672063424311182        1.8630380737124101        2.1486201343450895        1.8460735306124940        2.2919499411659254        1.9920640913834733     
  0.86214483138173914       0.61812796487992172       0.61143945424337265       0.77086229926296290       0.76892978273880053       0.92738367637079977       0.71190249359929203       0.86960342732826024       0.73164809939286113       0.77267574729599664     
   2.7216560153226084        1.5952865538262797        2.1033020701489007        2.2780506611476525        1.8255428022303504        1.7248827610754704        2.1957676524454786        1.9686752110595245        1.6476582885422355        2.1705140884372502     
  0.87301115670076701       0.64348039744146424       0.63641047241208826       0.78719163699860306       0.78525559619261720       0.93097953543347478       0.71785455680415311       0.88114935141898043       0.75106432700987247       0.78827436406914220     
   1.8453813847694496        1.6845924478937200        1.7044244149965557        1.7187429541221007        2.1242579098041854        2.1023217401576733        1.9273129762684296        2.1719768690396521        2.2022822064492011        1.6169039957986469     
  0.88352685834067834       0.66842405253469428       0.66124774191934144       0.80311632676022271       0.79986354233808499       0.93452617417476957       0.72426986981727992       0.89237211845014675       0.77233237473691763       0.80395065225836426     
   2.1023403915440131        1.7883467841068481        2.0628633427043241        1.9535453252036097        1.8074225093384795        2.3252655214343254        1.9408241399930872        1.6776362312614752        2.0580650592703877        2.2240095802809861     
  0.89376440785009115       0.69236154103211600       0.68670123134039307       0.81838686465931709       0.81275602155197280       0.93776253047809577       0.73091174576318874       0.90357047731764251       0.79416342857003386       0.81982737255593363     
   2.0668433052882702        1.9168395607243891        2.3019285558569402        1.9509677810088437        1.5551436741993210        1.7727994481204556        2.3936624861788887        2.2125065429076147        2.0951865246874077        1.9298906048064619     
  0.90365744497192280       0.71686565314240636       0.71039403339184226       0.83306376318614694       0.82660749142362921       0.94167063140922513       0.73822127543752558       0.91425349788899657       0.81634186012552634       0.83474303126330152     
   2.4574167394220621        1.6976689321361902        2.0470730668193733        1.8608132000481770        1.8533436093350431        1.7197750446948830        2.0658442514359341        2.6544436126420656        2.7761853991058563        1.9352175717996261     
  0.91306702915113014       0.74259234425090059       0.73678011906037044       0.84617563665076589       0.84111512923202225       0.94579960736618696       0.74568229357422500       0.92394857691452148       0.83418073381986702       0.85059779275989711     
   1.9955449599666981        1.7961646890365173        1.8630999932700065        2.1934946106485360        1.9777280236732755        1.8845250804001925        1.9631423171559659        2.0178074086956950        2.3501156959029679        2.3613318338463709     
  0.92228798473645768       0.77054093125989165       0.76514879586582740       0.85912682772581572       0.85562907334436078       0.94981532165413174       0.75376522671459734       0.93299474878226352       0.84916888506618793       0.86615752592216133     
   2.2061751932671330        1.7564046987020741        1.7942057947375016        1.8568751359020481        1.8794122107675324        2.4322270205502852        2.2710997293326765        2.2735313950968266        1.8689333314545802        2.0913835397266602     
  0.93114506254542584       0.79982348992067520       0.79429008570391468       0.87818900710443537       0.87175225111769195       0.95382285374517073       0.76108014062003160       0.94154737048413706       0.86314432472970692       0.88136950583555829     
   2.4348422595000758        2.1083052451302713        1.8455457342853390        2.0753229132720188        2.0881389794943339        2.1854655175658717        1.9303176456561255        2.0335475153991678        1.5454406844819530        2.1971112139049387     
  0.93974824133822754       0.82913006910808962       0.82443996655286211       0.89327329769576569       0.88916659725375036       0.95805656585113608       0.77032841259468077       0.94972580093334835       0.87598895339480909       0.89583882639843293     
   2.0196026937472924        2.7050246746161424        2.4924256085093361        2.2776832094562494        2.1844467668692196        2.2983148974454330        2.1686593588936320        2.4204181148725898        1.8956894607404580        2.1039757323682751     
  0.94850745959261118       0.85624173883556565       0.85221331961241442       0.90830662974402265       0.90506880902446396       0.96239078990333771       0.77990702837295411       0.95796447332714563       0.89322482597220176       0.91035377223037128     
   2.3860136146818589        2.0007615086910491        2.4835016222388839        2.1803965761261996        2.4995979442820584        2.1402974367799472        2.6291167143375591        2.6473836305925795        2.2619960130270202        1.8809909848251478     
  0.95773827081721830       0.88253855514963730       0.88083049382801204       0.92303175255125702       0.91992442229672544       0.96697843624727309       0.79191759805850959       0.96643251429552723       0.91011606063222417       0.92514376481924621     
   2.1663660342112325        2.2657607733542897        1.9188702840685903        1.9189382345677826        2.0523285870972097        2.0047469956825039        2.4614653932808572        2.5591351813553476        2.2365850858998195        2.1649261407163811     
  0.96681638769088518       0.90801669884471881       0.90737705794053369       0.93800464417195462       0.93586089131181815       0.97178517100252015       0.80456203383273128       0.97440308450007418       0.92630103937785424       0.93998276485594101     
   2.7003799039886012        2.0172958754685042        1.9736947159645273        2.3063675151882106        2.2915692621019716        2.4303090917531707        2.2039103248334011        2.4889036695278541        1.8836663547006243        2.2270577451629494     
  0.97469934257105362       0.93331156119298442       0.93172194241531325       0.95298288415499921       0.95231681106978949       0.97708033350149226       0.82175387789171384       0.98205933732380013       0.94561829434400069       0.95527845904589204     
   2.4285988695776153        1.9114809491792573        1.9721130161843290        2.1834418611320126        2.0347312221078964        2.1930949635379577        3.1339686828373745        3.0237038993868381        2.6599096277441912        2.4286172138609903     
  0.98248555291761253       0.95727512113055169       0.95315823260663168       0.96805080732026483       0.96883590669176123       0.98260446783171229       0.84338590161880422       0.98858134898021011       0.96345811107336299       0.97017715006059591     
   2.7062568747858862        1.9590144422912998        2.0383716201234092        2.0554283190298848        2.1489131965811197        2.3960769333089895        2.1251283106906755        3.3159044308354662        2.7718835118433369        2.6580218889249339     
  0.99138099792128065       0.97888668361496955       0.97706818543022445       0.98447529978865866       0.98466669067775514       0.99043498481022252       0.89676855943956846       0.99448709748765773       0.98214995234914182       0.98493144225816731     
   2.4919419008154491        2.0025186899071556        1.7050222619644761        2.0118637285324019        2.4777590307255379        3.0871130002729861        2.7500313346508007        3.1341801868234791        2.3273448135838581        1.9620653464793434     
   1.0000000000000000        1.0000000000000000        1.0000000000000000        1.0000000000000000        1.0000000000000000        1.0000000000000000        1.0000000000000000        1.0000000000000000        1.0000000000000000        1.0000000000000000     
   3.0074323673646512        1.8445088974319492        2.2896769840490050        1.8396697354252589        2.0279524458789133        2.3263419217005588        1.4176762969608863        3.2355581629978851        2.4509905128880787        2.2191763428185163     
   4.0526455004224786        6.6825577903485431        16.792484689316566        7.3974504928900116        3.1804271296023461        0.0000000000000000        6.5637263404033854       -2.8411250668054309        5.1761254277415736        11.210044442077859     
   3.2937918425763715        5.9223427395087933        6.0773922466711854        9.0479744816863317        3.1685217973426560        3.3264145458266849        7.1435885897153097        5.5331836991277790        7.6210785871327378        5.1985347807723867     
   6.3581230967719442        9.1417329063209483        2.8384178851452466        5.7326640238862430        6.9757757091090005        3.5969582334427370        9.9612594460602377        3.9358042233963650        5.7339236130216200      -0.85263038482971909     
   7.2268991235261462        6.3745571051549899      -0.13103003365377536        5.5350525028816540        9.5625091178289381       0.94732939632790336        5.2531098151341702        6.8274326719543401        8.2837803699853705        2.7664315587769561     
   7.6543486165350849        5.7678752155973889        1.3476925241733151        7.0280537363309286       0.52883536173045187        2.3226375903669476        1.6995318655860006       0.70751887952047421        3.6243187916987569        8.2957281781250138     
   6.1991022025944265        4.8888689357351591       -1.5938137239354577        3.2359917583144222        1.5312335196163080        2.1137411552528311        1.8610625248740384        7.4135136447820500        7.8775077206905850        3.9758221544341827     
   2.3580332074479813        2.8394616151375671       0.73267086091680078        3.4401331383522802        4.5584628465946837        4.6987813348664966        9.5249585637123779        4.6749436232884998        3.0715299209683891        3.9578313428713185     
   1.9676362750063099       -5.2449646570406854        4.8138716615092090       -1.7333638018074744        6.1540975771026813        6.9692553575418907        14.141047978832544        5.2012910783014688      -0.99748210351283328        5.0343421167083822     
   44.155635617757333     
           1           1           1           1           1           1           1           1           1           1
   10.360743751707428        4.7776028161355653        5.3351659216275257E-002   4.3612594209074906       0.26855141403492011        2.9021397292072532E-004
   8.1403170642887795E-002   7.9595967283229999E-002   1.9046772220485154E-002  0.13647323347921422        1.9042525073862223E-002   1.3874673541936209E-005
   5.0000000000000001E-003   5.0495655302996720     
