   0.0000000000000000        0.0000000000000000        0.0000000000000000        0.0000000000000000        0.0000000000000000        0.0000000000000000        0.0000000000000000        0.0000000000000000        0.0000000000000000        0.0000000000000000        0.0000000000000000        0.0000000000000000        0.0000000000000000     
  0.23664982627417427       0.22583975736551892        1.9849397751418984E-003   1.5471405307166473E-002   1.7579457902049331E-002   3.5273670065881020E-003   1.5096692921902815E-002   1.6891978371971598E-002  0.33078862628436662       0.17074698700898933        9.8400316268145716E-002   4.4402087273700833E-002   1.5389142690436442E-002
  0.51979499508869043       0.57728678136557787       0.57551556072859111       0.75736349899413846       0.65807678328546237       0.74158785932705884       0.51123061279472359       0.79347257741945976       0.52431043926604248       0.59197429070254382       0.59231210891483443       0.75214691636777042       0.68533239914340127     
  0.32517256324483951       0.33476682973267780        3.8637293130826512E-003   2.9127846710954509E-002   3.6034684356984856E-002   7.2337926002862610E-003   3.1083184638156465E-002   3.4335426368241093E-002  0.46623219099390995       0.21424853705462485       0.15948736027349303        8.6331779563785696E-002   3.1430651583680094E-002
  0.90553331601560305       0.58777641560105398       0.75136487982926514       0.60313735946190106       0.76905695295344245       0.67826132077314882       0.80811189455699439       0.62532249683439034        1.0715208291191611       0.60052475485275547       0.69926596462651791       0.73693935875527861       0.64771785622706057     
  0.33854240429117416       0.38859420621837143        5.8277619645294336E-003   4.2848157574861274E-002   5.2207963496145940E-002   1.1207336258436158E-002   4.8539545057709958E-002   5.0823903960971362E-002  0.50977647587297203       0.24170190433974795       0.19143619802773493       0.11523081984302953        4.4981577486441285E-002
  0.56421291176315480       0.62987996152075532       0.57340584320700827       0.64089252133902974       0.67327028860357907       0.68059958376691432       0.64744458089708379       0.68724364009745453       0.80844978430164338       0.60982537015995431       0.70507050913697644       0.73983735632942171       0.60251353933500507     
  0.35134934683522601       0.42783881606183805        8.3245125036922624E-003   5.6250234134110622E-002   6.8931644343921905E-002   1.5534316892827801E-002   6.5721853027914973E-002   6.1511416970569124E-002  0.53126443182550809       0.25885575506431419       0.21427217084987854       0.13258356706756458        5.4581629742934554E-002
  0.71083115660498974       0.60306667028707994       0.72415097018516494       0.58726605287939382       0.60543413928791046       0.69614289128126472       0.65845094721181374       0.51713141778244309       0.64647856624337252       0.55794918167819141       0.59829400830146096       0.64502967719075821       0.53282945410235738     
  0.36368579355748804       0.46175492164876236        1.1735270439431364E-002   6.9798393058832259E-002   8.4058837008088957E-002   2.0159658013021452E-002   8.1398912079531649E-002   7.1778895616749355E-002  0.55262472716240241       0.27127524791268920       0.23285451842856175       0.15004631932579149        6.5000941946399923E-002
  0.65744861750997674       0.59768731815655296       0.78820137078779351       0.71757577461880195       0.67448120665284839       0.70094651749993808       0.64576612472507611       0.60227351555482156       0.62847710437237625       0.62188078129592939       0.56902722759790159       0.63066096610759981       0.56694409108459831     
  0.37575534984042291       0.49432856863754016        1.5469996251880690E-002   8.3652465150839184E-002   9.9740734544691304E-002   2.5063449494048984E-002   9.6005448032424806E-002   8.1400571224625129E-002  0.56984505633242721       0.28909224874297973       0.25020848849221833       0.16699632942339010        7.5686925148729461E-002
  0.59369009238973747       0.64263291853821436       0.90040712272184442       0.94175565801694483       0.60400202704731598       0.82244250984661804       0.69430930201235774       0.63743549185224491       0.58758279021740589       0.57898166939982088       0.57795565468055499       0.68061108391789171       0.56861643525514471     
  0.38739878380111714       0.52289617721900361        1.9122285955634113E-002   9.6577344858627914E-002  0.11581778030755198        3.0176639818108024E-002  0.11025398076239043        9.0502978642410178E-002  0.58514056710898821       0.30351838794756653       0.26758804635868844       0.18396450652099947        8.6115477449229441E-002
  0.60613756536461916       0.62207944018916050       0.74706293092123488       0.61681770766472910       0.79886978967589439       0.66806663439784031       0.63076222987207764       0.60418244936122667       0.65290845207413695       0.70382096257209503       0.57005394658081088       0.62708637696124414       0.56093534445635918     
  0.40019786157965875       0.54909270811258715        2.2731461149902890E-002  0.11057341577943264       0.13175999502762473        3.5557371469379019E-002  0.12545775907218462       0.10275683845300888       0.59900647691970510       0.31779495527778140       0.29239345615877332       0.20579428759785465       0.10022215189843463     
  0.76171168066306971       0.65403089293140293       0.67368738903873504       0.69252915224049838       0.60967310842423084       0.73070837001595335       0.59297689348479421       0.66227852937108478       0.63872741549504186       0.85995851932445222       0.67268448101327050       0.72636809378204659       0.62013742262692140     
  0.41229935500078041       0.57188379027635816        2.6343339845835062E-002  0.12333052967792592       0.14811386015437206        4.1216109351960274E-002  0.14061700524628554       0.11918522831081432       0.61307532031577749       0.33080765823771524       0.31676020899831064       0.22904254988427328       0.11776747205989763     
  0.76973646442717236       0.57002183975968002       0.71067911656395921       0.62433766109846778       0.55920360495337418       0.70481791517830650       0.67765872484785028       0.62638860114122819       0.56641746196126685       0.74641929710695187       0.65492458151184207       0.69792332184731909       0.63571115354454688     
  0.42483323506076170       0.59478826170882337        3.0055267253701921E-002  0.13618342571690398       0.16526654432774104        4.7084646306936498E-002  0.15609133893659680       0.13637204395063679       0.62623880733423720       0.34295738533852638       0.33925963995415725       0.24952867482964786       0.13539653932878845     
  0.63679623511100170       0.74247591116029743       0.83450027663312321       0.67808143252404973       0.69277085820891648       0.75443606321875201       0.65649117058393880       0.58058031939889054       0.77631560613068762       0.65585175154975139       0.71677905864992442       0.60484517724157238       0.68621982488027011     
  0.43707110870881910       0.61564020403883857        3.4196910810730161E-002  0.14979202546895853       0.18285512770348777        5.3241070248810959E-002  0.17290929190138452       0.15368483144685444       0.63892407944047358       0.35331025969096047       0.36078806844035188       0.26916528329862605       0.15154676390944580     
  0.61906858738164905       0.63053805413413877       0.64695349964848081       0.63727501524049246       0.63651538569216637       0.73662123713372274       0.72255328812078123       0.63375843603456072       0.61272903154716929       0.69361351979905705       0.67093335525950104       0.76599110441525475       0.68517694586644706     
  0.44919813627808802       0.63559953612581344        3.8626168427604898E-002  0.16349648708061282       0.20040333026171667        5.9614747993831402E-002  0.18965589005284500       0.17077981567423742       0.65039304918015639       0.36247003310113640       0.38120812981259844       0.28873043487330796       0.16679587837258006     
  0.70364711546033443       0.56297676053806267       0.85332057148200069       0.67429901549954063       0.75726016191593204       0.74387636202319374       0.67955393790354401       0.68926942108656664       0.62674190628288007       0.63459226310844219       0.70446911767354681       0.69799025078243504       0.68225386630729923     
  0.46154963665140408       0.65464399165466269        4.3428225959926840E-002  0.17749539528085367       0.21759060698437380        6.6025738487440713E-002  0.20578808076929750       0.18710925739086265       0.66080198642890342       0.37055016863685319       0.40010397507913964       0.30938884240436160       0.18104844211343935     
  0.68830510998295991       0.74882191288223743       0.68185342124773740       0.69605891552957067       0.73353577885063981       0.66871727190136154       0.73222493404635702       0.62823394689677403       0.67773163287177174       0.65921936010064164       0.72513169314828008       0.63808467731939511       0.54311720014603326     
  0.47369019059658934       0.67226776975637381        4.8196591140900163E-002  0.19098846164317884       0.23447872059270594        7.2500658297697723E-002  0.22187594437775771       0.20310409016365946       0.67074690243796409       0.37878298440435987       0.42054705917671342       0.32884827572743269       0.19512442344020517     
  0.71591648400568753       0.67613843381351690       0.64567429898426265       0.66188322497977581       0.69213232868496355       0.69221876453422404       0.62686050405387939       0.68267045553905492       0.61182233363645866       0.73513986527430231       0.69683290356310235       0.60518986658301166       0.70097062035809732     
  0.48586801860090434       0.68840965272031718        5.3012749324798443E-002  0.20453766311763052       0.25018672854002527        7.9305620920487485E-002  0.23794335218838517       0.21920708089310800       0.68058692383683461       0.38768454519202011       0.44149341597968950       0.34687523182507812       0.20931981126069207     
  0.72593309198241962       0.65892228683615106       0.65295862633248136       0.81131955679419876       0.59689806003416723       0.70178255446761906       0.64601174480439161       0.68126736481358929       0.74095206196739904       0.70112095304143629       0.60931863042647993       0.80271669687886260       0.62430951231481846     
  0.49806142021211808       0.70359610210967483        5.7832701180787774E-002  0.21733028827820663       0.26444744299292328        8.6621831865464752E-002  0.25401057202259397       0.23505619077506795       0.68979044942702161       0.39698934049675133       0.46038356721401674       0.36484034779743835       0.22443985050664234     
  0.68056211977323122       0.62627140862915431       0.64598035906027607       0.81209301330840011       0.77552045864566688       0.61139519520773977       0.73449198090921586       0.58823951813028497       0.67653445252836564       0.65735168468182159       0.70634988718324154       0.74017504332080752       0.70856911087533736     
  0.51004480779562467       0.71766732184024606        6.2978309858808867E-002  0.22982822770155531       0.27896106277569982        9.4402320997112030E-002  0.27011551491185898       0.25152382376709731       0.69873625137091877       0.40568047424216302       0.47763805471104304       0.38325567635168201       0.24069315635356225     
  0.68329152900620194       0.63356760683509117       0.73233776004284046       0.58565717457466082       0.59218506869828402       0.63309586262502182       0.66567870839486853       0.72203005894398398       0.66425433667982980       0.57608625435900551       0.73234343144609459       0.62647090771857750       0.75266287553543487     
  0.52254606630908906       0.73062670734371282        6.8420295198271364E-002  0.24224837293436610       0.29367699818395548       0.10235842180272914       0.28608460577309558       0.26745809921693414       0.70747541954133319       0.41403786195599424       0.49485183985643594       0.40230938517671372       0.25816171087738576     
  0.64565602140349421       0.62572925851232319       0.72179746963953217       0.65503502735571273       0.60487934414034372       0.76424253110567575       0.62435552446221454       0.72639523337218970       0.73226054500363280       0.64553513598336210       0.74724371319984761       0.76821314600011881       0.79327935428470220     
  0.53494331403807227       0.74263522302738927        7.4290128972592587E-002  0.25461565682748283       0.30585644392843564       0.11091950379895915       0.30205705603452038       0.28355506863581964       0.71569855494076107       0.42194734511647042       0.51086277678978287       0.42038142573013099       0.27453305591325955     
  0.69819308039187455       0.69136862087144224       0.70405901179633101       0.65613086648838437       0.60793500375174758       0.72986447005471333       0.62286065760469655       0.63999138675629275       0.66087353048727471       0.58262914755460715       0.93685564716398384       0.60149271397399506       0.62781163587267974     
  0.54702078427972267       0.75432690736171537        8.0753537491269539E-002  0.26717434163160098       0.31634809806470421       0.11755305249866883       0.31777464543546741       0.29966653214176786       0.72399513912339475       0.42967165837907767       0.52485383892526116       0.43821785776576694       0.28960740525582751     
  0.59553334841463779       0.74800530828616341       0.68868599451290169       0.62174428840805496       0.59384893378098524       0.62444562674537962       0.68835955071501209       0.62265218214525453       0.73299606317381072       0.63790618609516447       0.74825974533012429       0.90442990116013244       0.61931966616855472     
  0.55924322147592753       0.76615242498254443        8.7368345327818731E-002  0.28016069545164479       0.32717457211906847       0.12247604192779304       0.33412001436731992       0.31599860997310680       0.73234140638402156       0.43709999230899405       0.53842862320473439       0.45583925715649537       0.30482058769334092     
  0.58660098008987438       0.68452376625203182       0.63100569856080990       0.67597400444262212       0.61732128100023276       0.62224830240192741       0.63594887895355834       0.64196694683282263       0.65741449672614638       0.69105020257296401       0.65453004411505500       0.83063359798579084       0.58828710737879830     
  0.57178803659118704       0.77826416125867104        9.3654837956687997E-002  0.29367234490806476       0.33738737399658264       0.12763301898528251       0.35058920473429889       0.33192270586097905       0.74074890803350968       0.44443008501285092       0.55148430107045066       0.47342471676724579       0.32027414478848470     
  0.69967549468526569       0.70490508597908730       0.69387054318146224       0.60952480579374568       0.59094123456685377       0.67329455100093227       0.69629263019603072       0.64414064682078187       0.71508985986683693       0.71653964507017787       0.73440596753430865       0.66757080468713603       0.58341479761166948     
  0.58455316000134638       0.78972013049463607        9.9922991808437750E-002  0.30656584004183074       0.34855976154769930       0.13282130809160364       0.36725314480769794       0.34782148296797649       0.74857937388710227       0.45135999528613813       0.56471971437471691       0.49005961222340511       0.33607095011108173     
  0.69871481587095363       0.64914579620165114       0.65705650525635584       0.61334222596519972       0.56352681000583049       0.55507157506051563       0.72826295803786623       0.66632716236214284       0.75274734237237650       0.71307274956993627       0.60092027529570624       0.72508976345704390       0.75374423268960877     
  0.59731605623449024       0.80016592168451728       0.10647160978250614       0.31942705408407263       0.36439875338010719       0.13886783000083838       0.38324030443266915       0.36399515262853899       0.75576827504548327       0.45807197046014841       0.57804586195431529       0.50640350828320169       0.35102740121573811     
  0.85230910466482168       0.71344145277688009       0.62322098832670014       0.61553541496842490       0.59658251222557168       0.64501338271711250       0.58758377220620805       0.70361916532633728       0.59636861834412325       0.68585927581510420       0.79817888585868080       0.67364209918493112       0.62815919676730725     
  0.60971274899558525       0.80971230214437151       0.11341399492202305       0.33310942295016149       0.38104471358780845       0.14791935393868341       0.39810639674239928       0.38039949188757533       0.76272266492704799       0.46480975448631923       0.59070340698780588       0.52270892243441092       0.36555975221255838     
  0.60465019733338254       0.55863858766563379       0.68333704860882438       0.72866635963373405       0.65410514239890705       0.61288098138256331       0.67908096925060590       0.85356260178864385       0.59048182004935768       0.66682940944553393       0.66766410981886737       0.65962953550739867       0.65455358607716363     
  0.62149223312013901       0.81858904405440780       0.12081109574015533       0.34682897501120619       0.39714422700947583       0.15815778657627702       0.41257257592358154       0.39709060185507938       0.76973263386006363       0.47158704525335859       0.60330997515262463       0.53778494606621863       0.38010828170232386     
  0.71789782184735695       0.61578997834405880       0.64975067119333230       0.72436056139615723       0.69662324134256948       0.80442849427049345       0.80578245046708374       0.63603351006503106       0.65557103141979756       0.69892637517179335       0.61722762059120406       0.66484174389036077       0.59803558177581073     
  0.63293462919215671       0.82717082893819904       0.12884876929231981       0.36035562329860454       0.41335387102030680       0.16800850203145190       0.42730800090139576       0.41304206362499168       0.77653349437486019       0.47834286562222411       0.61547347417054776       0.55185922474044835       0.39414604533650688     
  0.62319637805834760       0.73987465710138189       0.69996002332818807       0.59900114566276386       0.69227099072544485       0.60067533662916861       0.64905710816072182       0.70626468833952305       0.61324886528029332       0.65212566984825049       0.64631843609716710       0.70083652937959939       0.63002918074077752     
  0.64473032524226026       0.83565698026786928       0.13700963875231104       0.37413796271436411       0.42968612343755019       0.17798590185525912       0.44193380572223695       0.42806313979651572       0.78321092554731420       0.48510970049423358       0.62752368741026621       0.56641038094779173       0.40928631796161297     
  0.68550479087355720       0.68739850300650907       0.59846405251169710       0.62006723670512998       0.73128334025307684       0.69152101700826285       0.74346097238395692       0.64892419370066778       0.58341052869517562       0.73647416658161002       0.73334157123477695       0.59213554217690800       0.57175050436509034     
  0.65655006169466357       0.84421202616302582       0.14489184068978311       0.38820824842976903       0.44658437449062244       0.18839307386399956       0.45727959662811851       0.44379940720691025       0.78976920705400266       0.49200978100320708       0.63999909590998749       0.57916576220144611       0.42427514370342867     
  0.58644727108272121       0.60284059601437012       0.60773304218723101       0.62002113110659951       0.74927361017852789       0.73029828001673314       0.71969112050163064       0.69048774500172316       0.76794996292917816       0.68020997245142567       0.63502768528691123       0.68623504680554748       0.61948331072540486     
  0.66792867412744450       0.85233050497050367       0.15305905468362352       0.40173139176935335       0.46350343458360510       0.19962949200897165       0.47302809042014088       0.46036426498535216       0.79616412835158246       0.49910584281569725       0.65258711832814698       0.59086957348314306       0.43895381617613283     
  0.70452626388808626       0.64695763714876786       0.67280403368263986       0.67825551323715638       0.73017542130540491       0.65275523084725151       0.64534754295209362       0.68798871435250741       0.59710006788027459       0.68856632896866099       0.68791661438013640       0.62312353641214036       0.59624832697424801     
  0.67891693949744236       0.85962251280663882       0.16233264487800539       0.41514908725279887       0.47990217320355133       0.21188575664856635       0.48913160669018985       0.47871545267656007       0.80255055496455696       0.50618396741165905       0.66484615131927827       0.60279508954839489       0.45399684518794153     
  0.73965891493854907       0.68793433833180895       0.61610754771965703       0.72221762275078649       0.66680376431302424       0.83310532918456048       0.72404569843914757       0.73965600546672128       0.67145058327395857       0.73822096515950009       0.64341762912909661       0.69102192313223476       0.58618484900119527     
  0.68942676561141836       0.86625783754233432       0.17210739666180291       0.42856407656339107       0.49599211041788005       0.22487503513110629       0.49951349880969015       0.49570041985792779       0.80869817474018157       0.51305850365664574       0.67688907217134486       0.61595491095157995       0.46881376700294736     
  0.68666220236535802       0.57542694703639474       0.69468945103660307       0.65446281881989188       0.68318195692346861       0.65162005153867675       0.65780202506566010       0.79081195706962315       0.64901901969768505       0.76241568195449583       0.65989447703791604       0.68362614683152134       0.71320217767494287     
  0.69927365179328671       0.87270157922386660       0.18196099626852938       0.44212879432227853       0.51137527537540850       0.23861969616057110       0.51027889497081780       0.51248968962167507       0.81478638818204596       0.51949148042510629       0.68804190831755807       0.62958862223723389       0.48402396510111412     
  0.60437998289184613       0.66277849242309794       0.67213281516146539       0.67069661521202484       0.69581111354563685       0.66220106621220765       0.60975022621050701       0.79775429729161229       0.70643189546988172       0.61427147651943292       0.65684870609967072       0.64757088378503669       0.72792789067478880     
  0.70909134615658875       0.87937033017933086       0.19192653988861852       0.45600070698382994       0.52592992961584384       0.25289000615122215       0.52072920990906468       0.52741587220856645       0.82073663184699286       0.52556578655570341       0.69830121951373758       0.64305519080757390       0.49978301988272050     
  0.67223831974581405       0.62055515029484809       0.67500995157564181       0.71111273424119503       0.54940092138163976       0.72917551811282255       0.53735110777471617       0.66205971707364442       0.58504630020955828       0.74254459942487039       0.60352212859113130       0.78163303014870400       0.70265283310874971     
  0.71880116235348435       0.88628733544512961       0.20178904078792392       0.47026504716074008       0.54040281036509064       0.26727499804318616       0.53030373259661245       0.54147804934786625       0.82636915695666413       0.53166264097967098       0.70887882481756226       0.65618526659675891       0.51518591835615501     
  0.67318949353969426       0.64985866969684558       0.72896574530725189       0.63074669815722473       0.63604592774173296       0.68469306330955360       0.62597087211491687       0.75399309322214125       0.69996521663539357       0.63239626686128847       0.60726117772410282       0.60810611392875435       0.65651894559907176     
  0.72933764804138668       0.89310539155018087       0.21101661276352471       0.48522061746451928       0.55541294976742583       0.28212867053222884       0.54073555345631141       0.55619571291654646       0.83162172674883605       0.53776609984457513       0.72011601136596026       0.66901363415934278       0.53032936084822224     
  0.61272525436012204       0.86997138204181912       0.65089251997243314       0.68989786310474299       0.78300787753851275       0.60761267775470129       0.55911369884538409       0.65489054562642002       0.62435470302439289       0.61363379390420314       0.65674484735502836       0.74511580087561968       0.81373792420313362     
  0.74090813318949289       0.89949636339914096       0.21987795874415184       0.49999016361375836       0.57186042223431044       0.29770053941664182       0.55757670762313361       0.57121071532624867       0.83704361589125675       0.54418970904842057       0.73105105385330571       0.68162788043059153       0.54581822575114669     
  0.69325327918935908       0.57487711297026955       0.72698088502771663       0.66455503692251661       0.67179575687283233       0.61695064095225538       0.67114341939777511       0.60480424063094274       0.53712174741503238       0.78702751955435279       0.56514183720125144       0.62338804066607589       0.63145910306659125     
  0.75268216779197250       0.90520510207880511       0.22967158739616481       0.51484682321257924       0.58911857968188430       0.31395314848561701       0.57340811173343398       0.58626711699248835       0.84258526870928374       0.55077210622667716       0.74145450440748950       0.69411882314019624       0.56230551291851993     
  0.64455871074888604       0.69823019737469694       0.66633871205333484       0.58997038116167100       0.70445266952089181       0.71753183432565026       0.76871231154785724       0.63485681453747700       0.65778091870089694       0.66381612897909192       0.70869277310397671       0.64903294514118570       0.71539962939683299     
  0.76383461196165103       0.91102900606058679       0.24002969991994202       0.52943942021362167       0.60657628248914586       0.33022042455882589       0.59011005298338814       0.60257727829357544       0.84811135019553607       0.55698852613505057       0.75150192108764347       0.70688919372084502       0.57983175430791090     
  0.64468882181957088       0.69248048946620711       0.74274809936104336       0.71754083996802487       0.61848342457538208       0.62931942914608785       0.64473876849385570       0.63704769819782803       0.63703828902966908       0.61291416754007211       0.71253330127264103       0.68153682474229971       0.64537187482519087     
  0.77491108952890453       0.91682809136792254       0.25107232706781402       0.54456241065934263       0.62323829946680787       0.34617769455089453       0.60716989596489723       0.61727873991355164       0.85358644674039963       0.56282755816119912       0.76110329696390933       0.72037182119037035       0.59750555590165622     
  0.66842893519933977       0.76862997980331627       0.64656235309034749       0.73792761912178606       0.66307982041243485       0.72641983083240103       0.60639159742911697       0.73103823674242063       0.64393726260921103       0.59400656232759974       0.68182694484789130       0.70086006597587847       0.73505617583982608     
  0.78537868015833356       0.92203698584278471       0.26280988924082804       0.56064110392468858       0.63934331738562600       0.36256792601839344       0.62305075508014351       0.63174940913559219       0.85903193381052068       0.56862924154552630       0.77081799060015999       0.73425685470262758       0.61417080265333390     
  0.70859382973810192       0.68947107648173755       0.58334329704134491       0.71587743264260062       0.66845423926097836       0.63495026337894311       0.61673639631622290       0.54957512332420255       0.63228168147934427       0.62467562477128735       0.61525271697759309       0.66774417481377846       0.59116538547369080     
  0.79675009372344596       0.92685304976771088       0.27550900778409021       0.57674657266207296       0.65549711792003995       0.37959346465606864       0.63912415589850435       0.64688462169493133       0.86439393425136080       0.57414232277721411       0.78093607701158152       0.74799129748553461       0.63127167541502827     
  0.60362579641994396       0.56968067775212339       0.61858007996916720       0.78236213109913544       0.76388651836208654       0.60426989577594603       0.63963091063826727       0.57102391502964800       0.77706608780168174       0.65690301239421400       0.66302778629667658       0.58523815168252724       0.66090169403419718     
  0.80808664566190558       0.93137824257655977       0.28868538449473813       0.59206700045204541       0.67195261088197666       0.39738466928750704       0.65446942243923589       0.66433224821291492       0.86944918496910784       0.57977967920871443       0.79139059025842062       0.76151251663785113       0.64916457874696021     
  0.70380658227641824       0.62525630743775673       0.74614883660990472       0.65918271623682745       0.66151769283934159       0.57159215918790351       0.53125657405985993       0.68087487315490991       0.58021605293126366       0.63769022466002889       0.76289399393076307       0.63638295125046218       0.60518548684247597     
  0.81904664678353090       0.93583985239362355       0.30199102512339171       0.60759253415536452       0.68906374958724947       0.41456259107054316       0.67080742574140295       0.68284937245604271       0.87437502978827220       0.58606719672962493       0.80170748671215608       0.77505230293409300       0.66647159291171487     
  0.68106952995410719       0.59027831908258499       0.67599338902900963       0.67450339534337922       0.75293778027110303       0.66134511662202844       0.59364720289436124       0.71534237861393724       0.62381275720836771       0.66445034322018348       0.74361148629953322       0.63865509024591749       0.77737101717920210     
  0.82952066606374242       0.94032297020053779       0.31560775928134432       0.62414694760657774       0.70610183785207115       0.43296351893412721       0.68709212532832442       0.69965392530944848       0.87935259008289579       0.59228530883046748       0.81137143865081152       0.78857476061818910       0.68316940462837028     
  0.68206140600825349       0.67204386723394727       0.64365934174389361       0.64513968897014384       0.73989709003713622       0.59790753378915940       0.73558190869937701       0.63848571470178606       0.61685165955700927       0.69834614135802087       0.62640292627511551       0.62354594004981989       0.69076435855388618     
  0.83983719625753528       0.94463550749681557       0.32918407654570070       0.64112889810206286       0.72308035358864187       0.45488940644304066       0.70339209124635804       0.71549654209795366       0.88443935511088989       0.59867663893744383       0.82052285460402075       0.80210929247003848       0.70038328404123451     
  0.79213323331688523       0.67048333512648262       0.60646239596141760       0.64145792905840127       0.76506954395902826       0.65909848033573359       0.76426880115308016       0.77891685211982764       0.66663270809191510       0.64706746567488893       0.54322038991525190       0.67468734916083184       0.89559243293020918     
  0.85002559550736800       0.94866722522094882       0.34418007353765950       0.65857934487424119       0.73998662917585367       0.47735207230149207       0.71952253217495954       0.73063681346872500       0.88927873415750269       0.60538633797825603       0.82952958197506699       0.81586371574516281       0.71797531094042866     
  0.62862409691571453       0.58477537473126795       0.62328674721725108       0.65502647090644184       0.67904733862772493       0.61271532195149736       0.73315068555338136       0.61284747564098196       0.59576456011314249       0.71751264727874631       0.69009734732837624       0.65634028029678382       0.72687768737509162     
  0.86043133997912402       0.95246950005275743       0.36098432590119922       0.67378474373408070       0.75631844680692772       0.49972057686115895       0.73570401142368813       0.74493383861398565       0.89470748644591336       0.61240785802112174       0.83883265979070198       0.82929873717612146       0.73595887013418726     
  0.67251430893366715       0.64901995321617678       0.71114646671700532       0.66672925928327553       0.58150315252715867       0.60701059203997054       0.67470076921204580       0.64545811624412086       0.65666439769671503       0.65736022553377360       0.68162979057560302       0.60503873009132936       0.75204899160437300     
  0.87059575736677175       0.95614860290141357       0.37832180765646906       0.68592382326841372       0.77198849077335052       0.52251782211330489       0.75260957603418821       0.76051076765856784       0.90029051766954582       0.62026994782651224       0.84845232483090260       0.84165479670096977       0.75351505632212579     
  0.71075327338238437       0.68980025360968678       0.65329322215040864       0.63500621428009829       0.67643944508089693       0.56428615621439315       0.63618640247977531       0.70816121753508077       0.66350798995693772       0.71671276102552139       0.66371993470465207       0.66632423126269003       0.71450016034968422     
  0.88090824916698773       0.95985092215479151       0.39627984790400628       0.69734553649920594       0.78710839694906531       0.54564870195658166       0.76850625189255750       0.77629104653724645       0.90617429211713962       0.62721636868533770       0.85807924114836620       0.85302803651229964       0.77065241378751503     
  0.65093893956258175       0.69071451198811984       0.57278516850799766       0.70550058733594900       0.68614846718973566       0.58937003693380807       0.77232475161277891       0.64320535366658349       0.68752265029417670       0.68509583975938315       0.82622870834838991       0.67590866453227338       0.72240272713718823     
  0.89135235156357473       0.96357000016846250       0.41409145344950593       0.70773394155765290       0.80144040539654993       0.56858984349778496       0.78352677981958907       0.79280210527073036       0.91199347867927472       0.63354863901169756       0.86787160257535723       0.86440503560861193       0.78820927068495406     
  0.63665168261212057       0.64503786819015985       0.57867559106341593       0.64571348548679564       0.68872734436162464       0.60507190087149265       0.61188627682426955       0.72502338390754195       0.75680769127521030       0.62623331270831695       0.63782180963266144       0.74101574130391890       0.69239784645016111     
  0.90212922456292788       0.96726264511077720       0.43254696447362506       0.71756308601223173       0.81586634703745098       0.59201676439361184       0.79836542724419224       0.80863707423601361       0.91781575075696731       0.64028709630506908       0.87782644798858589       0.87601938599506612       0.80593888796036384     
  0.63431094140257394       0.66264138353703250       0.71255502578698449       0.58868393272180097       0.56267789231806375       0.78298585001123622       0.65450824357663373       0.68613113944256998       0.70852551079825066       0.68561704492130604       0.67575140970255354       0.55140346976374399       0.85834016099401267     
  0.91259454685977581       0.97081991849848226       0.45290460607051841       0.73232764434451558       0.83150755186680170       0.61689677170868762       0.81370887206512865       0.82412088002170125       0.92347621648128031       0.64782834781381426       0.88749833811291068       0.88708686134846582       0.82289917855101991     
  0.77750939096192873       0.70967779817804533       0.61909968956823236       0.62238142426289922       0.75619353143179757       0.59169917543745287       0.61913832399769997       0.71467074311311962       0.61929541404927557       0.69176786433263393       0.56840457409094336       0.62545523586522678       0.63624448229725183     
  0.91995625840825401       0.97436602589603960       0.47547663065104706       0.75179602235582355       0.84685109552382076       0.64214168139642847       0.83029727725166125       0.84000847932851308       0.92909832758715949       0.65541900466885950       0.89704096879272832       0.89794876237751198       0.83897477326880487     
  0.68275033300742971       0.83810020467958146       0.56120183243268906       0.74011947415611623       0.60215209807438785       0.62341998138301402       0.65269565746592695       0.79733167203591893       0.78399529389990485       0.62715033610392290       0.68351835080515255       0.56028790211969115       0.69732592362006107     
  0.92677604465581442       0.97746165044174749       0.49974344242236945       0.77091589213898748       0.86170815268612388       0.66899314017535416       0.84812800974168767       0.85569283455278056       0.93469206527772419       0.66290049121402317       0.90599611404919744       0.90883452849961421       0.85418422741545930     
  0.59345036427593678       0.73527716786152453       0.71194591616233704       0.68812889025780599       0.59073442175716473       0.66514151896470763       0.77528015636792669       0.60806811207293843       0.77850387804305266       0.63450165454861995       0.74247730188914340       0.61754764489082370       0.69861724267710945     
  0.93373694843135158       0.98045211070826177       0.52488246737503697       0.79106294530055876       0.87719862516368940       0.69917786624496392       0.86603272727784231       0.87022153791382284       0.94041652997289349       0.67053583024877694       0.91465404886126767       0.91972832467491161       0.86941169112575989     
  0.64216945410678672       0.73627989776745573       0.66181707291547143       0.65858304230636544       0.63436804981996731       0.68226675248314628       0.78898468544142975       0.56781688618009440       0.68211767881340413       0.62606471069765635       0.61089096377758711       0.77661097826986070       0.58559185877269559     
  0.94028042646715437       0.98337898166188675       0.55208441392362784       0.81192298125239748       0.89273530817931646       0.73236913581026475       0.88274150144814800       0.88492777841165871       0.94612411108421646       0.67920353958400148       0.92326309015859132       0.92878942606752501       0.88583648372197510     
  0.59230164456108225       0.90466138758709014       0.61894149626143402       0.65247143788852602       0.72309500798894888       0.69871764097371025       0.83267099854825533       0.61156403539559390       0.77562492892278190       0.62940537528313290       0.69037330229547111       0.57386707249526847       0.76413332701638681     
  0.94646242489158716       0.98646414824258144       0.58358749031791290       0.83254020889161318       0.90892391235821579       0.76690718335628949       0.89943110276373683       0.90054765900466904       0.95170991097803848       0.68883934924354828       0.93216445900756284       0.93791339940238683       0.90244916926624463     
  0.57090663839695166       0.70047142906701187       0.63733869343142913       0.64655400492598070       0.80096322893237049       0.66163062801957917       0.71605163204938116       0.67974892389871444       0.77701053110006946       0.61580544891404987       0.68018493905173572       0.58557496929672426       0.59528946357129053     
  0.95655273062985835       0.98897272017333548       0.61939361586491504       0.85344956780575287       0.92316409881612171       0.80201068988390434       0.91643901823243468       0.91760605277910023       0.95828514557144118       0.69980233066300501       0.94128490766085826       0.94712128253111028       0.91980121505035295     
  0.65945931428218296       0.87855252440156384       0.57785866650814433       0.65972602781477940       0.75015024089937410       0.74739964257965807       0.74340634709374287       0.66127455666101842       0.68318337476596780       0.69465485536173954       0.64213561852035606       0.66006022471583181       0.68276607015040358     
  0.96667788130358234       0.99101276474078637       0.65874333751167657       0.87484470694543748       0.93711822718898519       0.83901711862043993       0.93307786990495700       0.93462732452420705       0.96588607068509391       0.71149144080370630       0.95118009317230212       0.95703084548820738       0.93625838569630071     
  0.69553194998033463       0.69667343597260423       0.64807677925909390       0.57059148042367291       0.65289379159648409       0.69303453455490083       0.60495845549952987       0.78351340655055657       0.71909647969126200       0.62378872691084197       0.67701416583931007       0.58413986301952225       0.68568378810928332     
  0.97653002147023782       0.99331384125940236       0.70345991853765821       0.90013191875639542       0.95140894342247539       0.87799830432477100       0.94984760931454504       0.95154898193106263       0.97347916644537258       0.72700131353787034       0.96277422113969346       0.96765142736150789       0.95277208302756766     
  0.69164632011904348       0.65453573841470425       0.64091261837800462       0.64112997984831499       0.59774049218420044       0.65645522924422250       0.64001311312761344       0.71687259793154390       0.72905346225110546       0.68466111774870608       0.64915087865133525       0.63508616866318879       0.86869648485641304     
  0.98581869641317377       0.99553273433591305       0.76209430037191139       0.92861910052533891       0.96656698464264001       0.91565074737296659       0.96642407388307527       0.96761531608994478       0.98143990489797694       0.74726569667813825       0.97507348947474493       0.97829884281807000       0.96821543495458717     
  0.67065369067427871       0.76542777267896001       0.66512034361261607       0.69327558941268730       0.67972011743893446       0.66678500566200471       0.62276820750795747       0.69431615635836863       0.77383070851569602       0.72485825992943864       0.63880297852520040       0.66839315327878568       0.84360078198618671     
  0.99321626296427012       0.99777926540050654       0.85528983905395239       0.96220004820608451       0.98334555322684414       0.95655332413895633       0.98321992553691440       0.98407140532930160       0.99008705637575589       0.81870014943140590       0.98754071807128341       0.98936910244249698       0.98383776859437400     
  0.72102655602403121       0.66699834932997071       0.65279198789506820       0.65121507663267819       0.69673608911865792       0.57475952976914235       0.76684488408509655       0.70769046625772170       0.60080294561781422       0.91425855907821396       0.63328089959232636       0.68924964889661222       0.69188245857666320     
   1.0000000000000000        1.0000000000000000        1.0000000000000000        1.0000000000000000        1.0000000000000000        1.0000000000000000        1.0000000000000000        1.0000000000000000        1.0000000000000000        1.0000000000000000        1.0000000000000000        1.0000000000000000        1.0000000000000000     
  0.63555267308811236       0.70940202765371130       0.60832796272477518       0.70532134675717373       0.68518101984366953       0.62191157680995957       0.65719498767892615       0.59122658606009326       0.56120183243268906       0.67127920037466737       0.67026246213580520       0.60352760253398496       0.58890207642037684     
   9.3598922300288336        10.228819429152805        15.842287869634879        6.3650330490523261        5.2656245730043567        15.614431703180470        10.784247196821015        7.5339063895763720        0.0000000000000000        3.1006045731336025        10.665726207510067        6.8447023895920562        10.200347071735960     
   12.746975211725294        12.410139522375495        7.6353294830691238        7.9262287286124016        6.6841950244777975        6.9852695120706860        7.8623748527372683        11.132789263890865        0.0000000000000000        14.181346107657900        8.5993435691371225        9.5982644830814543        11.292925118578356     
   13.260818234868330        10.387364917852691        9.0050405749807769        10.699339827476557        8.6139703235958134        4.3255486648013699        6.7541372652541005        10.942438347637664        10.230714955622092        9.0807669877443793        12.609611637304836        8.9170896936302810        9.5674937003639346     
   9.0768269167442082        16.623075751531040        5.5475377734457938        9.2047474940365710        9.0563313925336519        10.366104042890777        11.876323447677640        11.900407725571881        9.1528296305255132        10.353939940881094        8.2475865397248409        9.4534412960118956        10.014241940653912     
   9.4473614830442543        8.7703042078536786        7.6611440424215518        10.555675052459190        10.260862947396621        7.4616072211205733        12.130576755512491        9.3993800487986299        8.3067113348864741        12.779840555397460        8.2460019830322011        11.710627979818929        6.4894769244907096     
   7.7444826456797768        13.393124419611731        4.6938200942924935        14.852237019074643        6.2540854338553382        10.187249588202134        6.3255922077343811        8.6921884009760007        10.026422086057243        7.1334920595611466        12.276571636934802        8.2943999504271186        6.2300317375915437     
   13.263989211739620        7.7755357836838987        6.9940084484033394        7.1039589882728960        15.824183289050467        6.6138833420803040        10.313823762003585        7.9758102330341556        11.346658526278659        7.1336701883851621        9.3437533094986129        9.6328999031349554        8.5690544333091054     
   8.5154962718204814        7.1443643232060809        5.7486917220701992        10.211589554898136        9.4083883753581592        10.582258183433169        11.172159798170624        9.1250537986958413        8.0149749235419900        6.8465959667049621        9.5260676665331872        11.754945453625124        11.087858461521868     
   1.3488463208595762E-004
           1           1           1           1           1           1           1           1           1           1           1           1           1
   1.3413051900848142E-004   1.1879781683696816E-004  -8.1384075927024490E-007   8.2415444569470182        4.0591323163999899E-006   3.6032689677813149E-009
   2.5183537441968731E-006   2.6941068352967098E-006   7.7837838226406566E-007  0.43042009080509480        7.7826683579740232E-007   5.4997100137635856E-010
   5.0000000000000001E-003   9.9483625161171734     
