   0.0000000000000000        0.0000000000000000        0.0000000000000000        0.0000000000000000        0.0000000000000000        0.0000000000000000        0.0000000000000000        0.0000000000000000        0.0000000000000000        0.0000000000000000        0.0000000000000000        0.0000000000000000        0.0000000000000000     
   2.0144197392199682E-002  0.26250787552129323        2.9537345650743089E-003   1.6441320664937448E-002   1.7029064920351653E-002   4.2920202478083015E-002   1.2833552688738299E-002   1.5826278093299069E-002  0.34612251729359583       0.13484190843447194        7.5775113983030232E-002   4.5223799295143273E-002   1.5179974551330843E-002
  0.48606236253636143       0.51050896100907517       0.77300538809962860       0.50315802530194853       0.56869338284745286       0.50747150774876315       0.48222515067353255       0.55974124153903182       0.42881707549265496       0.41015896152970571       0.48623099771819867       0.53107920251693852       0.50804704511237120     
   3.8046849547972494E-002  0.37417735268205954        5.7926931372236585E-003   3.3119525831712501E-002   3.2450971673736617E-002   8.6071170622552734E-002   2.6773440007005711E-002   3.1204454596727400E-002  0.47242062411807506       0.19362630642752693       0.13445387899866859        8.7387287652085061E-002   2.9674596488253935E-002
  0.57450335487522564       0.53860595449663906       0.62938831248814908       0.60478188548677103       0.57887455131555487       0.52211955327327897       0.47257030775037567       0.60054055573089316       0.58477982737322032       0.69411327945208345       0.46730639615386027       0.60860497069466213       0.51425906777621455     
   5.4824842043635885E-002  0.43215752839324084        8.6833663282160634E-003   5.0158120492880945E-002   4.8118034143959799E-002  0.12296900740114454        4.3790418811002450E-002   4.8575272791296982E-002  0.52594195010993816       0.21744267832491365       0.17380256203323263       0.11979964862549508        4.4286060804346994E-002
  0.51099883568962390       0.44550485211701490       0.73320090002203653       0.54194384923962169       0.47118957294629688       0.56048348190725406       0.55713841428556632       0.55122051728436383       0.69837584907321726       0.62761465264635419       0.55136896274807712       0.51103057572952015       0.53255379448685769     
   7.2053940553217413E-002  0.48010308431849369        1.1764105874674522E-002   6.4879610128291812E-002   6.4443529239437747E-002  0.15778346582475380        6.0940259180903379E-002   6.6047554410611692E-002  0.55650578325954048       0.23435676142984471       0.20670526872720918       0.15004457554160991        5.8402920473114614E-002
  0.54520312159848738       0.50160904633068160       0.60094620784641151       0.47022636432403747       0.57023708596695932       0.48495711037474953       0.64178685236457256       0.60410745239466768       0.68019718738616475       0.54369531648236591       0.50102421241009865       0.50039570921298504       0.46468674324023040     
   8.9263039762452090E-002  0.51683962364578240        1.5087542725015311E-002   7.8632368172223313E-002   8.0374329460184732E-002  0.19151043633274489        7.4135137307463655E-002   8.3892946937005441E-002  0.57610027563271271       0.24650197734947737       0.23671825416976808       0.17616297385173460        7.2292092795628246E-002
  0.54794869709581551       0.53459432606716129       0.54588684785926056       0.45814489518397045       0.51662003889053143       0.52254599872546026       0.52796654292270728       0.51019964234991921       0.57041580024268013       0.60755278524390310       0.49466139867661862       0.49030747254009249       0.50656246898911728     
  0.10563202993323254       0.54882169746035869        1.8477363194846972E-002   9.2354546379756902E-002   9.6676079968179396E-002  0.22507630878588375        8.7329069901467896E-002  0.10204570483615620       0.59381645050601539       0.25708269717511090       0.26210855246970083       0.20068419506204416        8.7464902218085283E-002
  0.50946972784790079       0.46832217950700739       0.55647293762344141       0.57781726159194713       0.54649916331397885       0.49989531800667636       0.50291272691922184       0.55232402531289670       0.52294519488542457       0.59608508921030767       0.48354921717619881       0.53956255432114530       0.52956714787874859     
  0.12187448957141901       0.57798248520218354        2.1765083373396905E-002  0.10714040097252477       0.11263957623833391       0.25839190617728908       0.10031907789248332       0.11788780520825788       0.60937298752044233       0.26576738073881451       0.28628103075314038       0.22274658450372464       0.10410095923256940     
  0.50365567691303603       0.54224647423418926       0.56614635700252469       0.65734557304911312       0.49587442011591559       0.58222724005213444       0.49843299965804100       0.58598603019014950       0.57156075702124765       0.53598725682041859       0.55023909563615614       0.52439169652033402       0.58987688241418279     
  0.13791535602240845       0.60561744282775887        2.5168384858056739E-002  0.12201483941966292       0.12954258818080916       0.28838174211724998       0.11480572579716812       0.13402832533546577       0.62387490199125295       0.27329030487195022       0.30782665331393444       0.24437042283400348       0.12150018393940981     
  0.63218347431628519       0.47705734349557755       0.48809973681224628       0.58342614900639767       0.55643649610550072       0.47107556087126989       0.45173229536504139       0.53499709558080311       0.50480530665432066       0.54666520876415758       0.56124687157861530       0.56642438942388484       0.51517349885873309     
  0.15431999100965746       0.62804573360536053        2.8683578943437333E-002  0.13659179434355126       0.14709912702996869       0.31543193555006305       0.13025362196357507       0.14945775466161784       0.63697557540955752       0.27987336750748965       0.32557679108725379       0.26651147046996987       0.13812179048694870     
  0.48317226261875434       0.48973504664560275       0.56401181259664945       0.53901090644261895       0.57043758457300620       0.57581591729088355       0.58332085689051616       0.50673221062741980       0.56062167619270853       0.49464504877069593       0.47592222902043213       0.50903598052919574       0.53409298016128914     
  0.16914284215408948       0.64958436553166587        3.2266211429505628E-002  0.15025088036147580       0.16499660562781790       0.34225078338322235       0.14510867685911563       0.16559578608756839       0.64922688565482611       0.28765608942933441       0.34696183662133984       0.28653626493602397       0.15330901951508352     
  0.62353905397179432       0.55524719226902108       0.60520676471928325       0.51976567567138710       0.52263361882110104       0.44905141774901758       0.51455956239905232       0.47044467657174671       0.57024355658729942       0.49092717356078958       0.47596132237715383       0.58275287655796293       0.52263789469558120     
  0.18258808066361418       0.66849476680440267        3.6557457705477983E-002  0.16327678777628571       0.17847102338204121       0.36750482036261417       0.15808915817150193       0.18401972471726649       0.66079075004292442       0.29448559289911896       0.36856780893610802       0.30625593049504801       0.16841824881669398     
  0.52346852422713108       0.47794899417041337       0.52270253118112120       0.55050851779546117       0.56477724818818686       0.57493879330650566       0.46294457606704653       0.57332111755661430       0.53498763141101435       0.57104756450959049       0.53127792171879962       0.54891479108226615       0.59056898993861828     
  0.19607940545778732       0.68727804707394113        4.1532980297312380E-002  0.17554634859173956       0.19188860227188539       0.39130950988102337       0.17842202276084446       0.20386505931037988       0.67145368794907034       0.30131201444047728       0.38898328389962111       0.32238191533076699       0.18288876104452903     
  0.55500962326792080       0.49820565773667685       0.57322548238960724       0.47783064406797066       0.60401156649015553       0.51363994724193773       0.64630088393031704       0.55712281716150169       0.52343211564278846       0.49555435054084146       0.55883576490165776       0.49101556037971322       0.60787149984038014     
  0.20997838556212800       0.70351530606238710        4.6461781657632033E-002  0.18744745205838584       0.20539752013419818       0.41434286153815536       0.19895848185649326       0.22103201765150099       0.68112535192897827       0.30795166206006819       0.40961225641435817       0.33494295652468498       0.19614600018183687     
  0.47458438641397327       0.46689677500781324       0.62246069089222311       0.49306652821610963       0.49221790879763544       0.52565647672905824       0.52380270607754986       0.61939990847565396       0.57530000759859534       0.53001711671525553       0.57985624371826705       0.46707483825210450       0.52511577059705228     
  0.22627339798234242       0.71892577459018880        5.0639969906481876E-002  0.20043310033014583       0.21945259022026808       0.43773515961428044       0.21788799777886625       0.23711235285644119       0.69032113160366049       0.31464056066120438       0.43017294396715922       0.34953531374905478       0.20992378750219323     
  0.54886558490115767       0.56884756577431583       0.56957619850060448       0.58805453768068405       0.55214037794551307       0.47036856966419366       0.56190108685531437       0.56665622381956571       0.46898149301821468       0.56168452209657971       0.58835779504777319       0.52887742587975040       0.57741065468042108     
  0.24141388268942526       0.73413392021833379        5.5468661537069093E-002  0.21291393952979862       0.23813391654321658       0.46134227513784903       0.23398363847061929       0.25566002107939290       0.69982297723315445       0.32154098876546211       0.44879507759018383       0.36441383712216019       0.22390479988963777     
  0.44806047034381924       0.58814095208219486       0.53898627497305274       0.56339315726422012       0.59650121347837937       0.52974924776059162       0.57778913995037851       0.55917561006023841       0.56130555592775255       0.60717379209828881       0.59173150853097789       0.49819265260774270       0.52299062550293596     
  0.25702960388065887       0.74816023039618451        6.0309149748254513E-002  0.22508809784613493       0.25481356385174087       0.48379392687124512       0.24817003440368865       0.27048434799466031       0.70870706281172391       0.32833730363726604       0.46561179242776490       0.38101409511909123       0.23728438021075379     
  0.49119656769952363       0.57645890217997375       0.47814341898167051       0.49649690885557524       0.51511130072898426       0.48670294516359974       0.54173356361913139       0.57797922580345040       0.51552213891521725       0.53759963115147325       0.55683334564840736       0.48211686706551399       0.51090842579594342     
  0.27187555856689327       0.76105864652525845        6.5298439921844115E-002  0.23720247852607790       0.26716299104052904       0.50479868601956301       0.26176337708408398       0.28620288174763858       0.71713652411624362       0.33514541826144867       0.48150914915769366       0.39806227686697826       0.24992546279142433     
  0.52259176308410127       0.47076950084520008       0.47998808190151171       0.64975520355684124       0.48618308217074846       0.44563390950074594       0.53605966383222836       0.60651912413374820       0.43654144156937386       0.51584586932488086       0.50410478870126207       0.61957797962065708       0.48150088874898511     
  0.28557313282151298       0.77268140417346642        7.1155949506793187E-002  0.24945422271931356       0.27926272043078748       0.52516670541929444       0.27537189595522027       0.30110170287082033       0.72551494767362479       0.34235084309422126       0.49744259189857987       0.41383356077898170       0.26425775181315558     
  0.49915873566207453       0.48986312992127456       0.48659805257266997       0.57568361232258392       0.47013096463873283       0.53454809727122921       0.49291049607725262       0.53661294557299544       0.42968538220540142       0.58263665935977882       0.56877989536380180       0.44495957376389506       0.52068264789262986     
  0.29893221679549198       0.78384199965794321        7.7167800518587057E-002  0.26145939686237901       0.29091635346526606       0.54648246672623957       0.29148833584803091       0.31470156441423819       0.73352017964307403       0.34941380209732614       0.51331396279740227       0.42998156507557833       0.27893781433130671     
  0.48566609436646385       0.56713745443058472       0.56618736332829278       0.56107586557974976       0.52441654759934220       0.51560469131351239       0.57576559181183018       0.48898616422879843       0.47781684388875850       0.55562043145976525       0.51570552682849546       0.47819398788221562       0.52485234069470088     
  0.31150892112743672       0.79386373797266163        8.3487967590573697E-002  0.27375754995780338       0.30321055936180563       0.56750548288619873       0.30950299942773407       0.32757038751348405       0.74105763433125571       0.35645612455224274       0.52762664716349672       0.44682955803006746       0.29456620429622760     
  0.49565330552698367       0.48762373412969046       0.54545994778628659       0.49003139668933599       0.55469985322674209       0.58433271628110262       0.55433059425769238       0.50430790688518423       0.52987596068389609       0.62517292243488698       0.52794287676310381       0.48222253666758608       0.48054248324403603     
  0.32371136509956644       0.80284970038554504        8.9666675286628167E-002  0.28629971806245524       0.31866375653259599       0.58517621843412249       0.32681001720717989       0.34064311399770830       0.74839291696588550       0.36322704575219122       0.54165599163055489       0.46650222295012067       0.30921825508636158     
  0.49015781700750682       0.48232736495683437       0.62295420035714089       0.48019539629894170       0.58211600812292141       0.52025160319237773       0.58472525483688009       0.53851933080853409       0.53512114399647592       0.51075312638179915       0.54104417971421803       0.61068358428548697       0.58430581211216770     
  0.33783520156766689       0.81230875117476065        9.6921692925048208E-002  0.29925699064457462       0.33655927790005596       0.60046932746624249       0.34310971932144541       0.35494055335970764       0.75610867710811558       0.36962873779497535       0.55543099147714314       0.48367153854763095       0.32303111475511859     
  0.65661326626673266       0.51642312357701070       0.56055431287230661       0.59473700325822321       0.62282372153763399       0.49818109278430961       0.52126043587983384       0.56665837114259743       0.51270027017627740       0.49082723420837460       0.50790135407076864       0.56228431426974546       0.51676893320707518     
  0.35224993329638138       0.82180456219877451       0.10315366336810562       0.31252749835806554       0.35346599931851030       0.61429005947903359       0.36054437980560383       0.37014746400656023       0.76345806287709783       0.37584178681916736       0.56872925048889122       0.49799828847197425       0.33586526771806829     
  0.45828626885459078       0.57685181726532031       0.57644985280582228       0.45811258565216173       0.49617914460935508       0.46583078442065173       0.67362697878167022       0.53650253698065486       0.51316894202510888       0.59203180880898576       0.58774837488298548       0.52381704095830828       0.47505542207653756     
  0.36924061409650316       0.83055820320663420       0.10910450927940743       0.32626426269452263       0.36935622470024726       0.62830947081763833       0.37856491706632917       0.38495754249585645       0.77030771383950514       0.38215481033787169       0.58139614465747158       0.51197836241970807       0.34857183765136157     
  0.51424843784033136       0.48479499324909142       0.47266181352306363       0.62451799316296364       0.61934971450872023       0.48560758872667431       0.52095731050723870       0.47003129033126106       0.44014053496034727       0.65571297054534838       0.53083694107227475       0.54296071626379483       0.48965268151540781     
  0.38638008276479469       0.83912134346627498       0.11515701290099463       0.34024206579839367       0.38576309577749351       0.64337817630348404       0.39460654335614670       0.39939572423536890       0.77698178939545126       0.38881100629187237       0.59336125921577809       0.52627262206734082       0.36171065886464465     
  0.52242129671480375       0.53521201670935858       0.50127810312938570       0.58732401554485325       0.59119404257689556       0.56421636176412293       0.54310128211584030       0.57075575079516583       0.53463338455183407       0.47614546099383875       0.60673408530008233       0.53868314691940666       0.49478131504599382     
  0.40206039041578151       0.84657582993962888       0.12110454021032187       0.35432032308105088       0.40161260234167417       0.65856565648904863       0.40934287578023243       0.41433520290199610       0.78336386496988497       0.39581425753104726       0.60446464401149291       0.53921482090296846       0.37566954662999313     
  0.57751693096970003       0.57258436998070661       0.46418852569461300       0.63733078997766313       0.55737101959304758       0.61547763592174320       0.46033478116595405       0.50337758058222948       0.48294116768654693       0.50709916026686142       0.52206840042789426       0.61052839841305662       0.48529319032274282     
  0.41682748127675218       0.85411419674289490       0.12841396059264676       0.36827057730133012       0.41732832021928062       0.67304424833851517       0.42424079211308863       0.42967468648568191       0.78994648356921404       0.40296977008881785       0.61653365512293745       0.55145902326019303       0.39068048974960251     
  0.52825905583514798       0.58394244035826259       0.50665667830194605       0.55052108615942119       0.55571254159530614       0.57624066461228840       0.61445887622628959       0.53052210253727017       0.55268123501255328       0.61310415502781901       0.54279595427927740       0.59564433574099529       0.51335169556932181     
  0.42863827710955055       0.86118297931323451       0.13577676332136160       0.38238491323344198       0.43343259564722375       0.68717001556013924       0.43991949957731802       0.44502318746476255       0.79676380239073652       0.40991695434977565       0.62885322320877302       0.56297024687562225       0.40560464752671443     
  0.48349304124083742       0.49908908227154902       0.62888400487928908       0.63177955611846948       0.50093131931732571       0.49255077759282256       0.51163487613831082       0.50177739315976111       0.53697600125449063       0.49841052202279956       0.56092687418127751       0.51139825915860604       0.55074922164226281     
  0.44095122217650912       0.86825461623432543       0.14384528459324009       0.39672268722219162       0.45012408667419052       0.70216605268693455       0.45492649001094954       0.46056754847494630       0.80324496723299221       0.41544100567560827       0.64212563466198214       0.57393322441166406       0.42138769497429951     
  0.46590262398178756       0.55695680933167535       0.60562655789083186       0.50860568243837578       0.59466786518132986       0.56964585432385373       0.47960884422071948       0.58081127389944120       0.52429247032173165       0.52870239213752013       0.45343374161094174       0.42827176812915646       0.50741567228461171     
  0.45471673468364482       0.87444605156300925       0.15065681962025254       0.41009579009858149       0.46375325129150896       0.71707639713149329       0.46899036300957198       0.47550715371496327       0.80911732851122575       0.42106422773867280       0.65517412468183989       0.58429203492777826       0.43699505266094929     
  0.47829833815978001       0.52922009334143183       0.47093181285130303       0.58301059586581105       0.47471705032314943       0.55617694269271234       0.47336690706515272       0.58387239989179540       0.53376290912857238       0.45042083559584450       0.58092411869594096       0.48672049100468662       0.53744716772275503     
  0.46889613686425213       0.88048471925382887       0.15889827581403970       0.42246692329094587       0.47796845639518509       0.72903585296319651       0.48360034089085102       0.49127227472908613       0.81469128340790364       0.42661113477431717       0.66744406357015029       0.59496035642367384       0.45147354206456553     
  0.49850022611585260       0.53072386790914139       0.48148857713699839       0.70366903777410106       0.57755346692335008       0.61816665764582124       0.54959579098454470       0.49087343103759518       0.45036494018103129       0.57928170261013234       0.53760491748493000       0.55690264285214131       0.65878186472587108     
  0.48560577501932306       0.88619751297694815       0.16701555653152994       0.43466352844402623       0.49229211589598870       0.74080458617291256       0.49864302560665130       0.50614606179671839       0.81957883845056667       0.43206657112481617       0.67962480902538769       0.60669423806199241       0.46674188971330066     
  0.52855970683924747       0.58393644866455052       0.58747550119708247       0.48407226740229686       0.54757542122866953       0.48266360849424106       0.47970903999702968       0.58408539369559276       0.54334458315644785       0.49253439074731503       0.52486017804287555       0.55794646060022823       0.56183559763661695     
  0.50251670228703560       0.89199996464412479       0.17619561537713807       0.44684232633660703       0.50767014501460661       0.75261879642127461       0.51366993925349724       0.52069914518680016       0.82439641767435334       0.43843610492106211       0.69085884638368955       0.61938363835177024       0.48287996842544861     
  0.60494525361840013       0.45230170424572175       0.55714923725337195       0.48347461607181158       0.56526214681600662       0.56642270787549576       0.54127902338402056       0.46564186980493144       0.50192157036439278       0.49631872415427530       0.54286727604976925       0.54086188611764574       0.51001096987594763     
  0.51813529729607777       0.89745299063870709       0.18560033109673640       0.45984697246688599       0.52426252299248488       0.76509739273190192       0.52981553278286686       0.53340383433143268       0.82889599969036232       0.44419340727624557       0.70153414052164353       0.63283367126994072       0.49971998543525897     
  0.53366250120687719       0.48271012791895335       0.53794600330261877       0.47940697202961952       0.55525020790294699       0.56542635296056920       0.55930950482634434       0.48170126599308088       0.49193253529211817       0.49599833108951530       0.54659603724359540       0.53411815881123481       0.53075084182729648     
  0.53460960633018073       0.90279238177622878       0.19490765560393938       0.47280607855363316       0.54222661247570081       0.77835540924135471       0.54525224036492481       0.54649136797519027       0.83398597549332310       0.45035565556014173       0.71128091931010895       0.64636961187637620       0.51684919911126470     
  0.51946218843532066       0.48802412439578696       0.51102743799060102       0.54816539030057332       0.54711691189686573       0.57605065268292410       0.54389350851369445       0.54997531402779642       0.57297210867358506       0.52356799072092608       0.51006583563292707       0.67788382122200019       0.47898497511000465     
  0.55139771109917268       0.90817439033311687       0.20571423564894864       0.48500091566644327       0.56060983535693787       0.79199430785917013       0.56014691152462881       0.55856686357254881       0.83961568482673032       0.45711931788233356       0.72068719809282877       0.65932905130740460       0.53237811180976990     
  0.52502906168633190       0.60084916538660271       0.57248395178749212       0.45230170424572175       0.71003041281740620       0.58609986443003281       0.63026808380860599       0.45230170424572175       0.63118311285219175       0.49254393197969465       0.53653109216202166       0.52071461505365679       0.54672716270780797     
  0.56844311229096245       0.91343956766751078       0.21688049852731514       0.49693657741314018       0.57852602806683828       0.80333614751171623       0.57578172936247651       0.57153786314585375       0.84528678522592160       0.46369450031666687       0.72925901799121495       0.67219497035840436       0.54714395226128132     
  0.53748621219454251       0.53958675519991539       0.54358580112331301       0.47554132623523643       0.53136522616721960       0.59373226249203004       0.47279774143553788       0.50444143593983504       0.51263130818529501       0.54544231755443884       0.54356870516612388       0.58108080404770535       0.60905174944927165     
  0.58599134115993112       0.91916273499773504       0.22929496498777202       0.50943802487648826       0.59538949104216987       0.81357836783425863       0.59148314536955693       0.58602346010947981       0.85083278583634336       0.47140622154387485       0.73787617275868744       0.68549247529812218       0.56105041059867689     
  0.46131080076552006       0.56900538888710883       0.57949983106436342       0.52844005763964241       0.63173592180651317       0.46460622381603289       0.54042890763709939       0.61073261068075602       0.53203177651898381       0.60323264645373609       0.56460686815921168       0.49191407497245238       0.45065065223227785     
  0.60336695557328357       0.92462357788376459       0.24097884529911173       0.52377375092034217       0.61161443502951163       0.82281611762639717       0.60621355420091194       0.60149347208638881       0.85596507138037403       0.47906434254513014       0.74636186132385296       0.69883563952023930       0.57385217002258671     
  0.52826336068896507       0.50941189519493491       0.52596970210758298       0.60641615126975235       0.53177541627142011       0.48955647674161440       0.50879466910014859       0.49535330038024877       0.43952533559774631       0.49135723774204798       0.52120517536464372       0.53742103143701780       0.45562364370551189     
  0.61990640450348955       0.92856025537510334       0.25235967224366102       0.53886464853932303       0.62743723082193614       0.83158031185558490       0.62244293880910528       0.61592130672809775       0.86101661382613814       0.48669371171174186       0.75596962266871259       0.71190202368473621       0.58639293029200246     
  0.65952620907125070       0.46254570125422756       0.50679999002452403       0.55449387425032082       0.53301634993994829       0.55855290932384172       0.52796867642972245       0.49086478333127687       0.50196180188861472       0.56713504861483088       0.52724997923977313       0.52288087334802313       0.44929964532951716     
  0.63630972393989493       0.93198140361994908       0.26361883185742352       0.55541718333406809       0.64294281659928842       0.84049339125019329       0.63558588686865924       0.63018190826592591       0.86607112655931529       0.49473566626761151       0.76543325555581687       0.72464244335363004       0.59887157026497650     
  0.60859477894525227       0.48658922571663205       0.50336691066981953       0.56324572220878300       0.53412018569259334       0.50236287190798068       0.50404144741614931       0.48580434494026364       0.48887842424092981       0.53818385926119028       0.50144195859202434       0.48646103578484062       0.47826681524338249     
  0.65340743927453704       0.93508950058568086       0.27543016163622835       0.57207869574824610       0.65977546518012942       0.84939899315401635       0.64911744326913567       0.64403318123814046       0.87101144034247280       0.50210392273722060       0.77556187446699465       0.73728761892839634       0.61220166950562682     
  0.53124373934252267       0.47492637423240774       0.48235615497515832       0.55295545454583295       0.47974926879902996       0.47986896174549393       0.48341253417990621       0.46601061200724253       0.57415041187586868       0.60380374455584895       0.54526404032796683       0.45486189746542555       0.51743843482772867     
  0.67111623981942781       0.93818856757477620       0.28747327372402437       0.59036106099927033       0.67638383773936439       0.85844358697597978       0.66421548594494029       0.65798038450817697       0.87563863520330831       0.50945232257217199       0.78572356126650222       0.74986419247779579       0.62896836289078784     
  0.59672253100367190       0.49488511416656922       0.58439651234767653       0.58582763087664180       0.54110275588430834       0.49497431980068518       0.56289524544890279       0.53484948655567055       0.47364075858251614       0.45995385913837961       0.58406200564572097       0.51588762796419496       0.53190821900012841     
  0.68960572568807355       0.94171766916098032       0.30185451297626764       0.60853763745547518       0.69324715056059705       0.86741742362244401       0.67995819692839610       0.67233810597033261       0.88008510952613372       0.51721937599190082       0.79660769427216893       0.76285346104642648       0.64571900564444484     
  0.55866726165913227       0.55252925808184372       0.68445400945888812       0.54986492285043476       0.51412442478509257       0.55124860677318777       0.55961851155030395       0.44420716836420077       0.44992310909279670       0.61673593218568057       0.58207611699588846       0.54090056864330627       0.48172877224398419     
  0.70934056818604352       0.94520671043780669       0.31520687562020711       0.62606139344870326       0.71023883019632139       0.87594535704035903       0.69409761195848585       0.68769134096182394       0.88465022421197603       0.52518611412118854       0.80741284569572480       0.77558645107041468       0.66460996037360565     
  0.67566554872507256       0.54580507997083927       0.45225895607297678       0.50943109166190148       0.55019822699106036       0.52330998703694709       0.44729670714907999       0.45993396770410722       0.48657972877536371       0.64419117217906230       0.59378750757162579       0.50376186934008005       0.57436171041026340     
  0.72797991415362406       0.94896206521296411       0.32803404500316008       0.64085141716040117       0.72657424200144027       0.88442307985617030       0.70929882459105364       0.70462418300173646       0.88945234859468636       0.53310630673047743       0.81772942811345506       0.78729544484280323       0.68446344411784277     
  0.61634226473323839       0.47203097583249615       0.46258314888927227       0.60691296504004977       0.56562254569993686       0.50476722332063595       0.62947247647592197       0.61801329840156971       0.57690729350987946       0.61322626031010430       0.51394329828646312       0.49787567738094718       0.62665148823740624     
  0.74478590569378988       0.95259333424355630       0.34112862978046671       0.65440199665086407       0.74208729301581322       0.89347314773854447       0.72643754432641094       0.72294098174602361       0.89441128309600815       0.54123582360360212       0.82790624632966070       0.79896347788964273       0.70463648449531335     
  0.56138541149344212       0.48273574742261938       0.65461929335145397       0.47039881296765351       0.51037437032580057       0.55142825180891974       0.58520481027540094       0.54533253500580081       0.57080905441937002       0.60410732800905886       0.52715946066665154       0.64222460462517461       0.58255416818759154     
  0.76196403291795622       0.95610184480239735       0.35657648683415782       0.66867984290243099       0.75667506976699206       0.90268517864209508       0.74267631884745045       0.74078794213929322       0.89940544462540828       0.54899108209801983       0.83829740049054990       0.81099091443768445       0.72339425420026149     
  0.60529612472461936       0.56676224870160119       0.56948435894068328       0.52133856829629110       0.46996318836107015       0.63188679179896778       0.66067162740130692       0.48668837295622219       0.52893130941324273       0.52050013704685516       0.70238257915378832       0.57049129087392370       0.58528918798830532     
  0.77571304986709977       0.95960302903432448       0.37192717255824076       0.68562015610834059       0.77218761734670516       0.91093939481574748       0.75784055488712543       0.75791650792332377       0.90434826004959812       0.55669765520275261       0.84922828159294816       0.82296374026567021       0.74022837721129808     
  0.57282991622231993       0.55728472366802784       0.54734892860744433       0.47786512333004244       0.45730450520683952       0.62698104387898856       0.45512576874875360       0.56567371065629257       0.57124636445278165       0.60713867875778893       0.61674505078098929       0.53027324507843387       0.55852101562788148     
  0.78989593155659965       0.96286660041227978       0.38840557164956574       0.70311964913952274       0.78927392708865685       0.91828040997201577       0.77293700470726101       0.77424050630786123       0.90943053375431304       0.56475018052313830       0.85889062321670606       0.83544251013526694       0.75636348975638812     
  0.46640668646567962       0.61030219048249024       0.56891589420794331       0.59777300560059310       0.53734917851462449       0.54693633465924274       0.57067854561405373       0.53048512181942586       0.59070383445794428       0.46462386748978224       0.66065032956186320       0.56244776152030451       0.59848006624630967     
  0.80353141652105731       0.96592088520716368       0.40516560818382752       0.72084364780388077       0.80500786796778423       0.92557128758950147       0.78887304047975926       0.78978142294572740       0.91466692517162540       0.57319338215149107       0.86791635817610902       0.84812488404562925       0.77229073070742138     
  0.67325813373510002       0.52049354714675167       0.44927409820840486       0.52108762674891984       0.57139171600056449       0.57328715863430368       0.49215284405687265       0.56989374689448580       0.59485200669472305       0.55854845168540668       0.54791401181970134       0.53693753174019132       0.61205360806679010     
  0.81666020100002001       0.96881644134260958       0.42282217648752896       0.73930461028206840       0.82092661263659095       0.93169357837589684       0.80570738217695370       0.80517861437868077       0.91976460617141276       0.58188104102147520       0.87712720655326071       0.86000496305756413       0.78878226243828231     
  0.50494355427448534       0.57607095015358667       0.50357755311443742       0.48211686706551399       0.50094774878257498       0.49751386590566121       0.59923443463722970       0.54371162427861663       0.59738642872597769       0.48022322552056623       0.58701931899165427       0.57272885540206586       0.60421446529109279     
  0.82943787780457179       0.97167804107310041       0.44129042032097388       0.75548354560894948       0.83613756257216632       0.93846385498530238       0.82314460439321535       0.82033023778156189       0.92505339373312134       0.59077509137668938       0.88608527896155942       0.87262317182389670       0.80531376241228392     
  0.48031648854149761       0.58065518743270961       0.45750351192948030       0.53223398647058195       0.56213265497644394       0.58528683141805149       0.54324932015663308       0.48162009400100486       0.68974000764493826       0.47001056185136075       0.46829949075822958       0.53711847369785259       0.62412496166044928     
  0.84307907879413757       0.97461055552467379       0.46143306474923523       0.77154215884874200       0.85153464663438461       0.94507557196264880       0.84019036537842284       0.83650144859644504       0.93055719067627340       0.60018706282091405       0.89555877960674568       0.88511797136617065       0.82205719788174381     
  0.55392671496773305       0.60408995317779435       0.53338006419816419       0.47189261485584655       0.48821907667911196       0.51109956491903852       0.58636806920437434       0.53844698591886642       0.61186707326997236       0.53055548879452696       0.49913675230600896       0.53427158855392709       0.52001020915440843     
  0.85766437726262401       0.97725653313245442       0.48262355416915353       0.78861026849235416       0.86573452746760537       0.95145791798905555       0.85740914345441177       0.85239379310859431       0.93603529748327519       0.60977120396968765       0.90540706619684641       0.89572896939409241       0.83981343691677623     
  0.62751834524171202       0.67233885737654908       0.48104080025393431       0.49533212609005844       0.53509165936841530       0.52101652105250340       0.44852437422845959       0.55336431243032824       0.57613431545190152       0.54291732784944402       0.52386463057029586       0.58489074353290627       0.57665728498335567     
  0.87299789088593538       0.97951025786859036       0.50548456604360259       0.80875401984642059       0.87993537756277973       0.95786327022271034       0.87444191814008065       0.86956541125028031       0.94101826283425627       0.61988225369052341       0.91510192889246966       0.90582249008152416       0.85789180891759920     
  0.50976636273151410       0.50973485176672495       0.51268039906245766       0.52123460664048793       0.51392635339120918       0.55440921090465456       0.54517167774911957       0.61216179434547258       0.53204633311362681       0.49760927101698765       0.54326781221513831       0.52497589642944564       0.60468324619188074     
  0.88847902975093807       0.98168261977026905       0.53051821239732133       0.82971278536823634       0.89477270249823626       0.96336245023488998       0.88927211867255884       0.88580709916594091       0.94622805640896790       0.63143461374412657       0.92450172263213781       0.91581280520879915       0.87614925476595495     
  0.54956250357575465       0.55854333188840277       0.47802321850679247       0.54017131571143351       0.44387846940507231       0.47590254516041808       0.60104239536363602       0.60043577632872491       0.53149742591888272       0.50721315871603234       0.49439054361427759       0.50879930019100628       0.67491492040060574     
  0.90519709127591963       0.98430836910717923       0.55806952149552946       0.85429832937887729       0.91127181152129677       0.96871032285240721       0.90409486761531399       0.90138713694142503       0.95234445684170654       0.64515472485499159       0.93435620485528870       0.92553193345620033       0.89421082128767648     
  0.57347542147030706       0.53791197897903953       0.48727517849079444       0.50262642158112159       0.49784515175108007       0.55945490567227563       0.49810210119353920       0.55468553717041735       0.56123765475559784       0.49745286925997101       0.51870364212658382       0.49823274267245654       0.56859341735499369     
  0.92232376794915127       0.98686926727234725       0.58730107179208491       0.87873564542982729       0.92832890072610197       0.97394838334823886       0.91872738451793834       0.91607260990588024       0.95813186865539202       0.66171170500127330       0.94407047884030681       0.93730568545625415       0.91155866330571578     
  0.51856081971451828       0.54839880822107767       0.52192543818643133       0.48149377951496791       0.48316153441225979       0.62217886607996875       0.64389106924378237       0.55363329221929125       0.65362797320232202       0.55153943432222741       0.56270298359476090       0.78416397499735013       0.55242184713365405     
  0.93924180169959259       0.98941983327794891       0.62696265276947616       0.90431442778011362       0.94445449559125916       0.97913927204755991       0.93447882787071901       0.93070183706665699       0.96498583289651563       0.67876141233201936       0.95481829617077685       0.94887046557432031       0.92872522117589040     
  0.57926239857588568       0.66888703548685902       0.54796008126990359       0.61279473510900362       0.57223778553786264       0.56713917388576407       0.55607630886430470       0.50831376264522743       0.60213026626345201       0.48444908385897767       0.59497936768320292       0.62129889391461068       0.52757506777696417     
  0.95616085354167635       0.99218220053807893       0.67394840154860414       0.92812261911634064       0.95866436403615141       0.98476607996768084       0.95169360665337099       0.94754477446852625       0.97098278887865797       0.69748031104736008       0.96587161882880235       0.96170900789805647       0.94615077198476838     
  0.60669440325840085       0.87797814006844976       0.45431480720191297       0.48656276432611095       0.49845025648300262       0.58348488431189893       0.57107488076426960       0.62307688458297461       0.56598791007532367       0.45637575531524222       0.52268872833617275       0.70967592159944104       0.52169490076344427     
  0.97217340317434153       0.99501297269212319       0.73808162276329692       0.95245648205585987       0.97259272663918706       0.99044315474920674       0.96762546064096433       0.96585025686359838       0.97908434657017329       0.72508497129089511       0.97677110682325619       0.97534669694123277       0.96318330433676080     
  0.52621091579770207       0.75445627675423166       0.57791152933880241       0.50630100576150028       0.57784852386637731       0.55165223250554907       0.51494746301190719       0.56397607887424073       0.54385343142730125       0.59480915009958968       0.52248555872691183       0.53830034911058733       0.59981214680297623     
  0.98623228078361869       0.99742931570640092       0.83605039489581601       0.97659180729044492       0.98596139889772805       0.99533935122698336       0.98366525803307914       0.98305747811918220       0.98934151672553572       0.77820621340484930       0.98855087091454275       0.98777474125306186       0.98149242384040281     
  0.45833454684158148       0.57362811966091709       0.45477252398373175       0.54682786246803750       0.53794188130127452       0.76020192567172740       0.57914534242806048       0.56144424858581876       0.67512131505793416       0.55678307264151672       0.47446272433866621       0.52496379339853738       0.55663004345760136     
   1.0000000000000000        1.0000000000000000        1.0000000000000000        1.0000000000000000        1.0000000000000000        1.0000000000000000        1.0000000000000000        1.0000000000000000        1.0000000000000000        1.0000000000000000        1.0000000000000000        1.0000000000000000        1.0000000000000000     
  0.61074871627232918       0.63702598854331138       0.43700874881634255       0.58818111899142755       0.51513467024677051       0.60056368459717901       0.51166864602249140       0.56456498031039060       0.49735173271218369       0.46742924786650897       0.48355621807571880       0.49136591358618448       0.51576642700091502     
   8.4522947149423100        11.998277192027844        13.322994469393384        7.9932120931908583        9.3783401357481964        10.212600178367692        14.027822774980200        11.342071195646094        0.0000000000000000        11.023880079042275        12.448123095674569        8.7162979736541626        10.436184032819611     
   8.3922207284084962        12.970771956335618        9.1696400221021737        11.689287698376905        9.5044323252354985        8.7571692826348926        8.1551218016541078        10.954361492315138        0.0000000000000000        7.9403347054650757        13.666108680172686        8.4056983707920931        12.903175041265431     
   7.1497422008922795        10.793050479790434        7.3330245385976029        6.2544837233935713        12.323424700143809        6.9900656888384205        8.1563829612631942        7.4889793041921706        9.9769343071541705        10.139847506370160        11.899273959065193        10.357198934461437        8.5383486103891215     
   9.6241303432851897        11.167128754081686        11.319527334234101        11.455526752329396        8.8581156598165425        9.4547234225935313        10.170067523594676        14.385522753872957        10.211028507150758        11.711302467108720        9.8672783789480594        8.9748255978075910        12.245175986435179     
   10.708191969285558        14.780472911335661        12.354132693536709        12.761698148325411        8.4778900731180169        6.8295107980365763        6.3451559896437599        6.9194909692526378        11.696203641870220        9.9621409025067287        8.5039520362173011        12.990851185713243        8.5578802730918540     
   7.3708812455207848        10.116349846433053        7.6867599947536718        13.906432806497310        13.856964722073364        7.5089011953002087        12.628929501129043        11.967571862626892        9.7760144184290638        12.809194038044346        8.4343215524279920        9.1461131199613046        8.6399583554127801     
   16.107805810745852        8.7659035145700663        6.9352060455063409        8.3497726803336860        9.1756331410972045        5.8894022352865827        9.3119464511414662        9.5573107899481933        9.2722475825391264        9.2463071719674392        9.0075300407626013        9.3160418250127428        9.0090661046860756     
   10.159359250115820        9.1592330934068009        10.574976621365774        7.5503490754366762        11.233186141177452        14.398786959033277        9.3739826018585823        8.1258398787701989        9.3539023840481779        7.7530783429425751        10.142418596344321        11.595624212589952        8.0443384537448548     
   6.9596430516656635E-006
           1           1           1           1           1           1           1           1           1           1           1           1           1
   7.9636936471692203E-006   7.3023835567371209E-006   1.1407185010194646E-008   8.5042866336305494        1.1403088294176950E-007   1.4112384794623008E-010
   1.7022434205854991E-007   1.6984780605210950E-007   1.6384935174491014E-008  0.37905702175507427        1.6380179416855101E-008   1.6952242445398146E-011
   5.0000000000000001E-003   10.968654605186460     
