   0.0000000000000000        0.0000000000000000        0.0000000000000000        0.0000000000000000        0.0000000000000000        0.0000000000000000        0.0000000000000000        0.0000000000000000        0.0000000000000000        0.0000000000000000        0.0000000000000000        0.0000000000000000        0.0000000000000000     
   6.8123742999818063E-002   7.5851349903465121E-002   4.9024128197380388E-003   1.2681140523272386E-002   1.4164283148856803E-002   1.5202867792588502E-002   1.3561698055189697E-002   1.7439165289463165E-002  0.31312643325775136       0.12271633522732632       0.10173161322986025        5.9864324829547538E-002   1.6003055484172347E-002
   1.1694636701488830        1.2078456307964409        1.4219451077165071       0.87172033266253557       0.89123809894508255       0.99295833658105637       0.82718606178248033       0.91848572000896844       0.78517217583985888       0.75969004232535708       0.85250629675858403        1.0733519965372631        1.1359497148566886     
  0.11773893616101541       0.12737964203481733        9.5374284877278379E-003   2.5543205395612768E-002   2.8592066372302608E-002   3.0863585823714599E-002   2.7655869532485076E-002   3.5424389854977825E-002  0.41912984366155548       0.17527203184767567       0.16683367559378517       0.10648776251269688        3.2443224305319068E-002
  0.98270884583410711       0.94242673271676258        1.1246377981500755       0.90739188769358181       0.81480376037311975        1.0357443647382569       0.90517605101109488        1.0142949735421394       0.89445270428841450        1.1647486113416263       0.97450445491641269       0.78022914675115762       0.89973682212411787     
  0.15835551438559348       0.17373514020834108        1.4059224716991959E-002   3.7877807041341291E-002   4.3810702102988416E-002   4.5716330882474419E-002   4.3405823858981667E-002   5.4455527624273740E-002  0.46531230826683090       0.19719723627722124       0.20786878512574880       0.14104769163199871        4.9810538518597396E-002
  0.92980300574489561       0.97058805191044006        1.0862278210117544       0.78948059145999749       0.92467098077611709       0.97790385751393349       0.95064975785305628       0.98677516707230672        1.2360646226686678        1.1159380736478737        1.2296165063019515       0.90640379458438214       0.83361702698617679     
  0.19053647818845329       0.21845866057097646        1.8999939668121239E-002   5.0337418290726743E-002   5.9176223550007914E-002   6.0989701657320872E-002   5.9725289760725428E-002   7.4078916550481377E-002  0.50072705233235526       0.21191167844088851       0.23797905849840431       0.17463664345309154        6.8706339797598145E-002
   1.1960530467996788       0.96576342330101450       0.95957792984013979        1.0948629834889680        1.0684408960107792       0.83404176367120308       0.89342019798425898        1.0052112078201116        1.2571743011700265       0.93024935640778506       0.95581024748025734       0.91213395987416335        1.1155973650361903     
  0.22393343782392641       0.26361822852783523        2.4858056465006391E-002   6.1604350572342648E-002   7.4768176933461730E-002   7.5790815810491574E-002   7.5121982365602386E-002   9.0925935277835712E-002  0.52932267068688010       0.22291467587811314       0.26275823334982573       0.20316699787745515        8.4641336362680508E-002
   1.0929598993717868        1.2474754197581057        1.1461156808705188       0.82396811926801405        1.0380600606848158       0.78500152747080576        1.0419992721972837        1.1119224024549350       0.94695640858945762       0.92416579163973989        1.0277568330992515        1.0998744856975435       0.93449063212576700     
  0.25581589143852923       0.30662916512788890        3.2036217677665922E-002   7.2630805577354365E-002   9.0322930120222161E-002   9.1181654855410812E-002   9.0852375094966686E-002  0.10807575453986720       0.55284068483987370       0.23268405510005125       0.28705146335636228       0.23233929782349930       0.10041319273475384     
   1.3780830085808844        1.2572479651179207       0.93237452836337154       0.85970219374032475       0.97162888675012371        1.1198426721835533       0.90239262894937955        1.2400728782595825       0.82637049024586451       0.85409439685442845        1.0043305602097883        1.0398727581858707        1.0492212099671765     
  0.27848623440685116       0.34368347642015690        4.0560515486959804E-002   8.4775432538145096E-002  0.10592162801690883       0.10840734645114494       0.10613884727777197       0.12354118242102932       0.57275263377052110       0.24201022611916118       0.30982162203133351       0.25614124624903067       0.11820275262864745     
  0.78105549285431253        1.7880033393378363        1.1003462977447633       0.95567542763507618       0.96722157317297952       0.90434828743546880       0.83654372054914083       0.99608169704720406       0.96316356734264397        1.0703419179999436       0.90600971012565212       0.98626005043916554        1.1811558217237472     
  0.29647691418397404       0.38490195899496765        4.9046728157101357E-002   9.6878414844338068E-002  0.12181956098763021       0.12442403210905260       0.12218567914824498       0.13812856570762067       0.58989134363254214       0.25064307806987857       0.32854565485596349       0.27959104117175176       0.13512981257435872     
  0.97640121671076352        1.4355811503682825       0.91548319864690397       0.92476164453504961        1.1660143967067509       0.73389667643360446       0.97111490538483880       0.83045335008039933       0.94101807206552612        1.1713787314935644       0.79512450539097090        1.1329671920585236        1.0654654848175880     
  0.30886083471349557       0.44617130667074018        5.7172491030752531E-002  0.10881859397705496       0.13766494862216511       0.14005177179977202       0.13865150221248601       0.15480964873787886       0.60581043687218017       0.25788181258588727       0.34539751941979491       0.29839657464911479       0.15192693950193922     
   1.0605868653435691       0.91642875839477378       0.91333930349148840       0.82532925423786374       0.82770064334192173       0.92768773849281250       0.84298265857350629       0.88905587562752320       0.81616542411080362       0.83164970931525273       0.78079904512299336       0.96536448344013703       0.88760312131142227     
  0.32009905226437108       0.50236079379971843        6.5082418617343721E-002  0.12087232986567133       0.15278547839117101       0.15449820196782674       0.15543620217388371       0.16968550056140072       0.62084862840741939       0.26428920994242355       0.36282555779651821       0.31718080875220056       0.16962177892654776     
  0.86167932688829507        1.0477461714550393       0.89907467141205388       0.93622495724564558       0.96084804257144718       0.74442166318892300       0.84816341543352269        1.0012690056014641       0.79487729560038300        1.0063429552919767       0.89884876177157835        1.0769204937259917        1.2423331556958721     
  0.33083956822902189       0.55757532176291191        7.3684851382101332E-002  0.13369151869316573       0.16619813586283957       0.16946118667618049       0.16794425424855247       0.18526885923346176       0.63503591600618892       0.27026688885330841       0.38028482495347266       0.33540728274498738       0.18372809367101378     
   1.0043356643964687       0.72305211839098882       0.95120607880978458        1.1383816023802489       0.87711486749482215       0.96191926097567670        1.0490021552762494       0.94857975314585075        1.0002732335156537       0.70052606488463587        1.0426593734855163        1.0384463793193885       0.96912028360754698     
  0.34168347151576334       0.59825647326593134        8.2277658729981148E-002  0.14672616966302138       0.18097913263412729       0.18482751940172157       0.18103241732367664       0.20034931933989350       0.64857732926745615       0.27626402368011049       0.40001911215958003       0.35407791206099543       0.19941555559230806     
  0.94922114719791839       0.72546749306115088       0.92826942133428758       0.95527467767731788       0.80691220863092172       0.77335639950243895       0.88532918887731749       0.82018539284985859        1.1400194507321006       0.95243567302331189        1.0366684669141804       0.88354850262626761        1.0119775524633106     
  0.35345240760298063       0.63728318920648952        9.0976240224257710E-002  0.15923816769599991       0.19732384350652526       0.20200344303916534       0.19391124539240620       0.21383930916129415       0.66186211903164716       0.28304253605519841       0.41986959002885327       0.37270288920612554       0.21257028627121421     
  0.78147380724135918       0.71115584072922045        1.1201155310393787       0.93082814110901213       0.85418667656992120        1.0892801504236003       0.95366791401222095       0.84533707276359826       0.94913329901581134       0.92080679155138112       0.94192842517586794       0.87271954333061386       0.94233937688859304     
  0.36581241820537730       0.65999818201830462        9.9824901386660725E-002  0.17181967975731943       0.21271033385862989       0.21961274278379506       0.20646551481775971       0.22683904973952196       0.67425040310778861       0.29015933385263165       0.43866607366081073       0.39059569170232084       0.22735155968954718     
  0.91803437824040635       0.75005545551442843       0.98569573583248216       0.89294870137224014       0.95992769545855139       0.87527398472740181       0.85617248037610760       0.88900090352348071        1.1679456312867367       0.94068338068511181       0.86139204865934893        1.0380928544329993        1.0481993649738632     
  0.37802976597538929       0.67858761797618994       0.10947453406738755       0.18541573600682859       0.22739799428508223       0.23761470713603930       0.22067930708705930       0.23937145316370750       0.68525334253974890       0.29642064829551179       0.45754342771831358       0.40797207846117239       0.24418721817888769     
   1.1619987469363253        1.0375825352613908       0.88963388242536012        1.1774774176182550       0.86561736093416897       0.95249047494117922       0.72096717873519389       0.83882496697571363       0.97696716881380674       0.87644664124232918       0.94000690354469274       0.85185767178772798       0.80320239539137372     
  0.39033419599360769       0.69124292353270245       0.12199702846149901       0.19949950613963896       0.24205831005110739       0.25496974952283519       0.23783204014368878       0.25164159142820419       0.69544168622798275       0.30228300245328221       0.47616174738045308       0.42537047835339065       0.26194082934240120     
  0.98401297134141530       0.89627282196948388        1.0226107851153237        1.2381319781577602        1.0179876575053954       0.93605725383436844        1.0047449370441217       0.80239915920933080       0.91947355003015119       0.92424284260025713       0.97686556047471951       0.88790516435885003        1.0256096621103443     
  0.40239694587066294       0.70398464261698346       0.13417936650866291       0.21227383628120350       0.25710989499182846       0.27179892585486898       0.25426280346761987       0.26484751272791607       0.70533363033247853       0.30855887315124392       0.49386571022403364       0.44285928311780420       0.28045470468300093     
  0.90974325180548299       0.98099936059374115       0.90931095921601668       0.98644010161230367       0.81125283957112460       0.97429128953316690        1.0927165151441853        1.0187182907235570       0.92484740755671602        1.0818806763228979        1.1227864619917707       0.87462700167300389       0.84270998738670955     
  0.41474006280762704       0.71657255714367751       0.14719050711726503       0.22502311277432996       0.27271384086930606       0.28986662697700583       0.27126626732423165       0.27875605036084211       0.71426283506575361       0.31467329511661113       0.50658132237247999       0.46080168190755799       0.29724671128817265     
   1.0889310173521005       0.90261137876091690        1.0405871178544903        1.0547835150119986        1.0545385673511136        1.0635703416757840       0.90621027623313410       0.86653479814161849       0.82902586030495495       0.91934814023973377       0.91538226195053551        1.0355143176096200       0.84558447113794710     
  0.42771755936029049       0.72853073180067673       0.16009695934945301       0.23746735739261934       0.28798446889003265       0.30806555810996816       0.28851124718259225       0.29510040028487000       0.72317736335310479       0.32126603015195049       0.51945631732690423       0.47678677570674166       0.31214941784493433     
  0.97299891468863942       0.84313309234404843       0.98942493993852032       0.83316888486276564       0.82708347893255585       0.90917171412102082        1.0834034253619502       0.91734009248374060       0.86398631461021103        1.0005549306194272       0.97232129115768562       0.83533024723236138        1.0350593358283802     
  0.44076641381039805       0.73852518003601064       0.17402705192344520       0.25077813441373242       0.30471446474134561       0.32419114241122338       0.30469055625797864       0.31135726210775932       0.73074215597086956       0.32771579318484584       0.53218619767566855       0.49043725450532305       0.32636044496405719     
  0.96471321753728834        1.0623500740620080       0.97266456115958733       0.85669385223605699       0.80208793137112433       0.74555379407510913       0.87296563684161244       0.97451338483199057       0.96383582843568827       0.88179317416098690        1.0012059222109910        1.1088520296054933       0.88037648256358547     
  0.45285558417557148       0.74796042118414940       0.18764617650501889       0.26331056904409045       0.32156349590502464       0.34010596227624429       0.32062413225886277       0.32634279636425584       0.73890100359738675       0.33431554913456091       0.54481953539756667       0.50457558450263518       0.34021148770272502     
  0.88568482113931846       0.82649109231687790       0.95812608375118968       0.94311495037613957        1.0451768872046721       0.82077491509736311       0.78995789471648870       0.87477935321606948        1.0649725021993690       0.83171034627229290       0.91018467657712987        1.0049015773090526        1.0433840086083439     
  0.46503758105013321       0.75738532561618888       0.20093701517162488       0.27525726113115334       0.33822744410520938       0.35527094297008766       0.33636824734435006       0.33996601985423219       0.74672386369424948       0.34083401062475632       0.55821361558364979       0.51871804762551410       0.35387108250127575     
  0.81915351631019595       0.71440546811680161       0.92541243439441101       0.92835530244242614        1.1155929796861197       0.74368024892255891       0.81815278325223573        1.0021369883492892       0.90683993237520810        1.0890035793166848       0.97450313138904798       0.82809660728929058       0.81246380666865514     
  0.47851583963126987       0.76744617488807776       0.21379373204276422       0.28704555092280604       0.35531928050970901       0.37103072852138513       0.35228398898233071       0.35325560427070768       0.75500605122567499       0.34724867097918855       0.57131209070032762       0.53244519604422236       0.36737101109508363     
  0.92137057163842606        1.1055921702209917        1.0663890951420265       0.96092588638286669       0.98266994032795107       0.86037103976828067       0.97911818665015815       0.80899199661790289       0.97225826169435170       0.95457061874007376       0.95363434844769546       0.86095731342305415       0.84195883701461827     
  0.49177688506061951       0.77767886699677025       0.22785553163027428       0.30002045689392409       0.37249950698015855       0.38730147365529621       0.36906461982502309       0.36745296188756960       0.76378326077034198       0.35378111397862511       0.58464254351278222       0.54569719641072434       0.38233648442687590     
   1.0138737156633824       0.76826763011522814       0.81469211005671049       0.98732251641385704        1.0225391251807745       0.91358352291127065       0.90720200126671113        1.0678112558250259       0.70560983648424602       0.81066556190660355        1.0315621477803805       0.94887220202197475       0.85520974993083032     
  0.50494365260314522       0.78715902488204625       0.24169459139289237       0.31371581880475952       0.38807911625609803       0.40394272184313090       0.38603004549570602       0.38295873715395884       0.77160245459707022       0.36031584452629523       0.59788715311685459       0.55883001727283588       0.39872293434832107     
   1.0796803421423222       0.81110572637126399       0.93874171738632783       0.94064898109179440        1.0059331902590587        1.0232523005167036       0.98602071641348832       0.94393607155862802       0.86326086186902928        1.0198927598023397       0.87928054359568841       0.92482677376244737       0.94692025228666676     
  0.51807713213186490       0.79589651397211092       0.25628643121668770       0.32673605137601180       0.40302615524981777       0.42019421485882907       0.40247004965413891       0.39883540966658609       0.77868926557507134       0.36658318816744978       0.61050026820053704       0.57197111865220063       0.41442809354033033     
  0.90997222952664725       0.79727388733649518       0.89679212701979027       0.88932897889560258        1.0420788957771105       0.86836518647096639       0.92135056544808880        1.0650633730688721       0.84740878652679830       0.85586377916969569       0.94977233204331979        1.1537409123027047       0.87162075546774775     
  0.53134433631645273       0.80397881805420179       0.27086482878255358       0.33916458432386087       0.41818581200444482       0.43602796746835260       0.41831148694276599       0.41596944426996219       0.78644131214686219       0.37282493880905127       0.62136871744469946       0.58507605861866885       0.43011849095556037     
  0.84296015441838923       0.93694414619656208        1.0092971454941331       0.99425739922435896       0.75517359905337267       0.91871592726778295       0.96461660481505851       0.97977441681220978       0.99274926479494230       0.94452623468532260       0.78777036224176566       0.83682493039573658       0.96214785341009490     
  0.54413856173333008       0.81184822512333710       0.28499850980021363       0.35158239548691367       0.43378280290011451       0.45107196770948510       0.43389539995865878       0.43151170981121278       0.79442677892335734       0.37942155332990385       0.63228139696859609       0.59825401744012241       0.44558128765803529     
  0.88862188916756735       0.82334396064005710       0.83826901986207136        1.1014433813350959       0.89592744048653394       0.82849859040113272       0.85955732962070963       0.98529858837736917       0.91931904623038108       0.92209037827029394       0.90234749359097066        1.0030825036013362       0.88260444683209038     
  0.55697078442862880       0.82017541953396533       0.29910511855683625       0.36369136681373376       0.45069540894398336       0.46595714745129951       0.44863029897205509       0.44502706324361324       0.80126942949442614       0.38650364014697824       0.64443692871720182       0.61127794493247134       0.46086941337483844     
  0.96177586134952131       0.89319744518464406       0.92020505130245600       0.81997659067862094        1.0286799289523192       0.88611477789195603       0.92723042503856734        1.0679528682949471        1.0057244636297689        1.1086281084473695       0.95138974898487516       0.84901890198298668       0.89135930735861701     
  0.57004599625169738       0.82861212572559828       0.31088211326098791       0.37575948792223213       0.46832344421841576       0.48121353416757606       0.46311450390123943       0.45849454557271335       0.80755756746872620       0.39366916294788606       0.65650884105525165       0.62377292646661342       0.47595678795016544     
  0.81736204043116667       0.85492959529468382       0.88777330985148628        1.1698293348913851        1.0450348038414303       0.91326846794263239        1.1508237249724231       0.97893025227806840       0.91434723149216945       0.80171492942251121        1.0127792423637314       0.85520074320708750        1.0600156662960576     
  0.58360463466541534       0.83651909967257987       0.32374970405126335       0.38834274781773426       0.48575516570881072       0.49678308775406649       0.47776660830840573       0.47195376166638126       0.81410788416901703       0.40078026740397049       0.66875834026475556       0.63466277515307212       0.49171334124040650     
  0.91853903800944103       0.89949589552954412       0.85685080383149614       0.87700927563487086        1.0703723399478291       0.90010268524867931       0.95314619713559179       0.81206720270934341        1.0743804665877366        1.0018416408009523       0.86256837549063514       0.84284565374122433       0.99846444367373832     
  0.59768929064474285       0.84407629260985717       0.33763327256819181       0.40063284787641712       0.50195298252327580       0.51223148925577100       0.49342063638172545       0.48553650071295468       0.82127250101784777       0.40764575841813777       0.68033083728004617       0.64437329392244136       0.50746482956454464     
  0.95825640572160287       0.77020420263728306       0.84580989056045042       0.93257310790862669       0.85340179446927389        1.0297447177070012       0.97690638444471822       0.97417857804849328        1.0810370220990013       0.77354439028908828       0.83435597741430623       0.85882206475482814       0.88399523746216291     
  0.61190885897325908       0.85174668590572167       0.35178907921010560       0.41301684325082061       0.51713955884821938       0.52725385334004438       0.50896156781276558       0.49883604417882266       0.82831136295287067       0.41486645820054419       0.69190311124528603       0.65415066228967711       0.52369459155555231     
   1.1195890077502575        1.0032081221836344       0.91037478831138130        1.0482762826387635       0.86597060336113085       0.98726094197884273       0.86760429071014056       0.94477655597786381        1.0204124442608218       0.94410051398604122        1.0733003861160133       0.89754415271631771       0.90521368415467440     
  0.62713267503628201       0.85934632812744438       0.36690897117064453       0.42600511502472943       0.53252084383270193       0.54245113222587749       0.52604350529828381       0.51318329568256027       0.83550408486921590       0.42246357766537340       0.70371067859409664       0.66483363766758452       0.54139025528960338     
   1.0247249896816988       0.85646178325006872       0.93270883322887388       0.99137563651598426       0.78808650830862970        1.0134889967698979        1.0058116129252543       0.80909515945857213       0.95272760267502343        1.0954036797326894        1.0772457269752411       0.88136022626563382       0.90889512258652760     
  0.64253251906507869       0.86687376392801407       0.38282464981223291       0.43880739539893976       0.54900571155482447       0.55782270154704727       0.54141249167023175       0.52827260263333120       0.84230530389405323       0.43043722244860616       0.71560472410367548       0.67648243133951014       0.55933869536181191     
  0.96868482692448044        1.0184100944939338       0.93318664084768077       0.95889510031273839        1.2349274793110836       0.91605812073626658        1.0004845096892714       0.93764977488069023       0.83092348643583647       0.93771118006046794       0.95951291566833352        1.3159034676772274        1.0353133641645835     
  0.65638717462550489       0.87445887586334448       0.39909411856072635       0.45070719627871592       0.56601203157629654       0.57319377681433914       0.55503619281332761       0.54363902282543297       0.84888648148744439       0.43765349618762250       0.72698795265783267       0.68786481108808339       0.57650262958887366     
  0.89077082167003563        1.1150880334249511       0.79789405961704574       0.76470291256674039        1.0322699739908410        1.0147553241686469       0.86691002970684639       0.84970273282875719       0.92636057678891148        1.0301490442790762        1.0534498079742332       0.88209965069416219        1.0125137221577292     
  0.66889321726413220       0.88208047410651225       0.41589413724674207       0.46307929113624763       0.58240442704506912       0.58898369462841527       0.56816605782904095       0.55864156350508221       0.85558820101887234       0.44347142336189410       0.73715519491408843       0.69941547892900280       0.59327448240304081     
  0.89660279774610652       0.89249464026103575       0.90238498900805109       0.84899977322028852        1.0109960642642259       0.92012727655485349       0.81492386515475512       0.93425684082649174        1.0628770063212323       0.86064469142497069       0.85097721328050691       0.96031279058024710       0.87498838810415347     
  0.68143675108196455       0.88857057372683235       0.43222192076101368       0.47629463888939988       0.59866082376291685       0.60511524143372331       0.58338838635623014       0.57417847373560560       0.86186943001784311       0.44938188452564543       0.74643161247235246       0.71079549404662545       0.61003065130958212     
  0.75029980892248282       0.84257734748427293       0.93935681068825272       0.93637785829466669       0.95712457456223554        1.0403487703282677        1.0356178547761821       0.95718637756562741        1.0184853705962997       0.94139769808669471        1.0062195952057333       0.96594974763208952       0.94787375247731986     
  0.69411688959388529       0.89432268710849860       0.44931548473808008       0.48918117385835996       0.61514995156836294       0.62054302438283837       0.60045780232932677       0.58959115750907543       0.86801540483450024       0.45483882805165216       0.75450332478148241       0.72117014987927897       0.62604346013574597     
   1.1416752188269512       0.85320910914134240       0.99160780449983754       0.88125629437497111       0.95071619096787296       0.81613081168865365        1.1724515402374949        1.0180484882270744       0.90152399172844366       0.74767046712762864       0.87959476563946826       0.91863362545794436       0.86229717617281343     
  0.70675843346368628       0.89938172719092102       0.46677528889827063       0.50292714716829390       0.63258661761368429       0.63575570649011859       0.61695827213262167       0.60599439884485595       0.87332986713022709       0.46213786158690850       0.76271105558733998       0.73266088701402388       0.64152741890692444     
  0.88185024208269291       0.90581117433523284       0.92786282779003881        1.0003777309316559       0.98715606857266591       0.87145592955923756       0.89882248635652306       0.92823340461997339       0.89649247336187510        1.0528446188465785       0.88725772062164798       0.95373464925804241       0.84603383027859713     
  0.72107356245951382       0.90425997916156065       0.48418696069443262       0.51875919004364601       0.64922842566990080       0.65147068560877541       0.63305684824399189       0.62260228761675018       0.87849287827333256       0.46895916835341439       0.77121044085327772       0.74404486869125774       0.65663606682245002     
  0.78685457653488655       0.77860371867100597       0.89890112681148193       0.92100097434445516       0.99339470363927662        1.0670401242774981       0.89363503374682995       0.79956349533281557       0.81401612664150469       0.81617298961699014       0.82044663418503372       0.90679451534026823       0.68547508797742418     
  0.73397986034874807       0.90900444162302685       0.50145371156979335       0.53474551234344014       0.66615571154478936       0.66735085230397606       0.64954480176919382       0.63847198801580174       0.88324443184742962       0.47536778304241567       0.78074057212042258       0.75460865848909275       0.67210715668140786     
   1.0868828359217195       0.79036960117025468       0.79612414923217667       0.95776395467097797        1.0274410501257039       0.87171134462576849       0.83977525361828720       0.87174574172083663       0.97624285534747046       0.90795596231965470       0.97811842681506567       0.71654682578341300        1.0045135370526694     
  0.74408660362510237       0.91369722904231043       0.51948412570679936       0.55006157230008124       0.68236784614574653       0.68480936145259474       0.66461270118642002       0.65463601779169223       0.88819919531395264       0.48382995254687705       0.79054522449235110       0.76397151080851800       0.68563275744548258     
  0.88060970485954415       0.85225018781286688        1.0181920930371107        1.3231319157346675       0.99759172618825198        1.1554701520310138       0.90140312608136797       0.90718381344761823       0.89704191502102315        1.0025099986437156        1.0796273709967552       0.82302353651457283       0.93157785466600973     
  0.75447138896062360       0.91893182991006428       0.53817068233790966       0.56540814096934444       0.69777363863530961       0.70251862476063887       0.68137538040362733       0.67195345665026607       0.89221650035186817       0.49191065747481838       0.80018551081237654       0.77251255112369677       0.70092349119446684     
  0.72344711186809585       0.86126247532197953       0.76165060098166504       0.73999971221795313       0.91359834000795859       0.93935234771318532       0.87532058859299289       0.85346618209802716       0.84658819337782354       0.87905898435226137        1.0010452404281032       0.86780952863397465        1.0379330240559930     
  0.76660694307877686       0.92459459047535364       0.55924250706630219       0.58229269890153612       0.71154752547463695       0.71861215787452570       0.69709816249584733       0.68986225398449830       0.89621715712360284       0.49970158483512245       0.80931169013473614       0.78168671310267290       0.71641513850969629     
  0.85507720443842739       0.87949723137699931        1.0977336281219827       0.94452804745730101        1.0468987423528753        1.0371599457440313        1.0250738108016928        1.2014456546195387       0.92474322521951491       0.89387292815492358       0.86272256049852114       0.85664624658302457       0.98419523912701012     
  0.77961068934930289       0.93008505791464269       0.58024684514331748       0.59879319345899384       0.72526023836630205       0.73339076183265350       0.71268265450245460       0.70761207218469879       0.90133335647914326       0.50680737542862675       0.81797157264438147       0.79086635097549363       0.73168768864634215     
  0.92805137768550461        1.1545759588701012        1.0230362815374467       0.99512115214438412       0.85591741192347803        1.1482337795751429       0.99256857167837320       0.92562512386514229       0.87928689018039896       0.87486360746663738       0.91424869193767266       0.81320788164809055       0.89826264619676066     
  0.79260586656706511       0.93522208710222787       0.60007957704845194       0.61317707999879945       0.73974637709739921       0.74853557015442707       0.72780221760291730       0.72510406516161041       0.90660928308860222       0.51525834754484512       0.82577617416359050       0.80209892200217658       0.74769936213910171     
  0.99442949436717143       0.80545107394146831        1.0222229037175028       0.80366152338907959        1.1469735730314023        1.0064574213009241       0.91047418840223848       0.77331919933367343       0.96654614786427118       0.82334120412945622       0.95756916619730059        1.0259756991404747        1.2208192644848943     
  0.80498601838846640       0.94000303396493112       0.62013928422844111       0.62806599311010802       0.75556914393457442       0.76295642108495398       0.74066723264208301       0.74293300560300513       0.91132515209462095       0.52357861410998474       0.83335123658203047       0.81543524200515660       0.76341946092108337     
  0.96678223037512034       0.80274719529304139       0.93581070608322781       0.90160402807136331       0.87859268939561597       0.94460967680729335       0.76262189587895479       0.90292216990627305       0.89310360803033306       0.94953775811199714        1.0739659388556066        1.1345011827525600        1.1290943186655258     
  0.81744833260433281       0.94476744395464451       0.64116464184761501       0.64353691376188582       0.77203394832363759       0.77792966281101983       0.75380666224081638       0.75988593659538539       0.91603135351794329       0.53271470037501878       0.84108768880868667       0.82695025882066264       0.77733643408838304     
  0.85703221035479515        1.0045149443573063       0.79221567683595628       0.82419768676920047       0.92282475317793855       0.92982829047604665        1.0027495461319489       0.90168849805645856       0.84182790038150157       0.85879112186366857       0.79398881744796634       0.93465724191126787       0.89296579630458739     
  0.82958330854597850       0.94916142529175951       0.66285861835465332       0.65945890876935531       0.78820721512142411       0.79405317098997186       0.76781776087660558       0.77423817755378133       0.92034648577008549       0.54223385033616178       0.84929874309795494       0.83801320658853673       0.79077985595441269     
  0.88346273870887126       0.82156563632041879       0.80837130361084741       0.91303850164034084       0.86585012341913270        1.1072156239706148        1.0074322255880792       0.86616034610949255       0.91790080239326266       0.97987687196167628       0.87584294826400755       0.89037372462980680       0.80451469756436000     
  0.84195672033250690       0.95371145837156202       0.68487092224544344       0.67774477672932076       0.80467064152111256       0.81096726209582437       0.78321025618624496       0.78753063139833501       0.92475576677502891       0.55184517218462004       0.85879953015232935       0.84928409463376864       0.80401474895202252     
  0.90277813627235637       0.88112159115604938       0.99462994820264494        1.1778080021519894       0.93257044581001980       0.98276400376088424       0.96381389005169238       0.83100469182199299       0.90769866039992508        1.0299452533190121       0.99367987529605795       0.76446390359716376       0.91208445741531674     
  0.85427560893781418       0.95819962725032404       0.70532651339607388       0.69678134230824529       0.82073507677111457       0.82626869298284888       0.80009873755286876       0.80098271428737267       0.92953174246002501       0.56090406064757226       0.86915435665440688       0.86005949835200313       0.81844053802707661     
  0.89349654190269079       0.87916014254002517       0.92622759543685140       0.91838908127943031       0.90898746484935966       0.96811028424426104        1.0281813689862089       0.83793981977403131       0.94498182682403442       0.95022241947260466       0.91886799868077373        1.0079124990978119       0.81795724792414837     
  0.86402214394286470       0.96256254735580993       0.72555368215542193       0.71719366506375992       0.83543580158887187       0.83967218609929706       0.81677592577766700       0.81591206912595693       0.93420726127821618       0.56967173724280784       0.87941442116797697       0.87065650130744288       0.83294405993575427     
  0.79271667452160577       0.77486575559086479       0.82485104574843815       0.87459856470492792       0.88069854731352704       0.81243195365182297       0.84857691499963439       0.87982904459290467       0.87880283185892527       0.92425121887729422       0.91561124435147356       0.99740721686217115       0.86714540741651047     
  0.87380190972821981       0.96695977651246245       0.74509240124431042       0.73916253475952975       0.85030814551797163       0.85442669506390223       0.83277397575709156       0.83191364507315879       0.93872507176212949       0.57810445197019911       0.88944873742295572       0.88162163045352349       0.84732709556179786     
  0.77037690166373440       0.86116065687356647       0.79457515956485703        1.0560748854507953       0.83963068168034904       0.78793641043954710        1.0374380964174970        1.0113410817235347       0.90955239556210377       0.86637360240139416        1.0274169019509432       0.94453454818670113       0.82489281863290176     
  0.88559524382571531       0.97124146044171322       0.76745007334469617       0.76100348804554985       0.86432704821568018       0.86931292611940014       0.84830289918043189       0.84822072788237468       0.94330529332936086       0.58713901843654304       0.89901051881700622       0.89137600187373212       0.86128024263813474     
  0.86641454903098936       0.97022197413114875       0.92760406173192878        1.0234978224897500       0.92403714064529119        1.0198260851855601       0.99147892281450656        1.0333704654492490       0.88148745923294647       0.85362089739536862       0.85579063619920348       0.94982224122898828       0.75677650024019594     
  0.89725710807965908       0.97522904840244440       0.79141695986672478       0.78382966584464786       0.87854315230179925       0.88303167730522680       0.86465656883271147       0.86524133426516459       0.94808866972456751       0.59997267081235905       0.90870066741644984       0.90176182588530085       0.87473453109981592     
  0.74779426195984477       0.80324855924788996       0.92286889012317397       0.81806834126141903       0.98010440820209921       0.91905881967704484       0.90461290610317957        1.0224967184062521       0.90282309432530228       0.89821060023453825       0.90757117487823802       0.81440028610869364       0.85529330683104210     
  0.91046172936421499       0.97917306396262949       0.81733319840549346       0.80684356103492272       0.89410666473434719       0.89673139255671319       0.88199736772725179       0.88211684511948030       0.95282234760843709       0.61421024668943647       0.91780487269716504       0.91228428171018017       0.88818364122814386     
  0.81438645217755945       0.89748672136210661       0.90253421376254872       0.79632612010270565       0.72867628457736089       0.76268868367708276        1.0980509344599030       0.79600265971243334       0.78466278401532696       0.96787971611151269       0.79694573381435829       0.85143434483852909       0.81121567576394582     
  0.92337803695865417       0.98259721461513783       0.84333915124270931       0.83075272380621190       0.90920775704544043       0.91048108546933848       0.89963958892700691       0.89821625581989706       0.95763320577382893       0.62902473560836025       0.92633149985338459       0.92374269385456265       0.90291148512464869     
  0.93096083175147382        1.0128835590344794       0.96897238150131082       0.95352495087573963       0.84923729414940174        1.1060075555514954       0.93353601483049986       0.96610205138383642       0.90956601842459228       0.98466361987187501       0.78556330763401427       0.99364252856326052       0.97132533536003296     
  0.93660122651441169       0.98604397142199829       0.86938273917499997       0.85451398377551457       0.92526307158980137       0.92453774331575511       0.91851798046613220       0.91446898443756630       0.96299800241726163       0.64654491265817771       0.93548829605418926       0.93686045524827100       0.91772200972247553     
   1.0046382536736054        1.2684597214378630        1.0504048085145987        1.0277458489189677       0.82535655055946200       0.94401149301246301        1.0591261083954644       0.87738712669148067       0.88445504430545752        1.0659950823433568       0.87844411410950407       0.79106909842168316       0.86376647339451318     
  0.94979891109029602       0.98919868340873296       0.89470668730909642       0.87913699559354819       0.94163827485783680       0.93980601728600854       0.93643612497920103       0.93113838250141234       0.96881392673417532       0.66755021702237138       0.94500379173739202       0.94969463659229536       0.93235367109593792     
   1.0920889272899188       0.96306553576351717       0.82940268738666090       0.79618927536711570       0.96359019200028262       0.90380263190425814       0.94973305264272767        1.0614704431080089        1.0386061302392169        1.0177865526682923       0.82440319789277539        1.1272520677840749       0.80595269091065092     
  0.96175867392514203       0.99214531599201394       0.91939676344516286       0.90486670590834484       0.95640732187611521       0.95582165058923618       0.95278562867522443       0.94806916418870546       0.97518564725460244       0.69327142712866019       0.95656096507665722       0.96226453990750771       0.94850416418118266     
  0.84102724038108967        1.2452217405205659       0.78299999032224166       0.98907253399204009       0.82656809981668478        1.1114034310949452        1.0614428267305787        1.1880233633754189        1.0689910315031217        1.3043466656902711       0.89487801745725515       0.91607460410918595        1.0351374357627898     
  0.97438000614796150       0.99488933352475373       0.94252492272769939       0.93129663665230511       0.97076624574594295       0.97018465726845948       0.96929521816138775       0.96489453150175852       0.98188769988948121       0.72217360841552647       0.96907348284946715       0.97489631204771865       0.96587682396011942     
  0.89179224049544659       0.99620106350724347       0.78140097115007467       0.78222264336013347       0.78961802256110580        1.0609352877082796       0.96052384641949518       0.87242771728149304        1.0968655245554635       0.98945804336638798       0.94465935425785974       0.96458642136336226        1.0018354669070171     
  0.98681822067698310       0.99745163512311885       0.97102223007741428       0.96449254176502308       0.98573491428806737       0.98552101250809210       0.98458346994995438       0.98204235027591891       0.99050301172943900       0.81886334746067058       0.98416426437491900       0.98713597752824978       0.98340005496060134     
  0.85273756764240560        1.0969076244123330       0.88775145441673486       0.98495806771201744       0.88859605253722107        1.1284337864315279       0.84822283739820692        1.0317198549942566        1.0461368597601288       0.97285142523558676       0.98511396981486676        1.0260894632749993       0.94204767627723240     
   1.0000000000000000        1.0000000000000000        1.0000000000000000        1.0000000000000000        1.0000000000000000        1.0000000000000000        1.0000000000000000        1.0000000000000000        1.0000000000000000        1.0000000000000000        1.0000000000000000        1.0000000000000000        1.0000000000000000     
   1.1078417257951292        1.4042423398187578       0.85858281384505664       0.73867763882456927        1.0120693830695640       0.89797028503220611       0.87719139339313024       0.89346858446209132       0.82636728707646245       0.69773207067388399       0.94173873221210502       0.95900986016577916       0.99286773767580550     
   8.9165861006181757        6.1338285738205922        19.576346720012690        13.004588358922016        11.431638340413878        12.946242196446665        13.253285532247101        6.9212435286480112        0.0000000000000000        9.5313656459477389        8.7149826392293903        10.280158017608366        6.7064863946976585     
   7.7053555274088046        7.7463628009634462        4.1092616046956838        6.0899894493522417        11.341645004741670        9.9667728367932646        6.4538628774267019        12.130356822351416        8.4596147305414124        4.9528507205482066        16.765925132699074        7.9204832950850479        8.1480689407528768     
   7.0150241365663062        7.0556787633279168        6.3023482866696288        9.0172749499787006        6.6064576497260834        7.7508006486200927        10.769869257094042        17.015289578773793        11.615294002801370        6.9371482085055280        9.7920327186727807        7.1597007003335662        15.067580261982371     
   16.261346926193447        6.4519555510177637        6.4797017383657618        6.2738374550403702        8.2244828041314832        5.0370794841374842        7.1526586534928072        6.4055727123539743        10.732074582119496        12.362978632188069        12.735535186080883        6.4164687284650945        7.9635202715127473     
   6.0162919799156800        7.7138039056908783        6.3073458295161577        9.4004309889659989        6.3231377032263625        7.4372691336579289        6.5457094270258587        8.4286361542331818        10.462131051509388        13.367533361524178        5.8668683243256776        11.013285028287237        8.5115328202514355     
   7.7843304724392688        7.5134085283375249        6.6728570124128250        10.714973298480572        12.908338104607738        7.1211696747972351        15.886889045889744        8.2255510385566506        9.1701949693066034        11.744355110211904        7.4716710162686137        12.666341505741658        10.200484765905879     
   8.0258324423867098        6.5034847220383032        9.6375522854963176        7.3903147017121480        7.7024296432219765        12.582269017516778        6.1151673260125738        5.8735606541507392        8.5891845026874130        9.8131979123116135        12.530056798309921        10.789451642431121        12.041496122761313     
   12.022718426329144        13.943479106711317        10.352076054549638        13.779671910226682        8.3412070504357825        12.664446539541247        8.2585934886540215        8.8449829686967103        12.402543250667819        6.5917224152639688        6.7694634900380493        6.1264555327667605        6.6358800708853378     
   4.0221737078696054E-003
           1           1           1           1           1           1           1           1           1           1           1           1           1
   2.3535162583835207E-003   2.1342485427349425E-003  -1.0248901375619566E-005   8.3667580325960884        4.1280728328652330E-005   7.0735574266934276E-008
   2.7643757092699096E-005   2.6089656351391640E-005   2.1230432335114998E-006  0.12130097306958788        2.1224123398028087E-006   3.4358672354379237E-009
   5.0000000000000001E-003   10.261352764118486     
