   0.0000000000000000        0.0000000000000000        0.0000000000000000        0.0000000000000000        0.0000000000000000        0.0000000000000000        0.0000000000000000        0.0000000000000000        0.0000000000000000        0.0000000000000000        0.0000000000000000        0.0000000000000000        0.0000000000000000     
   2.9081019962029237E-004   1.9239011792004705E-002   1.5257237057723794E-002   1.6452879844018376E-002   1.4259736604940508E-002   1.2003371566958665E-002   5.5465016961603756E-003   1.5108707295578234E-002  0.23915192845827241        7.3300269312441227E-002  0.10783811084682263        4.0142752741801603E-002   1.7588731504572911E-002
  0.72187543535474497       0.70963477666597774       0.76036339827242871       0.89374060131407795       0.84397806961906652       0.65715222307024024       0.88897241441856900       0.98535739494910213       0.59361873154331046       0.61334666690831219       0.78834102974654696       0.75654747050476012       0.74012484518015775     
   5.3168393346741407E-004   3.8637354985817315E-002   2.9987154226393160E-002   3.3641924716517863E-002   2.9105459833397580E-002   2.4433469798568305E-002   1.0991017129276859E-002   3.1431570957524434E-002  0.39641615568802557       0.12943136144557654       0.18366032596272330        7.7358889544891479E-002   3.5716106979247056E-002
   1.4245984914135159       0.76103499340620251       0.85838454165471667       0.69658810978417596       0.84026063438133092       0.76587622462948801       0.91006292352157991       0.89205916554817932        1.0366692120999346        1.2004812570252481       0.80184782353923101       0.94582947477235335       0.91168387295840736     
   7.5285914037219459E-004   5.7412601287404871E-002   4.4049924477042618E-002   4.6707918341288346E-002   4.3356490544283144E-002   3.6845999238558948E-002   1.5079918871553338E-002   4.6337053056901195E-002  0.45625115198704685       0.14739719626504924       0.22949213052528994       0.10886450102248203        5.2418605434147600E-002
   1.1496223279977404       0.68148881444288900       0.72220692314613966       0.80893853376739100       0.87817830386096341       0.66748791624584780       0.69659596645407640       0.84900538456611507        1.3004523689436884       0.90540400286887257       0.83930684096092079       0.90811653458374353       0.86004685272372217     
   9.6016037707681123E-004   7.6282679233095257E-002   5.8172599110378288E-002   6.0659249347800412E-002   5.7371533604667825E-002   4.7593687912304436E-002   1.9206287570765496E-002   6.1617007558279244E-002  0.48542127030085008       0.16077792287952003       0.26292151577307643       0.13813090293960559        6.9218424015268024E-002
   1.1039823848528374       0.72944995484888075       0.87424492208968352       0.85047373601932907       0.81373449378603091       0.70543543999140190       0.92711103306793619       0.76553665447101438        1.0284864284307347       0.72884180037270052       0.89123059250848458       0.80648208780746455       0.88188887280785366     
   1.1511920705711638E-003   9.4251050574250636E-002   7.1618469492646136E-002   7.7328074745108236E-002   7.0252096645165296E-002   6.1852021008153658E-002   2.4447698219621651E-002   7.5662195192973486E-002  0.51229200647278683       0.17271670881309803       0.29001043528442000       0.16298764830343410        8.4563146694459704E-002
   1.0192693772278603       0.84335740428616546       0.84061166964193312       0.96414558769430914       0.83009804391427644       0.73968638262074093       0.83971558915661082       0.75761616724479930       0.88145183008272310       0.83401179648528478       0.83356266129615542       0.73382792446229494       0.79862047090267485     
   1.3581770871149306E-003  0.11167218644250380        8.6234404453622154E-002   9.4096759313955794E-002   8.2307739852661516E-002   7.7488251341360503E-002   2.9734933138038884E-002   9.0014104121596328E-002  0.52735251543119843       0.18368406223902664       0.31648898637554734       0.18620976004085557        9.8870921646824289E-002
   1.3381750285039893       0.96652408062027217       0.82756483049185015       0.89624359314922564       0.79141915990509559       0.76078270922664826       0.90109810363617182       0.74285022184386451       0.82288564545391463       0.84326043204282064       0.72941453167238901       0.92587586127995913       0.89163053490007482     
   1.5776564224482831E-003  0.12895888679153553        9.9389140747918825E-002  0.11185786383612549        9.3860164662845025E-002   9.3057958068792856E-002   3.5632831580924534E-002  0.10437466590332009       0.54378741655302698       0.19408245040777475       0.34340922457861855       0.20768659180916429       0.11388399470600750     
   1.1989093660428889       0.80023045536816240       0.87227332628040977       0.73483489438510896       0.68006243569183278       0.80267437085762172       0.79030024331205706       0.72789661646878567       0.69634203299477881       0.88483643590820016       0.89011069301085688       0.87566011191601101       0.80335380128836176     
   1.8135083289055984E-003  0.14574871177519846       0.11253976743190866       0.12925474907416595       0.10459879845988942       0.10905958401693193        4.1149451758861422E-002  0.11921183594400006       0.55719947426037875       0.20420139119257685       0.36937290949263907       0.22853638441027210       0.12899684483571200     
  0.83187089292817595       0.67213497234681985       0.88610690831776306       0.71579159801250514       0.85419360981249515       0.74254329393431140       0.79250819689349039       0.75186136942685555       0.76321505680490365        1.0371833530868217       0.94341069609989303       0.82586820029224417       0.69071666233777040     
   2.0854444539154999E-003  0.16206160063366412       0.12439096904568428       0.14615564805884160       0.11534801338926275       0.12519939427855534        4.7035758214553441E-002  0.13502924477660602       0.57247618612896711       0.21307800069150909       0.39218602611292164       0.25070209160853602       0.14288783532267754     
  0.84250988564643192       0.70509856750999922       0.74012639751637310       0.76509153149716957       0.86325105279522274       0.80983270233560245       0.90198725685093950       0.80485375526378289       0.91715501259297616       0.80793558144338795       0.70230024039218497       0.88059234492855121       0.74872912442440731     
   2.3732977840704075E-003  0.17605254489947053       0.13723263200864613       0.16271774978797054       0.12592233369650954       0.14257119632789284        5.2459708776873677E-002  0.15089942083990512       0.58637016118896512       0.21980701261333493       0.41271067906926212       0.27304258516182728       0.15593167035993788     
   1.0400332751670620       0.72890761672636184       0.72851803178042629       0.71670240159305110       0.80402139220526947       0.84256019484949196       0.69032829721383182       0.71180096936163983       0.84906168353741940       0.74766678253357199       0.71479796290998587       0.85175338905621167       0.76334253549209230     
   2.6616626853609741E-003  0.19189283497515805       0.15123685218891772       0.18107925538832778       0.13659884486597471       0.15956709844023340        5.8663817627524817E-002  0.16634175851155975       0.60107835235504004       0.22683863342644425       0.43287715561592272       0.29436584243599373       0.16937608749298677     
  0.93974415946851431       0.74043023647345851       0.86112838248481516       0.82674096325104685       0.74790225033283597        1.0163783524771863       0.82767304631147320       0.87087861468948402       0.84596180680750854       0.87081308549594805       0.82061982405541800       0.96025876830278667       0.81653541929163453     
   2.9733549498375152E-003  0.20758459359909895       0.16619702875583850       0.19942649499985773       0.14700248470857921       0.17454873890801781        6.4870580618242149E-002  0.18161032193082566       0.61145132718720663       0.23269740825249846       0.45256589769661359       0.31405053333582778       0.18353650316487752     
  0.80625228996069298       0.84426188625308485       0.69479161011525015       0.79020325467428942       0.73735919467458721       0.79887825785143163       0.94822600135156132       0.77141897852511288       0.81184134402303798       0.77485342387973821       0.71723286056150859       0.72856295440266639       0.82332055265516957     
   3.3080817181399594E-003  0.22131183993071432       0.18184448099528397       0.21792991368348522       0.15733078886980312       0.19041685596752239        7.1209353666430941E-002  0.19722193875903327       0.62199502709277110       0.23843660953855941       0.47114582035280994       0.33314594123444780       0.19965179331293184     
  0.89525620037591758       0.73172575365596726       0.98014215333841359       0.91224998983863204       0.76461497297556147       0.73649406995595623       0.89893376537542746       0.76120823259206516       0.77720325230050202       0.74990543094576034       0.80671833774633472       0.72210475322387147       0.86671391962101396     
   3.6556883107999559E-003  0.23495644484577852       0.19745198660708760       0.23623411135162253       0.16811546625677479       0.20565586110625289        7.7638395062379975E-002  0.21342898990693557       0.62994674213873492       0.24426001993752980       0.48801653379731169       0.35172410033658796       0.21756052181497046     
  0.86594090470149299       0.77519737519028398       0.84746131305067096       0.85485982854665676       0.80090103041770666       0.83807536416000306       0.82608324823812596       0.87771571248640612       0.79209383679287571       0.89140714034603963       0.76008725975396674       0.82718786441343950       0.91159179477604679     
   4.0469686540861175E-003  0.24875287998965992       0.21324401407730803       0.25299323985766486       0.17923084344104162       0.22117221756593730        8.4145573696854437E-002  0.22927781752518475       0.63800015614972583       0.25013315462644736       0.50372355648865252       0.37122289972594885       0.23384106966539911     
  0.79763313719169282       0.81895530899307312       0.79093714805599147       0.83824556886245605       0.81799813393028098       0.67966093605479738       0.73342134726177532       0.74621732698755239       0.78917838565367282       0.72530757076721419       0.77046300436573323       0.73421573323258671       0.83787255869508825     
   4.5276913820668620E-003  0.26103298607082714       0.22868117648516073       0.26905832961260473       0.19041679320749996       0.23797711549873127        9.0689463959485059E-002  0.24501630578130235       0.64655684079494580       0.25595766481714871       0.51986046001703468       0.39032145133373664       0.24880016818734585     
  0.92718973157060069       0.80400548857094423       0.77798916449365374       0.93166025202159530       0.80096514838051713       0.89539443980385147       0.80571430337076688       0.82204809503079157       0.83085506103960383       0.76365809202414692       0.73649745833271529        1.0454218079990718       0.72449536323233932     
   5.0263948435047634E-003  0.27341276849959256       0.24257205394642822       0.28550806731164285       0.20151012227069268       0.25495484369433158        9.8528712690538825E-002  0.26173036978186881       0.65531012209990591       0.26136977902934722       0.53628743333780915       0.40612833587413910       0.26255663120353523     
  0.94224203554007668       0.79037873526254365       0.76896664675291737       0.85047877045975284       0.90255427459944304       0.93486287410004087       0.83567723255423620       0.69709989855586985       0.67654044198228203       0.83624654646559526       0.98286935023457922       0.79650942833090510       0.90586699955395056     
   5.5123354723468449E-003  0.28799117988796707       0.25595646438950664       0.30228667581880253       0.21277478883738046       0.27181782593308362       0.10573129327066211       0.27835055298263617       0.66470984004273070       0.26643330237679624       0.55019233812990098       0.42137542127045979       0.27639329999182943     
  0.69040216110957675       0.75425126068605886       0.71586335631417120       0.74913214200458500       0.76487760846281228       0.73005673384305347       0.74177106008418281       0.91734715968334202       0.79123967962547503       0.71210034327648231       0.82719467454911255       0.85736321047190078       0.80338047118776845     
   6.0131368608871824E-003  0.30138130791462459       0.26840329370904925       0.31853557874331656       0.22418841081653534       0.28783680267251377       0.11319554904075121       0.29433157633831225       0.67408406157734868       0.27153137971040697       0.56316584462144137       0.43656489561111406       0.29250007473394168     
  0.88852153856258753       0.74988425314922946       0.92831509331640971       0.85234480549207092       0.75669964371906606       0.80790270644797801       0.73699685342596177       0.71833908189566753        1.0454858208238278       0.75369504467302084        1.0067368055594534       0.87626690185820844       0.83796164126742201     
   6.5419938329934167E-003  0.31437177854144677       0.28342036973053308       0.33464499237517825       0.23567465801984711       0.30359558007194437       0.12099838010037156       0.30936922537186828       0.68348380061455194       0.27665977094939076       0.57616058605931308       0.45238575101773976       0.30874074825525660     
  0.98842577230996320       0.79700271578908177       0.90806653264760384       0.80382103209105737       0.84645364451354543       0.85378379780432267       0.93413942070986122       0.72926554548609479       0.85022398136239130       0.74198858828601999       0.73770705804426717       0.73719337497485482       0.76685178102504326     
   7.0896554665886482E-003  0.32921074689256946       0.29938257358410969       0.34977891249241344       0.24739266762992676       0.31944371899843332       0.12890846555778732       0.32526349474943095       0.69150475869254480       0.28219179799781130       0.58920806592949526       0.46904675690045561       0.32260312709089833     
  0.86624742137287625       0.84821883307590029       0.68429806518907921       0.78244562358402192       0.74508929369255417       0.87323511284914901       0.79717897746556932       0.76496549779806089       0.80763020895193505       0.70862737478063953       0.78137552250118802       0.74121383401239249       0.69611565393699115     
   7.6837484817068201E-003  0.34360921665143257       0.31540640810291393       0.36494167161392344       0.25967979766833166       0.33511776198216037       0.13666757676106162       0.34255191210962521       0.69871171479212746       0.28780104389089756       0.60280684241542737       0.48581618568984980       0.33664313607657903     
  0.85734488026489941       0.77484802080638160       0.79929398359968329       0.75456505963275278       0.88617382996435767       0.95976620648303668       0.70000058220545380       0.93689466494084150       0.84432671732625897       0.80636480354332740       0.72465557271859415       0.80181666784718575       0.71842981421191376     
   8.3000339123122987E-003  0.35855018332543276       0.33047178034844082       0.38123336036352790       0.27235757258328736       0.35238497623556364       0.14550179390455265       0.36140495194378724       0.70623878555715625       0.29360423779245626       0.61622057522460960       0.50295870916692864       0.35012804502885420     
  0.80227893688565688       0.72393772369758436       0.89825945484312941       0.77314656253790814       0.86370909876209667       0.87031585311864534       0.83339415781616744       0.79940530469746418       0.74107723653246504       0.84363194776383843       0.76848573035535050       0.87711890816771176       0.68008186486015121     
   8.9759769554354565E-003  0.37331716934593789       0.34548644552527752       0.39755171594775363       0.28498215598160154       0.37048381527422003       0.15521576933522710       0.38102567399541970       0.71409722892830085       0.29898703415514610       0.62815121610729119       0.51921294752843983       0.36459393832414771     
  0.72501765684264952       0.76079397210765831       0.80814529843738592       0.88320084651235686       0.79851732750106985       0.83115178499340114       0.84474233290980427       0.82086985986498373       0.77244287989048988       0.77182742090017986       0.76646735779858166       0.77643600213840613       0.78752565793493245     
   9.6901725613808502E-003  0.38762087191938194       0.36169139671920897       0.41526333843863794       0.29714644668295448       0.38721109489145888       0.16443218419491520       0.39822449223850159       0.72246748329276911       0.30366231220603362       0.63975962900283145       0.53315319361196434       0.37920611245471209     
  0.70997454466250332       0.77908053505747543       0.65501318485748705       0.76481422618266925       0.92747998153537570       0.69936902442120241       0.78964085395670380       0.84634168164492396       0.73885659547052562       0.67948943142325469       0.77427799659150220       0.76310820136210367       0.85341514868062596     
   1.0561294666778846E-002  0.40260530442540726       0.37826701336865121       0.43281204809874302       0.30896365548333027       0.40341477199237480       0.17356706626742427       0.41383730196560797       0.73101922445732226       0.30741051881985548       0.65118466129019925       0.54610599059757492       0.39454384325355613     
  0.77857340907594808       0.74366605456261892       0.81233029069720752       0.79301843628733570       0.73985610192529150       0.82534122387245934       0.78004336600831115       0.86600857012004095       0.71998393841904063       0.71670663967439496       0.79070970459136536       0.72389406373277776       0.83223972232486043     
   1.1510403055049596E-002  0.41765201485274922       0.39563942294642807       0.44800124527542678       0.32073430655761703       0.42008146019775039       0.18269522173961875       0.43120189490309940       0.73900982135513493       0.31128111847667539       0.66215794363753666       0.55947913587940323       0.41036968247914563     
  0.71065889532331139       0.82603294129890970       0.77850627011425821       0.84614439624335058       0.79206649564475851       0.78114468649287694       0.85226927302078359       0.89984230634289386       0.77050431212609427       0.76572724039150630       0.78475753472670151       0.85708123480572707       0.72568757376202930     
   1.2547369798226795E-002  0.43351980661019918       0.41258560271471001       0.46266642668952390       0.33258174468805046       0.43742830384657200       0.19162491893592093       0.44937287216077870       0.74678035707155255       0.31538332431356375       0.67216481995454813       0.57269066221130582       0.42879576973029632     
  0.83554332860020641       0.86612364004923725       0.79312130811189052       0.80778929901034369       0.85714620873971048       0.93277587711674581       0.80478203160565553       0.82336021311937324       0.72581506829854925       0.68426879747144764       0.84256190486497606       0.80511878658225533       0.86879367888236647     
   1.3605681337590235E-002  0.44967029689829935       0.42870061384971181       0.47648102793916697       0.34540224315535428       0.45440765709476494       0.20037580460133089       0.46773599107432351       0.75484703379116846       0.31990931397240824       0.68349347026035567       0.58600883809601800       0.44631444574911033     
  0.69730092035151836       0.78192139855863263       0.68719591908228916       0.71575837560049116       0.70212852491128630       0.73601792515927089       0.67212102350638747       0.97608077328929421       0.88450730375387399       0.71331849703672034       0.85549793537643992       0.76931303500813775       0.72703883490701549     
   1.4875889156280847E-002  0.46555289884238660       0.44412140898169045       0.49041492779540941       0.35791788728074997       0.47056344552819068       0.20913425346801878       0.48530613788304466       0.76305799370018967       0.32616333707896833       0.69621245475446669       0.59894940845044153       0.46089653015249044     
  0.93180558717916717       0.80099679683246561       0.92011472115429038       0.75231404984175221       0.73405975235877452       0.78868139728612607       0.79174789239566057       0.89994918351088937       0.89930006817650021       0.92229710879974269       0.92068884063482237       0.78219669762962296       0.88469748539898529     
   1.6366885514705998E-002  0.48126743301832225       0.45927588157631827       0.50512757108294426       0.37012988139571457       0.48619930988459742       0.21833825396255355       0.50371261797299449       0.77088225867606330       0.33254536088175329       0.70798478654432184       0.61098159956602316       0.47611884955397610     
  0.85525115791042672       0.77255865817743297       0.77909716798101070       0.76770504472336953       0.82732389989662325       0.70113641294940832       0.66676953722605570       0.80280232973886045       0.76275575000839468       0.88767305968417798       0.79181346737510860       0.77875130729098829       0.75359082039109726     
   1.8065663551138568E-002  0.49830227498424728       0.47454985810319122       0.52149783998448307       0.38230723029522928       0.50016756627548220       0.22777805594437250       0.52098622571735054       0.77777559335365276       0.33960057500678725       0.71958532085469573       0.62205305781125098       0.48917156565762199     
  0.72355266040942845       0.82846164979175319       0.99326894472195570       0.74447013872490231       0.73198150738140622       0.79566842795762560       0.81762648883220235       0.70458786420596053       0.74120508974892807       0.75834145820322585       0.91997919417522500       0.72951408179246713       0.81811952771295149     
   1.9883506069175074E-002  0.51522942314444242       0.49064993307041760       0.53784509931404745       0.39550912178254460       0.51517493913456069       0.23853304766917260       0.53624989438985859       0.78493395910444386       0.34644819850274583       0.73071122060275207       0.63242004201045765       0.50321769053858090     
  0.75608207149773510       0.78431744849284746       0.89277917540686902       0.84785137034114311       0.74586680830548091       0.88666565973677214       0.69549847445589874       0.70342765374217286       0.80003424171766624       0.85621779149248511       0.69716842064846252       0.80947925047156788       0.80471732812193508     
   2.1714728667827640E-002  0.53050496105123446       0.50743259623232728       0.55458000418643694       0.40861846112304545       0.53093535228777444       0.24934516609235391       0.54826286759765874       0.79245385094729159       0.35327262686103594       0.74041799011098131       0.64342255099634915       0.51829537661400726     
  0.82037121966581650       0.85445300502322874       0.75321785191539758       0.86300353273436814       0.75296921834562114       0.93556336290810804       0.71755242820695997       0.76466122358891631       0.79355351225047877       0.69631636168136546       0.77662709762707172       0.70028803269483586       0.81728832043457844     
   2.3686572444900324E-002  0.54520532288168932       0.52426078824717193       0.57314736107106268       0.42354479788264554       0.55077220216435974       0.26034765617444250       0.56222547587832306       0.79989873149715041       0.36023372230308159       0.74956149017984852       0.65526705146008168       0.53491206885583242     
  0.83994573089722535       0.88259377044730447       0.81042449558606089       0.85658061878076386       0.88677992852809540       0.84505212650917561       0.70407958233005441       0.96340866299315009       0.68338374130177215       0.78383532343001605       0.76767821269243885       0.87027725590511096       0.82960875782989951     
   2.5758467659830510E-002  0.56176465783941210       0.53929216223800636       0.59202649400262330       0.43913532239477493       0.57157415683273527       0.27143653786662519       0.57773581945749486       0.80707161746363087       0.36802346554741344       0.75817401240723559       0.66668838742283043       0.55299770460961717     
  0.72810598561296935       0.77960828904078416       0.82110195148538934       0.81962771282863389       0.98950404159976990        1.0459565625152019       0.90800007939625149       0.84360645923119537       0.90470714135290253       0.73670850855228243       0.76479881823931606       0.86859297328957941       0.80701233726567745     
   2.8098579136882931E-002  0.57956595471111305       0.55169439937814591       0.60973602678157901       0.45230012593566077       0.58942843698136582       0.28053098895279222       0.59713095978549580       0.81389157052840078       0.37551929643368792       0.76699668219264316       0.67723434568566210       0.56987258869773738     
  0.77125791720710468       0.69655933485495503       0.77988027134404936       0.83780355538944384       0.81874072705720158       0.83528830562727097       0.71796411097554647       0.92864749184371786       0.70872248208317490       0.93842976264305011       0.87371475272143984       0.72828472237548669       0.77726231155379344     
   3.0635918892167647E-002  0.59623537533760540       0.56428269130356146       0.62616822027630148       0.46536333972538124       0.60568410521536042       0.28994115925419778       0.61689590174166642       0.82038438166021566       0.38158486981951634       0.77587398781228512       0.68920582177275092       0.58609383167100626     
  0.74603466122064854       0.76489263885959680       0.76403916553166329       0.75056523579272794       0.80983526991615773       0.82721427082125265       0.82948409628294462       0.84317799209204713       0.78383595945546292       0.67701278424369937       0.85229003941965564       0.86278261699456449       0.81279479992857306     
   3.3660027699476236E-002  0.61419563023668589       0.57624450449898212       0.64351930189837336       0.47786570372766296       0.62027423494622713       0.30300952992141139       0.63534144640879164       0.82719377372289493       0.38797240208203443       0.78444833086250998       0.70137600737171113       0.60350329780761280     
  0.75943591930685850       0.89323406519365978       0.71600683830939760       0.75733168973549958       0.68031604911357935       0.76303142597412765       0.87338924599026113       0.80206831796585221       0.72668441166663267       0.81166682644297650       0.78851925181223981       0.68893759275581012       0.79606406775751437     
   3.6563986900159287E-002  0.63464965003575857       0.58924916048577802       0.66119051583197275       0.49055497703857470       0.63385180619846004       0.31598125423212770       0.65238837660230498       0.83387508984522329       0.39407766111139875       0.79311943593219514       0.71439536642001011       0.62405085059768628     
  0.78938798759188600        1.0982472105369869       0.77496252615323724       0.94705200086639285       0.73803998410649663       0.74722449278221592       0.86079569620117191       0.89551317407675757       0.85750408812431422       0.69527180906821651       0.80592795451705601       0.75031566376638792       0.82338672335730090     
   4.0139423910570626E-002  0.65504931823312351       0.60494697660032926       0.67839968715756560       0.50431217962793240       0.65003500399753278       0.32961887770169551       0.66771328276193342       0.84095618606719102       0.40090199191427872       0.80143354618911433       0.72732751493489323       0.64440429080913475     
  0.79140133801839019       0.74195312066333963       0.80714995541692625       0.99658584738647371       0.81457322162441259       0.87844799645305316       0.68501096235324876       0.75625295669580994       0.75619383722648614       0.73903291377649027       0.75269832755043686       0.71028463337384240       0.83064051630186853     
   4.3729174045342163E-002  0.67298717485917903       0.62141375689877443       0.69468235604182382       0.51849287782632791       0.66948819183732178       0.34299606056574494       0.68190095831637709       0.84844350799226265       0.40874240295958858       0.80931605138373730       0.73852017726960051       0.66551005259968532     
  0.64860757268407809       0.89107135199924026       0.76235265768651705       0.87530694444968116       0.87704471907131687        1.1174936460038984       0.70569904602213529       0.74433587074062535       0.78487150968894082       0.94687228704718052       0.74914614826554715       0.68310854713748637       0.92398564011438666     
   4.7630128062099625E-002  0.68956596702452877       0.63756598348507765       0.71053297375904079       0.53402148184587006       0.68797347665775432       0.35672074050266472       0.69577916802321271       0.85534038234538112       0.41615765233792607       0.81727150856551900       0.75032186276491919       0.68764316395657021     
  0.67856251785223221       0.82846742963782838       0.82082740544976340       0.74011250572444165       0.79030725373153110       0.85308108555324147       0.79483753882956187       0.72954291770761093       0.82382715160989806       0.88570686482809458       0.68354270152102603       0.74630506504319971       0.90778523670660827     
   5.1839820875360342E-002  0.70618316711165530       0.65424219824893348       0.72527039052203679       0.54867237994130180       0.70534890064690980       0.37101676059329419       0.70971897595035693       0.86190861484066350       0.42337437279286139       0.82494407982051643       0.76358550989012086       0.70826781879657419     
  0.79831653953748194       0.82499191857608711       0.71528100753901036       0.78584860979610882       0.78704839941817073       0.76233422795909556       0.86659473745674576       0.75939295097673631       0.87925957892954998       0.74612322175510726       0.71596009852099995       0.82325204741436386       0.93338019578464837     
   5.6352203264680947E-002  0.72326852998919533       0.67220391903349708       0.74102034179287724       0.56344384109821777       0.72240457433397476       0.38454490063397989       0.72392418449575024       0.86863932714981940       0.43147409762586864       0.83255405119416470       0.77704903315888296       0.72724046788600449     
  0.66097708603543448       0.83054581412470241       0.96801978156952084       0.68177588341074780       0.83980543808897190       0.81598392350932369       0.71523730729349877       0.73974071881140202       0.71280534103905457       0.74426885151349675       0.67721876075232434       0.76041798992837650       0.94602923576908793     
   6.1508141425922230E-002  0.74023822992349664       0.69068009789301477       0.75639115337942520       0.57921875916813736       0.73954941050919254       0.39778806152246227       0.73799060669769179       0.87501171410178014       0.44024730303265142       0.84052266558160016       0.79057752723299057       0.74416337383244324     
  0.65038145587562846       0.76645231848271700       0.76208765796027400       0.76994898061016204       0.79620384996916149       0.84134161545651465       0.69573218860859154       0.71871472656022128       0.95397633878670285       0.73395618087300929       0.69230928369660005       0.74942059109947634       0.72919617525449520     
   6.7300547914232345E-002  0.75641870301713077       0.70745628597790255       0.77261607039743552       0.59681100814233512       0.75647949823222782       0.41093972003203116       0.75153523077138085       0.88124018032332530       0.44985283961210559       0.84867475988642382       0.80119051297872668       0.75957297148528768     
  0.73790590601518879       0.76421544488034354       0.78921702992944465       0.81763529833819359       0.78044051068879017       0.76786391322091330       0.66194931910013821       0.82956130412276918       0.71281629463332263       0.91518239092553910       0.78281505485520586       0.78006477576191990       0.76138418598745361     
   7.3169763852552624E-002  0.77205133225241052       0.72224452555130103       0.79017249355296837       0.61441834748651303       0.77514629662472145       0.42550202496688594       0.76680351235212563       0.88775349705777551       0.45956048240835556       0.85709770910359706       0.81040726902082583       0.77334333319060422     
  0.65155544033091695       0.77329363619991875       0.71541014791579605       0.73876565094353963       0.70309168619736206       0.72828616850338512       0.78298943235803253       0.88593498369204893       0.75147207073500555        1.0851346603983971       0.76270822059853527       0.63091446559574149       0.72462711966650084     
   7.9376447581071222E-002  0.78715244268871321       0.73819419949275655       0.80758883345684196       0.63090799298443934       0.79222576015679658       0.44184462757196369       0.78285937307428632       0.89406472133072667       0.46980905855941285       0.86584270702168686       0.81932719095027262       0.78308167461890932     
  0.74973427547938754       0.74533982428950973       0.67937054435443078       0.96740056501108262       0.66623533688090131       0.83054780887802282       0.77641025318921308       0.80699065719514740       0.91929942794531938       0.77295266862130874       0.78185003706613521       0.65509379632923670       0.65891648744696840     
   8.6306878835768722E-002  0.80281419535051568       0.75624705132132730       0.82507229832052809       0.64404576877871733       0.80977506382506026       0.45673021784479800       0.79857975969331019       0.90039444500288945       0.47995985074651104       0.87421431574103936       0.82863895427524370       0.79271421413862186     
  0.73244351390074436       0.89298500320043817       0.80344824400227821       0.84323932498090737       0.74301366697716997       0.88327659239643852       0.69564391779871693       0.94150512757844540       0.85688781483202159       0.77523824484043957       0.79672988448252824       0.76157892835491181       0.71904022500027176     
   9.4468333608954860E-002  0.81867648419426553       0.77476761579284459       0.84308753010908477       0.65581023664331484       0.82429798951027577       0.47417416254586764       0.81528379393563799       0.90678950523721957       0.48976511065539646       0.88237341660357049       0.84187095652171406       0.80224036904070450     
  0.70287438186446116       0.77537100664552894       0.75314927616614002       0.74852000636928717       0.75594973651477615       0.67844029582664134       0.92581738495141908       0.88099184014718568       0.78525308067273902       0.82812771245251160       0.81555505389492777       0.85089868583415917       0.67394561733231517     
  0.10292555144203068       0.83558079161890531       0.79525556995575941       0.85960695708115853       0.66792311441807595       0.83934661188189086       0.49220680466009797       0.83059113547362706       0.91358892191888341       0.49959513824990892       0.89050906944620667       0.85451400653482201       0.81151982556169344     
  0.69004876267142179       0.68523916523229844       0.84870920754120716       0.71872039427805579       0.71036720839853196       0.83390314800069432       0.66551975867132218       0.68650036140355619       0.76185953226863334       0.76284887797136747       0.72419647255512354       0.76617125835593680       0.69854265026895190     
  0.11422787695100288       0.85367762967460592       0.81587038627110742       0.87473862567171023       0.68227206466314261       0.85359024491907365       0.51402898944733266       0.84639858755509800       0.92049664126991626       0.51077054647812070       0.89799594636632074       0.86723793430352825       0.82435636272354562     
  0.71593774595617732       0.95740160775222460       0.91206929990963514       0.94507426665159378       0.67866146146400774       0.71216437345674144       0.85845295516923181       0.69035546732468400       0.73238049790877502       0.78648616205999666       0.93105215099853111       0.88055611707599146       0.70977425843874942     
  0.12729372035872630       0.87187497687488258       0.83424561204215475       0.88780517421539251       0.70063268193902939       0.86794092917514198       0.53983820178843434       0.86269663780909978       0.92751757053642514       0.52265226195492309       0.90406659954735069       0.88095766362884165       0.83703933139790310     
  0.63570982035457868       0.85017824802405062       0.82973631657045166       0.74077911650101169       0.68031993386676204       0.82453275774999835       0.83366819729590014       0.78055022296181842       0.89773158813358600       0.70093057585314356       0.74130696047495603       0.85844667977349054       0.67696299891399048     
  0.14533536705125269       0.88949468859883307       0.85152631999016359       0.89950911647674570       0.72162470395730904       0.88140689181328502       0.56648479543706320       0.87963378902765044       0.93444365520827366       0.53516581249261241       0.91054512230099338       0.89260052523418887       0.85271535953481192     
  0.87380115605357256       0.92912895668805773       0.76263138097533489       0.80735210845746641       0.86737345417989742       0.66105963736970563       0.83373847196326800       0.78490224226787508       0.89078208628721256       0.69152358047892903       0.78658570674780703       0.82807777446263808       0.86928796453741608     
  0.16645044802984793       0.90677326903187405       0.86666907584600239       0.91239672050849208       0.73947219660891383       0.89510843426371678       0.59241587814415653       0.89636654765154877       0.94109948367944873       0.54816784961029141       0.91700624200087788       0.90377979872321534       0.86756701134711012     
  0.66535458285118687       0.87331594241174793       0.78196273905602887       0.69731980439580998       0.70696925258365262       0.75642502350475849       0.76372556224226695       0.76139345500862610       0.74843080228137648       0.86500665348853134       0.72989692018057928       0.76974027542165058       0.90455851309726576     
  0.19639136457755285       0.92346717539392553       0.88189302842985096       0.92543284942656157       0.76332206837187455       0.90881372986351128       0.62212098711493669       0.91258399359867004       0.94786413368593736       0.56362614523301346       0.92375336509562112       0.91731918375000965       0.88415681683527625     
  0.77194071699553757       0.87881130796009765       0.64524150060192564       0.87829622390412720       0.79103904891488674       0.70738874125566464       0.80752778152544269       0.79473753701866678       0.68891471793876702       0.75247147874973630       0.74355058594079970       0.73614586416033456       0.87537055294094901     
  0.24011345021623035       0.93981342769486320       0.89779795361619907       0.93716340213780192       0.78794279929293976       0.92252938962491748       0.65684568085576844       0.92748761411901237       0.95427397408381398       0.57999205445689916       0.93253963138987195       0.93044817097775068       0.90086328874209787     
  0.66998645076639052       0.89917578502656659       0.76749799845483480       0.73471460176520487       0.84037107427081958       0.70602800850325265       0.88516291350836618       0.85708735542714576       0.68380378802859643       0.81119263087780380       0.96165300480915927       0.94642803932747011       0.68602672170759549     
  0.31827816409465570       0.95700407296320544       0.91391641988976891       0.94810071174674160       0.81553915003302091       0.93637906832153706       0.69309380840034673       0.93871947513030318       0.96099003995347299       0.59950362916275901       0.94193208809000495       0.94225657867807555       0.91885251768074272     
  0.71643650640995638       0.85702793811982292       0.79032494492781502       0.72048565936307185       0.86522015953054943       0.77897644726978799       0.93618963228283625       0.72475558673695273       0.81072186475831698       0.88682631022105851       0.85299959270968473       0.80931248195254779       0.76334836744772483     
  0.43129105415233571       0.96980993171390006       0.92953027490197060       0.95864344608472585       0.84437298617006296       0.94932882922547202       0.73014363002732241       0.94978148078308211       0.96811943198874806       0.62143167529000642       0.95192432192390430       0.95470381993051878       0.93600956760545995     
  0.61799719026999889       0.79962900262066627       0.75141540732454182       0.67148093224752792       0.98365631106412876       0.86577234248597257       0.73502161607075300       0.67716665412074983       0.84981595620660921       0.76446652412245908       0.80355549888290689       0.83687085489319724       0.85723097410270710     
  0.55437740064942431       0.98004546345236621       0.94549480415707177       0.96888481944300964       0.87632406582954714       0.96188567779672851       0.77519740610825116       0.96084061460652015       0.97566414144212499       0.65070176242698619       0.96259862830328413       0.96587721415882988       0.95289979699213756     
  0.66926556882138166       0.73917458199703545       0.83106578884160720       0.70874317173063717       0.84278441769705092       0.74738012689332511       0.85064197207166781       0.77825568617625973       0.70675365774372190       0.88725501033207732       0.89226715931989065       0.79647097993940552       0.76375675340297977     
  0.68051081190070006       0.98727584742628494       0.96157074469191817       0.97796841462101103       0.91376084167607574       0.97411854282706234       0.82966879188487719       0.97207871995438111       0.98335582045007697       0.68038457884436743       0.97348958436578914       0.97728865462903181       0.96924689147384224     
  0.68295263722482225       0.71178714817090882       0.71475481782034855       0.76747165120959782       0.87817463955235164       0.71976894887683918       0.85695237670936963       0.69306769130034229       0.69402467327014472       0.75416659791403018       0.74712141957674649       0.81249895502444958       0.83828725244481150     
  0.82139290264522669       0.99382205049109218       0.98075186294620798       0.98898463541376369       0.95505588223402915       0.98696872775695588       0.90773766778167886       0.98566130322469825       0.99141437742766170       0.80291054761756420       0.98673671884798531       0.98848495400390157       0.98502461930009255     
  0.66041952364240342       0.63589503319760843       0.86550361432025746       0.71354312649638418       0.89720578055204747       0.73353806067383787       0.95437838415586118       0.68885942673795697       0.68325587353734107        1.0913452707558884       0.89479766820782514       0.77206420221176464       0.72718621173648867     
   1.0000000000000000        1.0000000000000000        1.0000000000000000        1.0000000000000000        1.0000000000000000        1.0000000000000000        1.0000000000000000        1.0000000000000000        1.0000000000000000        1.0000000000000000        1.0000000000000000        1.0000000000000000        1.0000000000000000     
  0.61118788310526795       0.93918352030788110       0.85922712711231297       0.66159875655803801       0.74931950296578076       0.66837586606606292       0.70952882698665187       0.75850014520872411       0.60563151549591487       0.63665433909336522       0.85713761368212182       0.79524811954216623       0.85453015195148363     
   8.4350910200753493        8.6957327378885516        9.1151155956959631        10.644638773589147        13.452066226628105        9.2522620654395169        10.365400729622808        6.0982189970219052        9.2745760553336822        12.774957294659746        9.4496172872209847        7.8974087894718714        8.3819863742962841     
   8.8748289817650061        11.869606052895001        10.654645821600141        9.6023209338943971        9.7352347504491590        7.8354635125957124        10.538716630413946        9.1615599194296635        10.245751909180601        9.8459756417211555        10.958553776993950        7.7223062306772032        8.8629429258000929     
   6.2776294236764487        6.5131399219159265        7.9159516753078014        9.5361041222579175        11.019943881796303        11.065642791079373        7.2783869928624352        10.475870571823432        10.294765243384447        6.5617194214359342        9.4596493965760740        8.6667700897991296        12.398735474080107     
   15.843724730485182        7.8677054396291659        8.6892575899987339        11.207802143913362        8.9384109537526406        11.873778674875618        9.2160804478825735        9.8965498165410413        10.162458545355888        9.1909118802705816        9.5321326633125665        9.7132816532637722        9.4535649131366952     
   11.721396199290247        8.6356910457362819        10.211222020141305        8.7558888647643638        5.9795659876535332        12.544362524496753        5.4282600478883865        9.6022330631689243        11.977893815926722        11.715491120484417        7.2378462416294740        8.1583974557923362        5.8869749240103779     
   13.286256571388057        8.2678437564679754        7.4943178055419049        5.3566953370260286        8.8001767421338837        6.0745250211105519        9.0332502739033984        9.2851827724382066        8.2741396868979731        8.5738436361923576        8.6669805415963665        7.9647216176125726        9.7702379536698984     
   11.005355780734675        11.715720869522539        7.4461571498564938        8.5616292909165477        4.0192472356405746        7.1113884158655960        7.9228573586459472        12.373978848967637        11.141843311934204        6.3198141018840452        11.371347298309422        12.881843476706459        8.3019401865956457     
   9.8707688600573977        10.920715693909081        8.2600931276737963        10.797522042205143        7.9317587150743245        7.6819699350821073        10.629399614540148        7.6380869944006058        5.9180499043451684        5.3525952176851685        7.2427442760970830        10.329700319074284        11.012170724919901     
   5.3248522094775897E-004
           1           1           1           1           1           1           1           1           1           1           1           1           1
   1.0991489984359343E-003   1.0037298527210165E-003   1.8676079408876413E-006   8.6678663979616974        1.5025521702234426E-005   2.8204028086327253E-008
   1.5745365118595124E-005   1.5114474679773745E-005   2.2526231681680992E-006  0.38661459221806799        2.2522331249334884E-006   4.3305228858003795E-009
   5.0000000000000001E-003   9.2531569418483084     
