   0.0000000000000000        0.0000000000000000        0.0000000000000000        0.0000000000000000        0.0000000000000000        0.0000000000000000        0.0000000000000000        0.0000000000000000        0.0000000000000000        0.0000000000000000        0.0000000000000000        0.0000000000000000        0.0000000000000000     
   2.4193004717225138E-002   1.9860074480145483E-003   5.8779698831604487E-003   8.1970757073946535E-002   1.5840194458492555E-002   1.8736932726415852E-002   1.7512158431174953E-002   2.7993684116581249E-002  0.29193403200813767       0.25869967562948498        6.6531015108982933E-002   2.7274757633275686E-002   2.0372520280465822E-002
  0.86358996129390653        1.2101732715177225        1.1050011792825858       0.97782161900672959       0.79241642307441296       0.91718170954443290        1.2277912441857795        1.0154993405176482       0.66032888314069749       0.75412326359232229       0.64703393938102793        1.3580923914113086        1.1681453666167445     
   4.7159135708268393E-002   3.5283335965843104E-003   1.1110947647121578E-002  0.14272536267938582        3.2582264931021232E-002   3.6959460833756799E-002   3.2326458746924351E-002   5.4196521824721205E-002  0.42635573657599413       0.34652453425908109       0.11942903565154836        5.2750262839915726E-002   3.4809602987963990E-002
   1.1227217899998521       0.94967650504313439        1.2857035537370054        1.0912626930435645       0.78620177631559884       0.99512140942286420        1.1352850807555583       0.89941075994617359        1.6118445081609070        1.4160498609021821       0.96192412907459368        1.0980668653250161       0.91241164352156190     
   6.7471235224249748E-002   5.0118587447254255E-003   1.5152956592136380E-002  0.18425653988793636        4.8827054033873864E-002   5.2648600613740722E-002   4.2526238285471661E-002   7.7787902300684456E-002  0.45950538910977856       0.37266201810378702       0.16049306229330029        7.7386119916213858E-002   4.9790287911913422E-002
   1.1193705702564469       0.99563872238754270       0.91142134213112225        1.1055733757028925       0.86435456424879831       0.82553783465858188        1.2469095162001897       0.85493755362733759        1.2246901119031017        1.0410876507873537        1.1140627388766220        1.1987563384929714       0.91692509322992444     
   8.4992472339418312E-002   6.5907948874948819E-003   1.8732229609488862E-002  0.22168358224643009        6.3947970669913493E-002   6.9205611701608563E-002   5.3450870619233877E-002  0.10088250645914135       0.48383824434520328       0.39251470681791301       0.19332583632502778       0.10111782207164646        6.4774918466134562E-002
  0.82047800724571363       0.76522452330640722       0.86046580719609267       0.90478923256358657        1.0833803944116487       0.93488697148048150        1.0887172220289418        1.0561973264053519        1.0243155840366733       0.95662667513598754       0.95166243567167996        1.2685612450136621        1.1344902761110303     
  0.10140214002435272        8.3339199199741389E-003   2.2375026982461309E-002  0.25654368299088787        7.8779257863041061E-002   8.5378560797954153E-002   6.1857212684036447E-002  0.12267812441584926       0.50543609878044871       0.40915326694345550       0.22056658900744258       0.12192457616497875        8.0332996728910755E-002
  0.99886906681580834        1.1479470781342231       0.84369541463652398       0.90761631459182346       0.82989752636924641       0.96504103113128403       0.93578071414641939       0.89287177079249924        1.2499269471339760       0.86356436913535661       0.85164083800793178       0.96402232592626425       0.85465644007344455     
  0.11706732150261905        1.0405926941961371E-002   2.5974677897786420E-002  0.28927663726637132        9.3850693593181933E-002  0.10200618984004634        6.9645006348146299E-002  0.14141879771065494       0.52392161109394031       0.42348709561672843       0.24640647182834016       0.13997885797567627        9.7299957857903865E-002
  0.75986639734212691       0.94162600466506308       0.93174664336137791       0.90314527881535012       0.91101666208134313       0.96749727816028031       0.99909316167948947       0.91750272781290143       0.91186897507524389       0.95823515906098256        1.0377687546319341       0.84502298108436902       0.95084473701716632     
  0.13381665778919938        1.2876327199352836E-002   2.9774039176280982E-002  0.31853568452582959       0.10939678606105989       0.11848148984812859        7.7583421747015990E-002  0.15849726496788161       0.54070752516413023       0.43655116172118547       0.27064993512817831       0.15864027779050038       0.11438553818678740     
  0.91752380146244295        1.1586206015666389       0.94835201522277723       0.79713391268689027        1.2808996956003502       0.89488000119081812       0.96638534214270133       0.83042100633272242       0.87996197556788969       0.86009871997363274       0.99154591779370282        1.1824707574580531        1.0977672175414672     
  0.15119164174146843        1.5637150625907290E-002   3.3969823389316520E-002  0.34516723360973256       0.12443207733737377       0.13438887666346977        8.6028792363225304E-002  0.17530136329851179       0.55702534529178482       0.44899335357219977       0.29294280224437774       0.17479471125933699       0.13037146070374694     
  0.85525843850380445        1.0803424075595947        1.0506023621882810       0.82186692320278598       0.78588147743526626       0.97868275868937082       0.84850659517942184       0.83614767199968265       0.91928681427178338       0.81873100433634738       0.94191243853545636        1.1522560990566146       0.81172855904372110     
  0.16882786395863986        1.8604313712748784E-002   3.8303944076922836E-002  0.36888510903493310       0.13861926453464823       0.15059685063894937        9.4193902518912909E-002  0.19302558459461505       0.57232778180744548       0.46059158645884185       0.31447701655420357       0.19333730958009754       0.14492031114098936     
  0.91257935169352022        1.0626175852456237       0.73404935702923813       0.85972371406863768       0.83599365582538221       0.86617244020883244       0.87263734446481567       0.94572706465495637       0.95678763359414909       0.93099086112780438       0.94660969113926408        1.0793021089605872       0.85052912439489525     
  0.18658146594192840        2.1722809040062314E-002   4.2788424554506974E-002  0.39072239188836827       0.15290468427155332       0.16734362956494692       0.10168307204369163       0.21095528500520497       0.58590358133001019       0.47182140074727230       0.33635827435443666       0.21539425112277746       0.16033534699913471     
   1.0822207134626798        1.0428283413674104       0.94938446408137522       0.90949607314998160       0.87693416061711804        1.0633322357865809       0.93127423934069509       0.99866956927123463       0.94367949411330554        1.0814882513936610        1.2122859142477793       0.89567767669275977       0.82253167494248158     
  0.20368727326813940        2.4935615320028956E-002   4.7374829244260071E-002  0.41147868176990465       0.16828060696592970       0.18256574925191726       0.10913013407288562       0.22859291173517468       0.59898776352665517       0.48317212536158044       0.35604282504633183       0.23560592996948457       0.17633268804034755     
   1.0423749955059629       0.94146526314346635       0.75549594032870315       0.91021357954400495       0.97230212309742092       0.82879190180986617       0.81866433804349159       0.90746132029976390       0.92801057608665360       0.86087826150825919        1.1000648355272238       0.93909230225509766       0.98267863888352913     
  0.22069372200923690        2.8342488500202052E-002   5.1980099702685072E-002  0.43065320830890519       0.18465900792820208       0.19652362049354746       0.11557420455363000       0.24545609774151275       0.61169442938746055       0.49360841178308118       0.37424242839709931       0.25203968116139736       0.19348907656763428     
  0.86985133808072945       0.95343444119499587       0.80361462733985489       0.85627147977160822       0.91583397494109242       0.81775222184085794       0.89111938655246281       0.79307630369538329        1.0546797775403152        1.1308626672233331       0.92672833242429631       0.92868079776909596       0.99944475317605208     
  0.23786198022235494        3.1843643789827535E-002   5.6517112793699309E-002  0.44835373921476357       0.20083005167137225       0.21063819703034414       0.12340334933568584       0.26169304485606193       0.62381909778463807       0.50289226831344935       0.39200965051922615       0.26776650538201940       0.21114129293578091     
   1.0145766939501923        1.0417721569041754       0.85773251310699372       0.97596530163444739       0.97309054144623464       0.81942895125499648       0.78791373602540182       0.87461523623689053       0.88115457878396797       0.80982554580942945        1.0819291619909506       0.82653009665115396       0.86761524011344682     
  0.25457875807230163        3.5580475446814627E-002   6.0995882925719037E-002  0.46524865713763031       0.21542877553441975       0.22625156288386325       0.13140845356097702       0.27754707259606176       0.63502294344334764       0.51167214079629142       0.40884661423225799       0.28346169501013413       0.22865820385919711     
  0.85973689630656358       0.88537883156893304       0.93814371702386234       0.82853669637015037       0.96065890274651500       0.85468032453215037       0.84941451954349556       0.88283421180528410       0.77194273015246095       0.97200508820316556       0.98719778338535780       0.89148702109452294       0.86283115246130726     
  0.27058751533664288        3.9785350469981585E-002   6.5521221342363253E-002  0.48225088546385059       0.22867738108598606       0.24248061279195585       0.13983160098898245       0.29287383487865021       0.64566360037826609       0.52054601632880626       0.42555024076077791       0.30048593829101217       0.24606719819853673     
  0.78577397190136600        1.1133451422837095       0.83712789688101508       0.83197121090550785       0.77183732968843910       0.94792167382843573       0.79949584343677405       0.79494847278048153       0.83129708770364175        1.0292781383738068       0.96739774398266920       0.89259561510957153       0.97719425487635836     
  0.28633956561761925        4.4174328132872302E-002   7.0375711628671539E-002  0.49931627866140199       0.24177699258620033       0.25892499550627679       0.15084190722706770       0.30731377111685471       0.65637073035901738       0.52947374538919556       0.44083974453888153       0.31794660030189348       0.26269408083411233     
  0.88231726996494964        1.0273975785303333       0.93611917627862085       0.92151560847165970       0.86427349956244259       0.82857789458717013       0.99728067145488786        1.0594452295445549        1.0446886513807885       0.96600846299139742       0.85033271155643575       0.83713176578586712       0.84338377962746303     
  0.30258835661829719        4.8749648252681195E-002   7.5741656049716555E-002  0.51637342954318832       0.25534266463299088       0.27555669769995433       0.16139138801588726       0.32126842144652201       0.66625667223003116       0.53822604906594451       0.45552043305358503       0.33578946361492240       0.27847843357840851     
  0.86442918430398386        1.0983615422496198       0.91144239129786542       0.83651769231943407       0.85337829862207171        1.0338409045670829       0.94360877199975846        1.1351768705214120       0.84349450719377050       0.89872611310189487        1.0624516155869257       0.93493592677474624        1.0369763397780374     
  0.31959409473241102        5.3411408782484224E-002   8.1284036275516142E-002  0.53171479649344211       0.26657625114680311       0.29363437868476810       0.17131492376085539       0.33449050195576013       0.67537376471829025       0.54620838842608699       0.46988216868552668       0.35078089903016646       0.29419212212159374     
  0.96312921198116774       0.87254272296390101       0.83788934708478635       0.80146912422120509       0.78766988626567958       0.89121821981213489       0.98243913682955453       0.86961867015581873       0.89343949679021206        1.0232964236792468       0.91346612800459304       0.87029722151017452       0.92857511477509436     
  0.33677252002222430        5.8051195038701708E-002   8.6936887604824917E-002  0.54576091880907307       0.27810269650018182       0.30912053655819488       0.17985124237783434       0.34807627930464613       0.68417067818697275       0.55418125092482140       0.48545917519095549       0.36463320825011736       0.31041706475154646     
  0.92828447005784742       0.87144936159892417       0.78849143298190816       0.89031425379104734       0.82935857389343370       0.78429289290817350       0.77834850075855577       0.97706403835701661        1.0211486877553448       0.82525891567422827       0.99219322843988056        1.0443156078169804        1.0035066853590386     
  0.35346787731588380        6.2645962550452766E-002   9.2547681126810041E-002  0.55926753004301011       0.28967785641869676       0.32428599164307359       0.18870768150147227       0.36147912611369676       0.69341404520463756       0.56188052979954128       0.50088784718063595       0.37905864793660710       0.32649088031590295     
   1.1267150951240159       0.93534898719384252       0.92490894782689148       0.98617769678254608       0.89372152414458916       0.80644397007241864       0.77153470344758468       0.93842454644752582       0.77047534057296962       0.80908091476564314        1.0135138312979710        1.0479050271714232        1.1994801713312639     
  0.36954152065498469        6.7442547637160302E-002   9.8568775699891586E-002  0.57258932454554623       0.30351041175418803       0.33945014030450116       0.19781008331444572       0.37445788280417935       0.70252533283911911       0.56903443372782381       0.51539923295254375       0.39500918323146045       0.34203097572589913     
  0.86850006019880410       0.99922203524191544       0.96814562031218943       0.75592707812417814       0.92118832329359923       0.81193434062437464       0.89612385228930969       0.86835057811343264       0.98102535880062691       0.78865507536454393        1.0348962897371543       0.94044319727659276       0.83090813911244732     
  0.38540731137049272        7.2716054203190730E-002  0.10385055823760342       0.58733435063854600       0.31900088571043561       0.35257832472902301       0.20861598352357283       0.38585844294572413       0.71149611683013747       0.57591255145465325       0.52865420665616736       0.41112387086587004       0.35732156444979141     
  0.81460933194219787       0.69266127584035619       0.86298833341038306       0.74954238654859839       0.76760052153551706        1.0543529251592578       0.99185910818961465       0.87186018048400049       0.80106598404195362       0.90829364600394913       0.86957673492675591       0.82638136263281470       0.99314453654416401     
  0.40134582251087997        7.8457407217465108E-002  0.10793775689317429       0.60070438187098940       0.33411259001575405       0.36661313184097677       0.22038833287438869       0.39506655515557498       0.72001038534201212       0.58246068391410111       0.54135000293757407       0.42770764232168185       0.37300436435718948     
  0.98249300181629295       0.96305173044040160       0.76592649211006214       0.86789171544682864       0.88686382370030081       0.90083873516715995       0.94627776999683588       0.79204215747360862       0.82249443862498606        1.0016015400516152       0.90896439417747388       0.91874689382415220        1.0309419308738821     
  0.41725902988806024        8.4703051873551136E-002  0.11199105932015935       0.61284667806356563       0.34879474105041736       0.38097728350101129       0.23186867415432588       0.40462441708840569       0.72802357916297689       0.58888541214032686       0.55403431059876185       0.44458052249964541       0.38907395197106914     
  0.83368983245837802       0.87179202819963930       0.74809371569385208       0.88213681971600177       0.93171882236919024        1.0429709116872110       0.90584058768150588        1.0031408126770309       0.80594667735025616        1.0245080571160292        1.0261428826287402       0.86951612323344929        1.0574197271284318     
  0.43320556527981258        9.1017880550877728E-002  0.11621927272730737       0.62498763707102556       0.36399934223748215       0.39542499790052221       0.24279771790663049       0.41447241203401275       0.73567787335658053       0.59539848752025581       0.56777966775297417       0.46153951890643258       0.40510361357931074     
  0.83408920051502899       0.71227927062721763       0.89852775952356545        1.0617012768351535       0.85095703165639380       0.92703056551291985        1.0544890571125314       0.90188120521977566       0.79596076559099593       0.93977878756087108        1.0329320757573410       0.94223773063908989        1.0377526230892304     
  0.44909397118941524        9.6884581125281310E-002  0.12158741352963427       0.63631367879204770       0.38003820553888007       0.41016989470849491       0.25399580814951461       0.42567303665615525       0.74316071704546538       0.60202435053393888       0.58208606359149284       0.47817427487910202       0.42078875266896465     
  0.97715541954007634       0.93348657585614037       0.79116566648506448        1.0024200583533867        1.0852879931742216       0.82026689454742407       0.87867669097800016       0.97566821331544240       0.85310800393653086       0.92559396127099958       0.94425656364644117       0.98922747803845279       0.93211299918086232     
  0.46484058718745613       0.10267696553555337       0.12794602686498360       0.64792251831818148       0.39675685496750063       0.42566484111054698       0.26587311307003481       0.43842357467490828       0.75060332618946812       0.60880417977577317       0.59576930590456423       0.49422856234088880       0.43584998962279453     
  0.92842262378142004       0.84735807192058266       0.85766859314484800       0.91980585730800191       0.97474048330311447       0.85189934457503402        1.0642229073877818       0.83020674594893840        1.0896433420839224       0.82298340017764937        1.0420641357128437       0.99762169648689747       0.97094152428558278     
  0.48076055680927798       0.10855008469130566       0.13489241743898617       0.66024136373698072       0.41421800492449151       0.44245733156893624       0.27808978086673902       0.45085834649629175       0.75801694572871703       0.61539630525167799       0.60959673572100648       0.51044970251581223       0.45053613346393412     
  0.99805901722641710       0.93632560692472855       0.83736883928699768       0.91585061571247051       0.86291007328377856       0.96269441445804671       0.80311958563157704       0.95435407661479421       0.85771971527801505       0.84335034666560937       0.82090659004522393       0.95963868077932069       0.84349132804646099     
  0.49633115406194211       0.11500249162757761       0.14229624587392631       0.67228011987726788       0.43219441258993385       0.45961286432941856       0.29041777850096273       0.46330686622388589       0.76517451557860228       0.62119830194002201       0.62130220577880635       0.52741993411705734       0.46660631116783757     
  0.87747360449446332       0.77935007245557886       0.94894752439217145       0.91555303653567488       0.83602411424004797       0.88999845027876445       0.93207375065184406       0.93514345822123401       0.77054207220836635       0.84787948338821140       0.94159222835026146        1.0008744559738707       0.84634661948615808     
  0.51176123100450532       0.12341394804488247       0.15006637570870565       0.68386097918447319       0.44989792819725166       0.47589418656786814       0.30281706075087444       0.47608438999504371       0.77230165579042709       0.62663761176381072       0.63216400703407416       0.54442661508569878       0.48312894038117610     
  0.91282983376247684       0.90747585110461726        1.0591239950081359       0.99433969794370303        1.1600387836248056       0.85961446400896113       0.85256809628981745       0.93483413801621551       0.83666300602900923       0.79460738952645960       0.84707434222003486       0.92331738416619158       0.89210237772173839     
  0.52710546945152248       0.13230198811760088       0.15823084532614876       0.69471433507465630       0.46664989428049014       0.49191493274176745       0.31559504818245582       0.48810440835286761       0.77922688534765683       0.63156792551957863       0.64404557275979868       0.56084082432587812       0.49891433854012507     
  0.91784884117100429       0.88862242289448545       0.97671401766515975       0.75726659950768260       0.90341547836242875       0.87052439671877835        1.0914872587942659       0.91598115849013850       0.87240699036257818       0.83032730830211776       0.76887061876427620       0.87777490296563077       0.85658089140120874     
  0.54300023494521710       0.14162970655310841       0.16663037308284676       0.70512357621550104       0.48285828203367653       0.50824225155902014       0.32941858071216468       0.49916533808508612       0.78603080908373957       0.63681697515319158       0.65683771442627337       0.57668956859289922       0.51430651745958933     
  0.77823855385644058        1.1398843011197035       0.83604515722661843       0.85919022598919059       0.94803711374221000       0.84541164019366000       0.83468531721207584       0.75649791150410550       0.80928541493299067       0.97041908533928889       0.99464962050644556       0.95718909904318483       0.81144696275989092     
  0.55911559043426773       0.15142748532412706       0.17523852689307545       0.71602828866739676       0.49840255067174427       0.52448206472623471       0.34325695414393337       0.50966819700221855       0.79215020289626603       0.64229649085598761       0.66928080654022315       0.59240320654998679       0.52883833642821187     
   1.0108813305905475       0.97058375728012847       0.77059721787842195       0.88297596438568737        1.0839983265123501       0.92199864974886769       0.94029969177903627       0.83666508367790904       0.90995357819644118       0.95452980686612332       0.97435066936454306       0.95163886385030172       0.75311837103387880     
  0.57615547211772322       0.16152041554720342       0.18403407740945593       0.72697964946735827       0.51291110124781081       0.54070720175641274       0.35666438936518485       0.52019735641757670       0.79723085013046990       0.64810308261342353       0.68108074920614048       0.60831106056660544       0.54437319065281187     
  0.88247673649430969       0.84177963175152193       0.92426972055298506        1.1268326043319477       0.83429875332733094        1.0630365842027480       0.85040601707430907        1.1381668579621449       0.80782231553274764       0.92034242634570951       0.95840084745116605       0.76384473363904970       0.94131140920488610     
  0.59279655461854619       0.17205035251471906       0.19311629316256915       0.73677949385645269       0.52706382445018785       0.55661480486567849       0.36977479947004821       0.53189116103916367       0.80245572439619461       0.65412130546445868       0.69214863489953959       0.62352390356863774       0.56149408572041493     
  0.91569371183441617       0.96165496812801343       0.82830517508520285        1.0531093596716037       0.87111353876365183        1.0018207195026192       0.78533562630991838       0.80121532909897319       0.87074993542287216       0.94299925453662592       0.85704074501165250       0.83214560057147180        1.0580542157589672     
  0.60760579560983097       0.18320310168484363       0.20283300140801130       0.74610297144907867       0.54187318334362145       0.57255430236935811       0.38313397976263974       0.54431742009289841       0.80720504262974146       0.66030459871428593       0.70195005790934573       0.63821424151920492       0.57757059434111968     
  0.88140053992106671       0.86764545673361837        1.2006061443197256       0.77163551266422159       0.82832333180407491       0.83198958400841583       0.96957888632966793       0.98155274831091455       0.74137832528565195       0.79880210309556932        1.0065783217207780        1.1262461796706040       0.96536935333914076     
  0.62096080315816626       0.19507423940420726       0.21319686594954271       0.75530477238011440       0.55760611664289328       0.58891482109745830       0.39679385327782668       0.55588551923675489       0.81240263498267018       0.66623735281480656       0.71170814591769660       0.65233206913462749       0.59321850470025439     
  0.86597046010476664       0.92630133100396705       0.97320152471779486        1.0182784137097221       0.90919964943860576       0.87471979437914094        1.0587899360007615        1.0015976631517272       0.70546632362047379       0.83862878663954443       0.88240530020995300       0.81269335233501405       0.95982879816936884     
  0.63391370629819677       0.20790286330239377       0.22390618178650881       0.76443091615655590       0.57438965638700301       0.60616820195700916       0.41019439508653532       0.56707316503527938       0.81840616068506467       0.67191376399207614       0.72159443163828429       0.66590881973611582       0.60907208366167143     
  0.74543419729991511       0.97669986602026027       0.96447006249475475       0.80858822567326749       0.98041676156085333        1.1076038671022841        1.0155438340782899       0.97341361782201863       0.77310495947163727        1.0175300415839985       0.91440712634948351        1.0783720232099399       0.84023041805955745     
  0.64751462431715956       0.22122476780456010       0.23542293796295469       0.77399081308704443       0.59154050847895367       0.62339573990882213       0.42321639566501607       0.57831509592756059       0.82466503580035710       0.67757896942816520       0.73220001777413790       0.67712275094685492       0.62469806396379546     
  0.77027015470159799       0.98117838095057242       0.97784227054900141       0.94513841567425216       0.96035349991945507       0.94075110039341880       0.82314771205379311       0.79312862546859964       0.88517248775342494       0.86210044674565833        1.0685063055451656       0.76421513030956201       0.87538529562599698     
  0.66298313283539889       0.23577696395350703       0.24744581332346083       0.78339009329955012       0.60773467123991609       0.64087632347141943       0.43719668158152214       0.58993695389036116       0.83090998616307066       0.68310558718279557       0.74285812308709787       0.68735149945926666       0.63986628094083975     
   1.0014334660892614       0.96621720613138140       0.91317019008208800       0.88587349551466366       0.86788885387597559       0.82497752296683124       0.78805618831107738       0.82786983442033546       0.85879008031290649       0.89010519402589594       0.85599627320059901       0.96879261357694191       0.82251948374949679     
  0.67925296705415139       0.25096961491046460       0.25990451200377473       0.79279029117956989       0.62270321660421912       0.65809090613344456       0.45165969585153748       0.60270479787648035       0.83629766747006740       0.68863153438428448       0.75302308063513734       0.69813076481272496       0.65523456041294670     
   1.1277973464018920       0.87722939881245998       0.79027467762763981       0.94438655653990400       0.83372334476564203        1.4003874092878499       0.78095954420776170       0.88718670945511180       0.82827838031953205       0.79963989018709358       0.90320333658542429       0.83034224834090242       0.74611944584702572     
  0.69441354661874888       0.26646923913386145       0.27243535992476658       0.80268843838158277       0.63750526608904146       0.67589118725655106       0.46656223993426871       0.61556267810021292       0.84146165932165295       0.69411774905067714       0.76279668690411806       0.71034367591773029       0.66960252131819908     
  0.99796387849862533       0.72889602490691052       0.88503484714707048       0.91935705978112947       0.86505615662328406       0.92280828712796059       0.94386075806849046       0.98977279303765042       0.82251648393695775        1.0560103290565308       0.75813175652140308       0.79372978493506552       0.84623092981276660     
  0.70878319249338495       0.28256392331282854       0.28569942402689047       0.81278297363511665       0.65267312115121634       0.69268629829643025       0.48269243532967709       0.62758669566803071       0.84640986870215551       0.69970428409965557       0.77250851629475414       0.72504769500749666       0.68159998454738391     
  0.90648141117048908       0.82224365549661782       0.98311452851742265        1.0128972035702579        1.0556747318263218       0.91699069259035682       0.83214453435097058       0.91601067982777751       0.91629466831696338       0.99746460227911971       0.89381534475320024       0.82902913654118671       0.92815058392535765     
  0.72329053668442278       0.29990147233450259       0.30087435415532260       0.82224752130938450       0.66800417951730173       0.70958733891446391       0.49934032702420866       0.63901848378667758       0.85159801799235524       0.70520087747133331       0.78206903775658976       0.74089277541812559       0.69341422207489145     
  0.96188890034668117       0.98859542815154700       0.91964702300841750       0.82271530163351392       0.98549902728677363       0.91583557270242910        1.0325047471641264       0.84729057538046604       0.82149931762263850       0.73334436384993607        1.0482410802740165        1.0661120589911197       0.70768100078814800     
  0.73904497005852188       0.31875306912661183       0.31653239240902209       0.83091585840013349       0.68367833572000769       0.72669287423968432       0.51698021181520692       0.65153636184610886       0.85685971085604618       0.71012908890640680       0.79206556912938808       0.75602588545841132       0.70562669240498965     
  0.82783564844424762       0.87478803055892496       0.96052807681655639        1.0654218931727251       0.98710988526531573       0.87500137524682942       0.86330990296220844       0.91619521520589708       0.98862388760765130        1.0704474218094000       0.83000988212098670       0.97487685826149972        1.0853350142498401     
  0.75524970273165903       0.33824300729803802       0.33320635293520434       0.83929276933977270       0.70058091077962603       0.74409248984921650       0.53492102349287329       0.66543232473490921       0.86228445907302265       0.71519886901586727       0.80301299241541757       0.77046262444648905       0.72039769562917799     
  0.97787408375008511       0.90435946202044903        1.0332255901516132        1.0056202083743466       0.88758201789382019       0.97265062076009867       0.75725141829282538       0.78333582532268198       0.88048263534044813       0.78417086386985468        1.0374751183999380       0.88079117361959913       0.87977528775330305     
  0.77094231189799289       0.35822440741023465       0.35080818475039077       0.84781878706886260       0.71831917707013182       0.75798791650542630       0.55277046662972262       0.67866872825917801       0.86796595638145013       0.72036764490278826       0.81431782383601525       0.78465645819762053       0.73591518455692140     
  0.94501351239728182       0.78138940622828956       0.96530646622149874       0.95623804766479170       0.92596116775339776       0.87152473543708620       0.98076510825089425        1.0091616562769667       0.85918012550460321        1.0544615237803292       0.98881061097693490       0.88550679706295765       0.79371460906903279     
  0.78644752504056437       0.37922589807304902       0.36975016360871682       0.85653415944621558       0.73522525768560976       0.76958641032950370       0.57032798534913065       0.69153076464152852       0.87416065530219700       0.72587238973430979       0.82494011246414478       0.79871321421650654       0.75173104804998681     
  0.88214681982328746       0.88624115123893976       0.96473121516410343       0.93761567906613497       0.96199347329954310       0.87856010251909544       0.92217492862961070       0.81344535490535252       0.97462168657890802        1.0262962805706808       0.87822468977511747       0.85464249974091855       0.88903083321718657     
  0.80220639974121066       0.40245977212171175       0.38852871810499540       0.86475660125542375       0.75093866664834807       0.78092662504296417       0.58758439986465960       0.70449137118716731       0.88054462051285254       0.73120825372286080       0.83538609963823363       0.81254364706618276       0.76775695415428968     
   1.0839432879412041       0.82129879089359537        1.0717826011111768       0.84427440832187339       0.90886294154722269       0.75422207928190510       0.85218732265347252       0.96222732801249578       0.91534658937378655       0.78701697160592732       0.86651339440335728       0.86365577867366217       0.88914599997075039     
  0.81811539219113805       0.42710241825145112       0.40660580457907403       0.87373403169633768       0.76592077757207799       0.79305185731658046       0.60522217438358317       0.71914435491266049       0.88668739080051784       0.73726501853542292       0.84514456328445997       0.82640184612830259       0.78398798829198513     
   1.1255128125114133       0.98939988517410160       0.79241985334287202        1.0714769705958331       0.86626467492212966       0.86062859532404823       0.86301328785166376        1.0256375629706980       0.88947316604412474       0.85082074524739892       0.90747408780487859       0.82950364411049404        1.1095306491258432     
  0.83364187877728912       0.45236431397648069       0.42497883914910339       0.88337631832512564       0.78142684738837331       0.80742353256309263       0.62426324947836220       0.73507331985919577       0.89237380012230383       0.74389675330612592       0.85439069430158421       0.84007165790821048       0.80059447771583681     
  0.83876430107621158        1.0056101509477928       0.83418652302383678        1.0294612311684537        1.0052884425295532       0.97054164042971247       0.89023945026675777       0.93625898534037344       0.98750892537452906       0.98161115082069261       0.81751157902790694       0.87665608693291763        1.1835294862338757     
  0.84912243911553220       0.47870603892278280       0.44505918072467143       0.89271950522257537       0.79765817031649255       0.82292171314759244       0.64496148075376403       0.75123833659017158       0.89793854339294121       0.75090441139678310       0.86375941880471430       0.85354914914661484       0.81719371425281784     
  0.83559136739609952       0.75998058015039927       0.87004472330810123       0.97827132872477418        1.0108623664078273        1.0347659436973475       0.80547969420820276       0.81811165553404630        1.0208480862633624       0.92794003694033500       0.80131195372560493       0.86944487298395112        1.0425996543016596     
  0.86455051321672016       0.50698432607813804       0.46807564868641521       0.90146196961557734       0.81498153917672789       0.83767297314985445       0.66560679159063596       0.76808575119766076       0.90380525608402251       0.75777163630415412       0.87372346910766052       0.86717921814402266       0.83382427790435620     
  0.95096899472966590        1.0216715544486961        1.0349686090266792       0.80673893248859463       0.97415305223553439       0.84366418231401064        1.0080527303599194        1.0347926775254923       0.85959245086204594       0.77371440458202290       0.95465794280983829       0.75182504259654626       0.98458813651870958     
  0.87967017306797268       0.53824339186362502       0.49140121740278397       0.90968144729680989       0.83214748376615888       0.85257820743764279       0.68624244843353277       0.78450675872980169       0.90986998097293581       0.76426385382123396       0.88435770905744382       0.88064612274426979       0.85053160053483501     
  0.81192225958343989       0.83811527845317091       0.95033930149079182       0.88518484052914126       0.96797985575055889       0.89138512757699151       0.89328454991738149        1.0049275179464892       0.85606112334777784       0.87617189371394544       0.74887054464485092       0.79245853378118059       0.88355942300811785     
  0.89535149529786295       0.57143365772401256       0.51842774255483970       0.91795078533153007       0.84801016823936193       0.86798538769082745       0.70702990186854553       0.79976152043990045       0.91666825965784460       0.77076343143555737       0.89468027244214088       0.89380541566172800       0.86612212462025995     
   1.0441415625486503       0.84174945865256423       0.95337404379936419        1.0323381787049213       0.93672602001753036       0.94558823654034374        1.1544836187066498       0.95787262276909590       0.92183478573377120       0.84070866733556326       0.96376994650122194       0.79060987125719862       0.94189002506137753     
  0.91103420555890868       0.60418163453457496       0.54910488516429723       0.92626660631581781       0.86328478642237549       0.88303223712206935       0.72913363308572898       0.81563427288070334       0.92344745374421999       0.77804271343809506       0.90492329619489176       0.90624271177297888       0.88220716480102146     
  0.83394587504647200       0.95883531684306567       0.91290765849630739        1.0872131516270902       0.87497993032967680       0.98175194861444337       0.77546319864565716       0.79060163180784548        1.0550410229657976       0.93591854093892035       0.90024388391912191       0.84922041902690104       0.90077065493312625     
  0.92594858005092595       0.63981919653629948       0.58435336808068672       0.93540411373338450       0.87904784975695494       0.89863638454890260       0.75249384709750644       0.83199952193633564       0.93009590696405797       0.78651734143908447       0.91545320918531803       0.91811227599253242       0.89697733981090766     
   1.0998851377482541       0.79289295874796040       0.93301770633462133       0.94078084090630731       0.93042857500746590       0.99284902995764257        1.1652172868961306       0.81094615731359099        1.2351939790921793       0.89174232104960682       0.79594290712684734       0.90172732421662649       0.99509215258396733     
  0.93947703368023217       0.67737419753051620       0.62414535380467306       0.94444357608124119       0.89571991016935948       0.91313167003251272       0.77820243550681312       0.85145000683618288       0.93683538478017281       0.79588097914333844       0.92625770108083016       0.92966001002392618       0.91119646403326604     
  0.91973003408114673       0.89227652409016056        1.1020540289069567       0.92491161033978608        1.0207438792779198       0.83438786652686070       0.86909092457493342        1.0245352226655104       0.92087116599589480        1.1827299125569253       0.86271657124409662       0.84457390580348335       0.86791606590178694     
  0.95177058241530565       0.71755095114658385       0.67316286197827180       0.95258768078225242       0.91299581548490749       0.92594953432140359       0.80565366816453710       0.87215216432572429       0.94368417801997684       0.80598942615829972       0.93776025414670250       0.94109157752013672       0.92433434731946162     
  0.88297095564113470       0.95106100011721639       0.95545451848715324       0.84467962332726232       0.96822310711378246       0.92041392118876386        1.0593298295738012        1.1208334777829749        1.0373930457900014        1.1436583250258141       0.88263599144295091       0.91097493523899420       0.73582816473268520     
  0.96359025408227006       0.76143149247193653       0.72588398217095695       0.96013776312356436       0.93081961126353374       0.93831221013541044       0.83543699140048866       0.89460524114577655       0.95111369811114754       0.81789124672778002       0.94949433524021976       0.95245632786387335       0.93658830681958738     
  0.85006381695035038       0.79973584950875165        1.0026545411222596       0.77206447869102390       0.87305250324175510       0.85052061903408593        1.0420293987046003       0.97743950327956108        1.1064215818323877       0.98137693563080886       0.87102288952550710       0.80472099376947537       0.82621994018682410     
  0.97533590435401707       0.80989130093247930       0.78091416334034591       0.96811046680808743       0.94718679744445888       0.95345145609633586       0.86651722409983456       0.91835608366047472       0.95911941569101333       0.83115335393024370       0.96072380021470949       0.96386735627727926       0.95172481533466580     
   1.0184436028088202       0.80502309629323110       0.91017858942947127       0.88070957676681383        1.0109447666435665        1.0067124229766011       0.86521253691001476       0.98722062570340985        1.0028059258393007       0.91486670738049169       0.84132007769922812       0.82102388575919971       0.79761628274450669     
  0.98550674455010401       0.86254846768837368       0.84408389755737001       0.97638638175718595       0.96437904045840117       0.96972168792113245       0.90008166618981333       0.94445046306850189       0.96850039090723450       0.85464009667960328       0.97245429207891654       0.97546371203161664       0.96637632999774958     
  0.70103375041305571       0.80025043387378014        1.0704715708293562       0.86871617114949373       0.85914387948817361        1.0229224967196668       0.96948774738129651        1.0293595104821327        1.2005581907872283        1.1639707215933366       0.80576379853580993       0.82324184042944304       0.78467279497131304     
  0.99321933388009653       0.92720229973035917       0.91936346107390554       0.98824503421552523       0.98178940132903314       0.98484503086665065       0.94386613796673779       0.97093569968921800       0.98131671279647747       0.90794817589350618       0.98524143390743324       0.98750848365226152       0.98314457222476670     
  0.88911479268884075       0.79545286610441546       0.94113441860860469        1.1106976781941893       0.95608045795383878       0.96864753764790190       0.76674854867353370       0.89994009843991951        1.1821554281462054       0.91587178908538180       0.74219132762036799       0.84944305938355547       0.88116006011732029     
   1.0000000000000000        1.0000000000000000        1.0000000000000000        1.0000000000000000        1.0000000000000000        1.0000000000000000        1.0000000000000000        1.0000000000000000        1.0000000000000000        1.0000000000000000        1.0000000000000000        1.0000000000000000        1.0000000000000000     
   1.0143396738454704       0.99442297744036490       0.97160169005260699        1.0432858413018280        1.0517942251596579        1.0038181748174224       0.77036161710719986       0.91880851800988350       0.90802430424200298       0.65063082321738808       0.73966307931577857       0.79712996391187563       0.92668027662092556     
   11.253144912037696        21.869426749091275        20.726266483050246        11.216716555970056        13.110136970694869        9.6868496183580319        9.2320497465300946        14.057575297048004        0.0000000000000000        6.9807614152798196        9.8171349480245258        11.671464760021667        10.337347698384514     
   12.060738738088443        9.6319862687590501        10.397084419160965        12.217020177750417        12.092007121711843        10.773536285329545        8.6465736755263904        10.627785122353185        9.7519931440068230        10.416630338497106        10.479563030687617        10.857328982824297        10.904734568828514     
   13.173289415381932        7.2115229551292703        8.8647702194007785        9.8909609021089082        13.209611275955416        12.521380992615750        11.427510246246166        8.8890048336028489        10.660457032024469        9.4118506213107977        12.594360398324298        13.021330988959809        12.619973141210352     
   10.353324022225861        7.5269400301558589        7.5377252494918983        12.477924612248131        11.864905312743796        10.064443168990790        15.223947276132145        9.4026023899958702        11.943852006487427        11.188464127949027        10.823617190351438        11.064991359147731        12.694978348443675     
   10.558221025114742        9.1816268582887428        9.7055030402888267        13.573757470572229        13.590989989235924        11.554207661014788        10.702965869436964        12.333535903066780        10.996568248831517        12.045505506583792        13.526795146714674        14.872348700986436        13.071221289656874     
   11.078597732870600        8.8347472682921016        4.1445191303029922        12.726564976333297        9.0985394019538841        9.3487479637267672        14.252403977599037        12.377546136529739        10.961809206226777        13.446029763945722        12.807233640758525        14.461978246136317        13.186447777435191     
   12.497661310107876        8.7731110790023852        5.5618080523436610        14.367284122820983        10.815678967337961        14.376619425752223        13.273128156907244        11.858855971985333        11.309419395146502        12.551146298116194        9.4009368596026803        10.881082247529843        10.898247784764854     
   15.382135198230023        8.2350471534551204        13.661353023902972        11.390844374934941        10.529665905788995        16.312222790335994        12.502798096548212        16.859985549983353        16.730696854665638        11.700069412579778        12.522636188838502        12.021335313791585        11.499636023127460     
   3.8739442441243642E-003
           1           1           1           1           1           1           1           1           1           1           1           1           1
   2.1635605223333603E-003   1.8435517535128005E-003  -5.6256128795191742E-006   10.494812999019729        3.9601884680301715E-005   6.0582791829859834E-008
   2.1428654749005754E-005   2.1210208466921072E-005   2.2573238777798997E-006  0.13633848209942417        2.2565226204382826E-006   3.1159890869620419E-009
   5.0000000000000001E-003   13.742970848938182     
