     
 Collinear #           5
 ME*wgt:
   0.0000000000000000        0.0000000000000000        5.5273013221144593E-020
   0.0000000000000000        0.0000000000000000        5.5273013221144593E-020
   0.0000000000000000        0.0000000000000000        5.5273013221144593E-020
   0.0000000000000000        0.0000000000000000        5.5273013221144593E-020
   0.0000000000000000        0.0000000000000000        5.5273013221144593E-020
   0.0000000000000000        0.0000000000000000        5.5273013221144593E-020
   0.0000000000000000        0.0000000000000000        5.5273013221144593E-020
   0.0000000000000000        0.0000000000000000        5.5273013221144593E-020
   0.0000000000000000        0.0000000000000000        5.5273013221144593E-020
   0.0000000000000000        0.0000000000000000        5.5273013221144593E-020
 wgt:
   1.0000000317215414        5.0529001580013979E-006   5.0528999977156220E-006
   1.0000000030405083        5.0529000130790065E-006   5.0528999977156220E-006
   1.0000000003027938        5.0528999992456083E-006   5.0528999977156220E-006
   1.0000000000302669        5.0528999978685571E-006   5.0528999977156220E-006
   1.0000000000030267        5.0528999977309151E-006   5.0528999977156220E-006
   1.0000000000003026        5.0528999977171509E-006   5.0528999977156220E-006
   1.0000000000000302        5.0528999977157744E-006   5.0528999977156220E-006
   1.0000000000000031        5.0528999977156372E-006   5.0528999977156220E-006
   1.0000000000000000        5.0528999977156220E-006   5.0528999977156220E-006
   1.0000000000000000        5.0528999977156220E-006   5.0528999977156220E-006
     
 Collinear #          65
 ME*wgt:
   0.0000000000000000        0.0000000000000000        1.7483459106986549E-021
   0.0000000000000000        0.0000000000000000        1.7483459106986549E-021
   0.0000000000000000        0.0000000000000000        1.7483459106986549E-021
   0.0000000000000000        0.0000000000000000        1.7483459106986549E-021
   0.0000000000000000        0.0000000000000000        1.7483459106986549E-021
   0.0000000000000000        0.0000000000000000        1.7483459106986549E-021
   0.0000000000000000        0.0000000000000000        1.7483459106986549E-021
   0.0000000000000000        0.0000000000000000        1.7483459106986549E-021
   0.0000000000000000        0.0000000000000000        1.7483459106986549E-021
   0.0000000000000000        0.0000000000000000        1.7483459106986549E-021
 wgt:
   1.0000000077361115        3.8359702830726436E-007   3.8359702533971503E-007
   1.0000000007415057        3.8359702562415441E-007   3.8359702533971503E-007
   1.0000000000738440        3.8359702536804135E-007   3.8359702533971503E-007
   1.0000000000073812        3.8359702534254645E-007   3.8359702533971503E-007
   1.0000000000007379        3.8359702533999810E-007   3.8359702533971503E-007
   1.0000000000000737        3.8359702533974330E-007   3.8359702533971503E-007
   1.0000000000000071        3.8359702533971773E-007   3.8359702533971503E-007
   1.0000000000000004        3.8359702533971524E-007   3.8359702533971503E-007
   1.0000000000000000        3.8359702533971503E-007   3.8359702533971503E-007
   1.0000000000000000        3.8359702533971503E-007   3.8359702533971503E-007
     
 Collinear #          50
 ME*wgt:
   0.0000000000000000        0.0000000000000000        1.7309551877719136E-021
   0.0000000000000000        0.0000000000000000        1.7309551877719136E-021
   0.0000000000000000        0.0000000000000000        1.7309551877719136E-021
   0.0000000000000000        0.0000000000000000        1.7309551877719136E-021
   0.0000000000000000        0.0000000000000000        1.7309551877719136E-021
   0.0000000000000000        0.0000000000000000        1.7309551877719136E-021
   0.0000000000000000        0.0000000000000000        1.7309551877719136E-021
   0.0000000000000000        0.0000000000000000        1.7309551877719136E-021
   0.0000000000000000        0.0000000000000000        1.7309551877719136E-021
   0.0000000000000000        0.0000000000000000        1.7309551877719136E-021
 wgt:
   1.0000000195976051        7.9213658797478242E-005   7.9213657245080275E-005
   1.0000000018784296        7.9213657393877550E-005   7.9213657245080275E-005
   1.0000000001870666        7.9213657259898500E-005   7.9213657245080275E-005
   1.0000000000186988        7.9213657246561485E-005   7.9213657245080275E-005
   1.0000000000018698        7.9213657245228391E-005   7.9213657245080275E-005
   1.0000000000001872        7.9213657245095101E-005   7.9213657245080275E-005
   1.0000000000000191        7.9213657245081779E-005   7.9213657245080275E-005
   1.0000000000000022        7.9213657245080451E-005   7.9213657245080275E-005
   1.0000000000000002        7.9213657245080289E-005   7.9213657245080275E-005
   1.0000000000000000        7.9213657245080275E-005   7.9213657245080275E-005
