   0.0000000000000000        0.0000000000000000        0.0000000000000000        0.0000000000000000        0.0000000000000000        0.0000000000000000        0.0000000000000000        0.0000000000000000        0.0000000000000000        0.0000000000000000        0.0000000000000000        0.0000000000000000        0.0000000000000000     
   1.9516373068198627E-002  0.18165747367162821        3.1446425846014823E-003   2.3451909240395405E-002   1.3967175169981924E-002   7.9781448135552904E-003   1.7177820483825653E-002   1.7289521807903958E-002  0.35465226260374838       0.24266206620128586       0.10233753370092530        3.8643150086365499E-002   1.4618997506852905E-002
  0.54083412324600566       0.56049562834977162       0.85951926036334803       0.61022237358609710       0.70507853823450040       0.85666990250683095       0.76749065949266770       0.64736729770681911       0.54044238772434749       0.51773685710861295       0.67364604936958150       0.73615945922260129       0.63165309912971301     
   3.8380698184844429E-002  0.29610258851892846        5.5436576115560493E-003   4.4477740123894410E-002   2.9195777668365230E-002   1.6293247692369495E-002   3.4245616780020596E-002   3.4321254027668058E-002  0.50608295082980148       0.32906442117920315       0.16403604827905860        7.6353577230422007E-002   2.8540017432711562E-002
  0.73964107142291990       0.58296775300527570       0.75099634862977760       0.74587422127688974       0.70098412773242014       0.79558786735694764       0.76328096270602452       0.69459071435697095        1.0207973712742504       0.88755117775091907       0.68750755973050437       0.62029211644006410       0.76629591107185557     
   5.5736409373302327E-002  0.36132197075377448        7.8774798131720919E-003   6.3776077938631270E-002   4.4572629002484002E-002   2.4129220276669784E-002   4.9373402706832388E-002   5.1877604680855671E-002  0.53234146178994957       0.35455175842331232       0.20166231514501803       0.10736377775564074        4.3257867325731170E-002
  0.68726488032215127       0.76853538477738070       0.74254387229884022       0.70265365015000691       0.69374452921117469       0.90768183157208560       0.73069134827233240       0.72243634695833392       0.63120264737081633       0.71637182685300360       0.70267357053416712       0.80528336792981736       0.74792403136957875     
   7.3385042545658183E-002  0.40867532498679188        1.0080301100086118E-002   8.0929200381451044E-002   6.0662753219828509E-002   3.1471254625434202E-002   6.4916164543801766E-002   6.9298633946631258E-002  0.56022555773060057       0.37632790880553751       0.23152531295264422       0.13881988931771516        5.8455669417874521E-002
  0.68989589641026750       0.77482310638208551       0.75525025519930589       0.62073939171576731       0.70134057524463933       0.65548505807592772       0.65986031929584732       0.71765360348499596       0.61941241663148794       0.69770919825078137       0.60598963995923227       0.83595045068966167       0.64124003745341229     
   8.9274951949313910E-002  0.44266535374883098        1.2265609068034504E-002   9.9031592755475906E-002   7.8887577919156945E-002   3.8787681792273029E-002   8.0760450143458187E-002   8.3879760598922298E-002  0.58258402596060255       0.39218601703433981       0.25809474318647235       0.16306244072868975        7.4658333080523137E-002
  0.64331974643385126       0.69366894284555436       0.61370990926524627       0.71776253429013503       0.65984285534215004       0.65926815505946612       0.70201735108305041       0.63367738128779394       0.69993711860908447       0.65573352599364743       0.76251624797780404       0.60505817878189005       0.72212212625728045     
  0.10469905243413423       0.46861202712176553        1.4613400183601445E-002  0.11750614633051133        9.6155282176286327E-002   4.6507441247610540E-002   9.5488521264186832E-002   9.9266331689607634E-002  0.60104339238704951       0.40613551318831037       0.28193842615323217       0.18433759310684794        9.1212792834578948E-002
  0.69162477956154167       0.51818853790569730       0.79863383370170493       0.74336557033179007       0.67478626332541058       0.72701294096125590       0.66701696216850870       0.70415069800876318       0.72623539740528686       0.65681079577321089       0.86697316567524640       0.73229452036659859       0.62510784021121024     
  0.12004526944588906       0.49305597202685086        1.7150503634885555E-002  0.13555388701137061       0.11276876386611126        5.4610530372570791E-002  0.11063493667264422       0.11293792946527087       0.61688768107317205       0.41933268068639312       0.30179843320118133       0.20444178294065157       0.10716364586862262     
  0.55613156923616536       0.65907752401688235       0.93095262705211523       0.69545256209749795       0.67415902815046524       0.58789801374462225       0.59032845953765534       0.64126628480054870       0.76752079073433699       0.75982653453835958       0.73037393190744648       0.64452426063005319       0.78225541234576701     
  0.13591233146750634       0.51701581691275345        1.9803638441340150E-002  0.15425946607699878       0.12826125211573999        6.2876633476883131E-002  0.12556738879508178       0.12562396596164940       0.63096238337803845       0.43118391152925345       0.32069084842739298       0.22036954174274068       0.12414542605793624     
  0.70455389895513609       0.67697059721340336       0.70487833205001782       0.78660903587863440       0.82326380417808731       0.74557723320647895       0.72521435398683809       0.74880565309279046       0.66834974006577852       0.82751484045435497       0.59945477217412391       0.69386948729978770       0.86337855774285799     
  0.15266031566290267       0.54115351591442740        2.2578376366334994E-002  0.17204987835189964       0.14274978053485876        6.9936484308344538E-002  0.14129508787470263       0.13882269692320057       0.64370883664827894       0.44185849280542711       0.33866930669094297       0.23772414563545299       0.13952079610133616     
  0.74537719406238556       0.65387927184043471       0.80361269626747345       0.63534812605870294       0.60389176359712293       0.75842816990381157       0.57124118767941967       0.66424600159315916       0.87053635048748412       0.60448656187758598       0.73879488431825191       0.73348557724728658       0.68261871558339748     
  0.16893575577590833       0.56399179805107436        2.5558815948665006E-002  0.18895567849633149       0.15803738393165986        7.5969875438727311E-002  0.15682477731703542       0.15424964460435642       0.65555410625300770       0.45233734503039247       0.35723493498017006       0.25320132965334069       0.15548674209746000     
  0.72389001841186851       0.71823373462199536       0.77717537289784955       0.72753192414608914       0.66370297290791003       0.59379765264883055       0.73916955910102877       0.78428484368243001       0.59580688625361522       0.65144328434409859       0.65322648543503881       0.74308758023278787       0.81721662622353897     
  0.18610709313374740       0.58441082258175003        2.8769069880748076E-002  0.20403801095627377       0.17442595022694668        8.2154427214071568E-002  0.16978150428848671       0.16890691957597143       0.66681537773915456       0.46250171585152844       0.37651874834607751       0.26899591492933922       0.17074173052062269     
  0.66059125859713119       0.76797778351205837       0.68529688485654772       0.71711472942714016       0.63940941911828786       0.71164835985058905       0.65025746564891085       0.75019820413480087       0.75148475159358186       0.83778413260500251       0.64984124391312847       0.70193832906607811       0.74387266688471831     
  0.20356419102715256       0.60262098078053916        3.2154286080561006E-002  0.21897860965170821       0.19061898199527369        8.9161551832661570E-002  0.18272138422358225       0.18276621722749595       0.67778774004103193       0.47192293645810340       0.39486858539770453       0.28599903900333362       0.18640584255748402     
  0.65094715050317653       0.64210858748454158       0.69457839209224959       0.61086238314910013       0.66714225158107154       0.60943253147121679       0.61926486343462217       0.58168748609508014       0.81795992595662492       0.72022715638832802       0.60465198940294052       0.74517454538637218       0.68232432999994186     
  0.22007230548133555       0.61912154863517221        3.5629477110074297E-002  0.23350913784397428       0.20638747962214871        9.8708491325680242E-002  0.19549615082200583       0.19654291540363394       0.68843606523832079       0.47983423730597502       0.41442463811731195       0.30493105694356559       0.20279593897909326     
  0.59044253056638385       0.70132009133899509       0.73929507628225888       0.59328850476394934       0.68787685680214772       0.70828755526862563       0.55743172416388154       0.64562617190789950       0.64309948621569735       0.73260373725029404       0.75607241068601017       0.67021800434713841       0.71335466499227151     
  0.23704122860380245       0.63514163677614044        3.8991917754145948E-002  0.24900214201891011       0.22231349126922045       0.10883018924147313       0.20953018953068347       0.21020238992287721       0.69851328263057588       0.48708630894925270       0.43372233168919222       0.32387193373737039       0.21947997014761042     
  0.84539798413949874       0.65838701818788115       0.83664047829824717       0.66611581892861560       0.59970472174978884       0.77845593534139623       0.69426346828691443       0.59920322350590682       0.67448175359289209       0.61782886982257657       0.76278512937133214       0.64944159687114389       0.66230471051970186     
  0.25339098755724659       0.65088943219619977        4.2180882510500985E-002  0.26432821882091273       0.23843271978466163       0.11833159253586095       0.22454499711809292       0.22566473393700723       0.70822231871384411       0.49414068951971818       0.45079520855674299       0.34278063891970634       0.23569877051268268     
  0.83755944170454955       0.61384278326996511       0.78113941708009527       0.75208573665044320       0.65042732890717636       0.81995223397395223       0.65124784679554804       0.60197232903848374       0.76915322823834020       0.62651787179579144       0.68710255011876564       0.68397492875071897       0.66163023088931927     
  0.27075063594354765       0.66596929405125949        4.5479738264723214E-002  0.27907716390875775       0.25518310064837219       0.12705547880109025       0.24030028058837713       0.24217483653527655       0.71748236454719150       0.50204993541317167       0.46583899679716229       0.36199418104481723       0.25184835774132103     
  0.69806630896779376       0.72028456377581529       0.62700189519284744       0.62233995085539529       0.63163254119928791       0.74473486496504726       0.66875269959292338       0.73269857618310963       0.62936416926162730       0.78385259055792378       0.78951513629609893       0.65804909104698861       0.75691555517223785     
  0.28928483058661530       0.67973649573568673        4.8771599260797827E-002  0.29372689939357133       0.27196080147032647       0.13632573990579486       0.25651763182223186       0.25708071806390664       0.72582583527063615       0.51078752875396771       0.48049870007603468       0.38087487244700480       0.26867330248258470     
  0.75949353573752809       0.61218296729511568       0.62196671781140389       0.67707658903802137       0.74184461272102120       0.73799188737896249       0.55950848489179084       0.72668948292353097       0.67788626256943674       0.73172345979313513       0.69186280750995088       0.64884665955760201       0.70633734496993184     
  0.30763384624811096       0.69297169043559659        5.2036768887774427E-002  0.30793139831548222       0.28842870028684164       0.14631757738311815       0.27267801333069297       0.26879370780768480       0.73337642464193664       0.51945170128588836       0.49512491962568994       0.39897529625415706       0.28670483626903076     
  0.69634787813865340       0.61354512537059747       0.64434857468874540       0.62031679600984335       0.62531046725098793       0.65335725451787940       0.58967629987414472       0.60900612921335673       0.73676037415332785       0.70915197791210038       0.61904934965553848       0.66371668206023193       0.77971628986013342     
  0.32514402519676694       0.70535654831168848        5.5504518091705556E-002  0.32220099376573769       0.30513446629639362       0.15664880459171959       0.28900943087907938       0.28012662994811444       0.74045440883105351       0.52766856709753251       0.50974276856430234       0.41711803237000150       0.30416003167969036     
  0.72117981613758964       0.75072351953246774       0.68020854350239457       0.67188607869084527       0.66483429222259594       0.75314923175789283       0.69456131042219882       0.59571779836797412       0.60141059529641161       0.67274744381580831       0.61557850451290319       0.66606772661677460       0.57214675670743664     
  0.34191597170998106       0.71784183799054535        5.8916273562351809E-002  0.33816274808662883       0.32155651003517133       0.16791624234003111       0.30632756155195806       0.29142511511240565       0.74762363310912783       0.53511992002234332       0.52414534804671142       0.43432990968822499       0.32077034581470787     
  0.78374305811299527       0.58964207609397890       0.65901032610484522       0.69224356373690610       0.70747946549817731       0.62386392626124976       0.76498704631331704       0.65672869939671308       0.64379185720214294       0.66505435624747877       0.68175978912331536       0.74317737923368477       0.86321313001485878     
  0.35789530037378886       0.72993867356826403        6.2635217176477964E-002  0.35346593119784853       0.33763809547353213       0.17941006131830994       0.32472433140853979       0.30427343267900481       0.75535585999550625       0.54216970022457001       0.53816901520618377       0.45015161541066634       0.33718870782270127     
  0.81207370051057215       0.60162908099479340       0.74368974616210815       0.63731782136986148       0.78573308375889972       0.64089378014372744       0.63944909144990991       0.61376760962502419       0.70268488226661630       0.66686636147953615       0.75943907203428440       0.79759587730925330       0.65714115990693045     
  0.37330628953242867       0.74160879254862344        6.6741792706794034E-002  0.36977281913012233       0.35284594899511851       0.19156969179016842       0.34077808403385618       0.31937350773990753       0.76320206769209709       0.54917163251323542       0.55137306282703935       0.46501844508154738       0.35472166032133401     
  0.64292452595291283       0.70339354667210141       0.82860552241789553       0.65676628983885377       0.74724146319499063       0.58091750323581004       0.60837648289804747       0.62907573051308285       0.71189422255343160       0.60538409297622908       0.74253867598835310       0.69270599167838065       0.77811210144525089     
  0.38777194137330073       0.75263636399872380        7.1011767795966588E-002  0.38567927481947706       0.36913155155895944       0.20337687482266528       0.35405522486734115       0.33560167566063781       0.77073554476119643       0.55603635329680823       0.56372206148175841       0.47920501790446690       0.37128149536748728     
  0.54525826300990221       0.79491004814582877       0.66836676124241901       0.76185342978397796       0.74045328747426187       0.69503663234177560       0.71768780569088231       0.62241526976948924       0.66094598497376833       0.65333476164843274       0.60094520499439219       0.71421228098122957       0.66517523988494776     
  0.40125422692635121       0.76369637857663686        7.5690012893581834E-002  0.40097545054557171       0.38418372926277700       0.21511462202307197       0.36798593377380318       0.35138847740043111       0.77788812743845892       0.56290560828752978       0.57607904645237129       0.49285281342981235       0.38634364658814568     
  0.74926407010967977       0.64263908102028089       0.63379333532518090       0.59561768334353526       0.58669564937624530       0.66764333345605942       0.58785777163388619       0.74936513791434634       0.58708949350735073       0.78179933490738740       0.59767293084337658       0.77859211252509131       0.63820828358938408     
  0.41391356313603694       0.77460249851918039        8.0562876549145374E-002  0.41576000725133988       0.40097852351725632       0.22711651704420799       0.38059165066253997       0.36713793575415066       0.78450476663165303       0.56951297562246050       0.58875692187617135       0.50672342414529037       0.40106640132345434     
  0.64212008271178778       0.68882690510537836       0.65909465220899155       0.65447787087697906       0.72165679550685469       0.61715438235338160       0.62304712341820989       0.68636129760099007       0.66618549211863953       0.66195103660211041       0.64318562875149088       0.65105503956865263       0.71291075415219807     
  0.42627664267162135       0.78522192246197131        8.5537358650615194E-002  0.43059915281066447       0.41764674636672694       0.23930047583699635       0.39271467130682769       0.38340105992986645       0.79064286015595064       0.57614021831966189       0.60133171807366526       0.52112914486541906       0.41561080755613800     
  0.67003313396313435       0.67532354954421137       0.72217824380445039       0.71138617803934556       0.74562121065881459       0.73662389578074550       0.63511803652378207       0.72378870872155165       0.61488293521727733       0.63045998722006391       0.82184332472658550       0.73857713684552107       0.62755181701730200     
  0.44100511413122356       0.79524006166298145        9.0941179580510942E-002  0.44530578565780538       0.43259747501365337       0.25200132328941888       0.40582801141795222       0.39975799836858722       0.79647240480452441       0.58281642959212498       0.61376446985492128       0.53583335105219521       0.43193014745762076     
  0.69669753625042963       0.72296717618443440       0.57324667742957780       0.69279476953375640       0.70261801100750632       0.69116263914702403       0.64610641928030443       0.73552695080641539       0.64431540594162728       0.75839673433934440       0.79715728157695520       0.72137089032962287       0.64799924484978400     
  0.45649593540435524       0.80474759569869880        9.6961485810695747E-002  0.46068030256274201       0.44810736919526051       0.26451434708776494       0.41869650246160139       0.41562582488430222       0.80239914577852212       0.58956533943324574       0.62614115855919161       0.54916830028218566       0.44808974869766471     
  0.76496773444545307       0.72833460809621176       0.68025799184872926       0.71187410680179275       0.67589101247717454       0.66234930916684553       0.67479097941431365       0.60867748268008859       0.62891584057830940       0.70016269968642575       0.65673148929158054       0.55775828651969672       0.60125916736007823     
  0.47327668405681678       0.81388970857167764       0.10337242597450862       0.47560465071524621       0.46297470196978080       0.27694454070017133       0.43306695118381061       0.43119777519637942       0.80857739588006883       0.59623673397469346       0.63858448665021739       0.56209298653202588       0.46381521915746782     
  0.68269440119286862       0.65464507238999192       0.59451810052281662       0.70532825119887710       0.70778903132307491       0.58894743747454004       0.72807896186125609       0.62018525366931310       0.62401517186149846       0.67804329601458579       0.66483472692459911       0.71105202914010002       0.71537970926514494     
  0.49050470623640469       0.82263679937910361       0.11011355962350731       0.49046528161218816       0.47948016318859726       0.28930175778430822       0.44875663796946452       0.44716616815333399       0.81428803348714618       0.60265542034945052       0.65076503555505827       0.57439468459707499       0.47976059427122902     
  0.63705269950961385       0.72474733439894623       0.62830746758551448       0.82225125557429646       0.73987150272913194       0.75458924439797814       0.67251820862080702       0.78916404856971911       0.60449764530215533       0.62522045785753977       0.67689833594883231       0.65470334944588182       0.64568882066690481     
  0.50779148506190008       0.83153883194400691       0.11722588040672263       0.50494023811096644       0.49748865794632346       0.30351685902118819       0.46502792781614583       0.46365390289651315       0.81973682104230172       0.60906555116879002       0.66227277622731773       0.58719738494727425       0.49632894649890508     
  0.73524270125850366       0.65645049692152135       0.73615374387909926       0.57311243725643657       0.70214099916294637       0.69427377577742522       0.61068918152720397       0.76963387670031369       0.65064754853944418       0.68807664562510973       0.62045076569253577       0.67632158204184079       0.61978121641708595     
  0.52490522544466822       0.84013123546310675       0.12472070227084534       0.52068718854686391       0.51129511867394895       0.31831864426542483       0.48178070953001623       0.48050950736752779       0.82522155177662493       0.61535590186839917       0.67361922430846044       0.60076250000500298       0.51348498091440020     
  0.68131702258756133       0.75294655009350975       0.65948598815471293       0.65579249678996532       0.70086706475291427       0.67354339257693896       0.75150580099847064       0.69189645893724949       0.71071828547143190       0.83144358097471216       0.67909842884507443       0.66366450996707893       0.68478568830486308     
  0.53984051735330074       0.84869623440792774       0.13270799439646253       0.53687491921001107       0.52597449154026232       0.33330158112496089       0.49853243612462567       0.49726990471886223       0.83075712434726368       0.62097094562765409       0.68500178123065070       0.61377267240941413       0.52996572997646385     
  0.78667845772729350       0.81541968876081572       0.63839875001026847       0.72773797471932866       0.65085091834572473       0.79919405234765184       0.83171738030020526       0.70177888327697324       0.67298125358266481       0.67367302733367018       0.76022296129566991       0.72355429753443956       0.70276220293297509     
  0.55388318659217295       0.85697085357769176       0.14108456262086558       0.55320067413880170       0.54096883335149826       0.34791750536430360       0.51504455601662080       0.51363342237100584       0.83617053926703599       0.62592002724914941       0.69640312973136187       0.62612438453578223       0.54614507833731751     
  0.63198716201063376       0.66096316865767935       0.66553993545170909       0.72108759939960676       0.75269686302335626       0.69425579319292885       0.74580367813861836       0.73329384549076437       0.59424143398313156       0.62975651998409243       0.65282734920286822       0.82435342262534717       0.67250207611135038     
  0.56786650141355843       0.86464033969898635       0.14969401735354573       0.56874619729759823       0.55676140650724115       0.36262116492458479       0.53147796685257698       0.52962619904437747       0.84149545264307912       0.63094758509558468       0.70741639029901693       0.63916773258512194       0.56229278662793158     
  0.60323109506276551       0.64502715217746764       0.66359019433336386       0.70683522330728998       0.67238058390510780       0.68479134920698281       0.83071342622590627       0.72820386989939900       0.62954468604327174       0.60679248135449237       0.75976396827913628       0.71887789431322846       0.66700184582504130     
  0.58239516707062700       0.87183828353980941       0.15897648773878106       0.58448713253443052       0.57315207626672937       0.37709106418479532       0.54781736795953628       0.54525870092929540       0.84691749350681100       0.63614313284952717       0.71777482844183027       0.65271291194654402       0.57906670203324417     
  0.70258759310288388       0.69468689863885058       0.64913952301546785       0.62421751891387955       0.76997149251695285       0.72921586670291050       0.68581453132887493       0.88162900546555611       0.70149238387912483       0.61432054150577864       0.70026617372581546       0.66918174200653990       0.57117759066065132     
  0.59702207534611196       0.87849765310002204       0.16894389613764177       0.60031857597081117       0.58885049644154053       0.39235885195825171       0.56389392772271596       0.56087923478749413       0.85220281470433390       0.64129594017347846       0.72756364838574350       0.66618634688764200       0.59641486934005528     
  0.63230171811691760       0.65233706554598614       0.62831827346148550       0.74619528237553112       0.70005083044433358       0.71074326581511271       0.70347458998308676       0.67330014451616116       0.56483552477327748       0.74391347174150158       0.72137150866852640       0.57839685354795567       0.66528293584253195     
  0.61198470950650175       0.88483678445747138       0.17949922942211610       0.61626347102298396       0.60270737869324131       0.40775418237348238       0.57955339999720890       0.57649750231855867       0.85734010752558920       0.64675397320049643       0.73723142592859181       0.67914256412815832       0.61236473460062757     
  0.71741025521830326       0.65719587938450630       0.64468066429142323       0.65937492925954888       0.63258630925408943       0.63538026818092075       0.70059009898359614       0.65587596515971436       0.73182320457406635       0.63080116046108625       0.70705273645413680       0.56518365307158780       0.67465245708158494     
  0.62675834331978020       0.89094801715624616       0.19032257299297844       0.63231366592518301       0.61555262470549210       0.42355778961709989       0.59507704073738577       0.59283875409587250       0.86220269527187920       0.65236364667224156       0.74726078115068473       0.69126464279356614       0.62609203869686292     
  0.68215490158484149       0.70819428951556118       0.74432207167733999       0.71254272558345644       0.65850400038946455       0.72968005070731512       0.72259590770512250       0.63262529631785203       0.61906458680162912       0.66278023449987444       0.77282662674979896       0.73371649398396799       0.74286493989937075     
  0.64182887687636514       0.89676958690353503       0.20045760022721404       0.64815636070419402       0.62814144141572559       0.43931258790635686       0.61126764334079775       0.60985794579900121       0.86692959966426419       0.65808385394656810       0.75733132167774109       0.70306334128210679       0.63889025638069741     
  0.66072205137747120       0.55891693761962580       0.67035706529694594       0.77199239224341354       0.58579814640685846       0.67385893303798583       0.73498635543200386       0.78290533546134056       0.74254120668736090       0.67586377480771087       0.61398637943816459       0.59603978389815526       0.63638935639480365     
  0.65605520020511154       0.90251304534887189       0.21119375794484394       0.66408040110733424       0.64144858736966681       0.45519963461369661       0.62828404508855640       0.62734533535502135       0.87201942179847824       0.66433667693969933       0.76764356200505157       0.71525641164056852       0.65264546851045246     
  0.69718847220702518       0.71858396065837715       0.62227346909779613       0.71404774101322466       0.70984569218889326       0.59289537061339870       0.70592309753049198       0.71758470022875354       0.66444350863797386       0.61881398555661282       0.68618270725484620       0.71867985858721584       0.72404499084588037     
  0.67085719404892930       0.90816685229099237       0.22189801076141646       0.67939012892827144       0.65638340161197073       0.47221646219410857       0.64571089687576033       0.64486842642345943       0.87731553418418662       0.67054702355468143       0.77799607006867622       0.72848186352883804       0.66812975506873162     
  0.76985142989455058       0.65327556804060849       0.72583402408440667       0.58910469297939794       0.76431620553397994       0.64701407860364846       0.73094509126415763       0.66721955579684000       0.82006600475916058       0.78580323056920565       0.70645273496261340       0.68853512651040061       0.75212985180159719     
  0.68684501553600519       0.91374831417736546       0.23374717666952910       0.69417389790631245       0.67228295975125241       0.49080193158013075       0.66275601835755960       0.66257419041164789       0.88245857521959647       0.67689373372788286       0.78784433062003834       0.74274498747305473       0.68276467847039823     
  0.76446493998061338       0.60230107513406517       0.66746915585555766       0.60112614616572191       0.72182133580953667       0.67239341663034990       0.70405426102722091       0.65776084046071603       0.65121454047418537       0.72737736172114387       0.66600586763057201       0.69879468161916858       0.63679681226681828     
  0.70257788368340490       0.91927760901170574       0.24619084792255808       0.70868612726663260       0.68874399043349621       0.51017143786614627       0.67922277370171524       0.67986294622037058       0.88736754314753929       0.68271161059940089       0.79761437501739074       0.75654980183853737       0.69548001559896178     
  0.73557476620009843       0.71983431416443311       0.64140928980420020       0.69194145884761993       0.81220951510411021       0.62839484053348316       0.70223815770189346       0.74418637894662021       0.72878497685107380       0.62264330108442012       0.66872487226454924       0.71202858425330651       0.69956872583855834     
  0.71734664804469861       0.92453069487270423       0.25980887782621842       0.72388780291288324       0.70550194689980406       0.52790403658325225       0.69588601889514001       0.69585928797835084       0.89207111542968043       0.68873196049371566       0.80731716673929632       0.76982538352486540       0.70727089499107143     
  0.63390045864459954       0.86119729762237440       0.58392169916332348       0.78495026175066129       0.75437115982031988       0.70176093088865554       0.69568162723907867       0.77231634082157652       0.60519873373668953       0.68930764149937618       0.65357205646421324       0.67694690319332929       0.59593841946870729     
  0.73221445053092926       0.92908429040165819       0.27442827032905054       0.73909007055027132       0.72236557074054308       0.54482415610513302       0.71279061287235523       0.71092616938465392       0.89666277334586608       0.69519456340570029       0.81679162474788469       0.78312172849154682       0.72127527474549102     
  0.75938602261580335       0.68570875432870748       0.63869828687246499       0.61607473679153191       0.56250140365708623       0.67402168570391474       0.67895253293883207       0.66181625033002023       0.69552364541412093       0.78952782941755451       0.59447652974667609       0.67314126570859623       0.61862966596042768     
  0.74720863853063102       0.93316311622337222       0.28922700316764860       0.75452200506909117       0.73896333291024818       0.56144652257105954       0.73007208771742393       0.72624971801638849       0.90117011034892280       0.70144099173464958       0.82607840497277496       0.79624645617806511       0.73783882538459877     
  0.61677830025051616       0.73056825596911290       0.66681933137330685       0.57004029686438284       0.66767311085241687       0.60804837381263588       0.75170347648643143       0.66327720299087456       0.74428004345637533       0.66621102890983286       0.72467001480186566       0.65799495667450680       0.66525567960757781     
  0.76210732655868740       0.93732289937371227       0.30490314467966662       0.77008735389268312       0.75468551204918133       0.58082026550203858       0.74725313116913472       0.74242282662876313       0.90596536589490451       0.70760787810248604       0.83561443565394034       0.80923192770393659       0.75139602855617471     
  0.57803832174991998       0.59326775055992076       0.60109038723319075       0.66340080371224319       0.67351904200646728       0.69355500956696681       0.70274189500800788       0.72015095171159360       0.78076342111577590       0.66536675041832760       0.57480022265353803       0.65885289022162374       0.67555008615976853     
  0.77669842953582058       0.94132652240584547       0.31921241721496640       0.78498171790358218       0.76977821457333495       0.60159501397764814       0.76347807717452243       0.75935980979531703       0.91086908222102958       0.71380985223769688       0.84529084672667054       0.82194831761282650       0.76379355936940774     
  0.62836688986437794       0.58285921896031079       0.63744650384191026       0.63239620706638511       0.66165667538377193       0.61931518626786508       0.70251453375070727       0.73829145853478539       0.69028269885615634       0.69191240804721954       0.71882442873714614       0.57896740504691080       0.63162813817771246     
  0.79178860413873842       0.94559438788928396       0.33404375860182073       0.79961232104512281       0.78578037384574495       0.62195055817811384       0.77884189524443626       0.77701200721399966       0.91610755586240245       0.72006120955801667       0.85512320744927106       0.83509540664511783       0.77637904682855796     
  0.60332704547756111       0.67520725302242335       0.61676626409542046       0.63772860230488093       0.58281959079482537       0.65975935313696465       0.65469050088440228       0.76906557445636459       0.66282174567068253       0.60543365401992788       0.65934968021657203       0.72874613998846394       0.69902116923791291     
  0.80811871689066728       0.94993619013735997       0.34939911631371934       0.81420101547166956       0.80182063111094593       0.64349850621896798       0.79417977453571920       0.79496173196779341       0.92114122782439789       0.72642078910958263       0.86486281962427047       0.84844479695456865       0.78881161891502638     
  0.72551855599437265       0.63109362184088125       0.58976162967181933       0.81330806289892332       0.73042232496216808       0.64381750529632564       0.62668726562085042       0.76391909736142283       0.64240028596526089       0.56432095500245738       0.74317361190264941       0.67481124853841346       0.69797516269393578     
  0.82523294066498676       0.95411837199992511       0.36761494378915771       0.82890590698112354       0.81799761005413074       0.66671070023494416       0.81011942866395181       0.81226837490630621       0.92609849434406299       0.73354225931226857       0.87329109674173866       0.86104878443441901       0.80496506880358987     
  0.75011004761305555       0.74973252480150843       0.69790652020297239       0.75357824544300611       0.74549563889304138       0.73532819679423234       0.63892574415810410       0.61078263595831872       0.61615621382282193       0.72755718827516269       0.65900907314257717       0.73475751376754006       0.72896073767861547     
  0.84265353464451220       0.95824222895565470       0.38615715789951283       0.84220438521175600       0.83441663582417736       0.69168215653319631       0.82623995578390130       0.82846386034110286       0.93100342599413544       0.74145784639600909       0.88174796590446081       0.87300832076810408       0.82043853042320147     
  0.70771814121622501       0.67485952369765256       0.77399937029723986       0.75841429996943266       0.62262960239977716       0.70942463542062206       0.81634183435044982       0.72746542478136300       0.67899158173452823       0.60125916736007823       0.64216915706901168       0.74496270086622773       0.58154063247526744     
  0.85911802921223912       0.96235340642091183       0.40689425991802841       0.85521117012414971       0.85028660970140546       0.71460141577104230       0.84215498279790035       0.84417244696584703       0.93555333048499467       0.74964673275579585       0.89056159375249155       0.88515212798454712       0.83632374485530436     
  0.64119350750555404       0.69291754355708712       0.82439003299087243       0.70288524654049089       0.63175876585596324       0.79342594123849997       0.78001225337558089       0.64265030239729459       0.70371314255069961       0.82422646776493902       0.67268579496043157       0.58026357519013194       0.66294355647097658     
  0.87487203591344698       0.96637969600897899       0.43045574715257029       0.86839552067607906       0.86598171702103577       0.73496933293549926       0.85788409148749023       0.85976464201874314       0.93974498579619381       0.75685070290037582       0.89924366470161765       0.89756926029946871       0.85244651686365747     
  0.63665599390333205       0.76556511873792343       0.59605564601595984       0.73854201618640281       0.71994450157035272       0.64678621883366594       0.77642525436171006       0.66517933303539201       0.80151171088017925       0.62229786899751227       0.63915324321442257       0.62090134637456218       0.63759855076368144     
  0.88993127629154567       0.97016519201337148       0.45739241704267936       0.88291368824737293       0.88107960153152343       0.75738434643474539       0.87389530959734585       0.87597079939820144       0.94380195656648058       0.76359076426572448       0.90887211919847333       0.90885904731839495       0.86987109164441168     
  0.64812072671026977       0.67718528279644274       0.65263819198348560       0.74018460643271311       0.74825030660111724       0.63479736523137231       0.70259645038474705       0.65119498539912524       0.65777356855176550       0.66216606669670197       0.70039375728172237       0.58736583990488189       0.60432833015283149     
  0.90518586611855945       0.97367757463966853       0.48765106864519081       0.89943755104685141       0.89686359780288039       0.78247609847475297       0.89008376605265049       0.89116413229911673       0.94784856256339556       0.77046406328922401       0.91808908700657199       0.91947362635464147       0.88593674892474172     
  0.61017201542043853       0.62188545817827035       0.75146523122841136       0.63418777290501149       0.63743610767868664       0.63128868154124129       0.70227774132400056       0.60753860983679697       0.71539630696728640       0.61900634369466578       0.65118746919301029       0.58568082767267415       0.65160873025612120     
  0.92038227606284417       0.97756344175665888       0.52081349233049068       0.91581596130844889       0.91252635783263447       0.80910750182042035       0.90564996353122651       0.90619490935238867       0.95255084607590368       0.77730458774238020       0.92837337276160892       0.92998419698078305       0.90122148264476432     
  0.66296300880015890       0.72054135242811368       0.78350638350474322       0.81722236412067950       0.70674047511814386       0.61679169069546524       0.65650940123097712       0.67005610010685268       0.67257291649731243       0.53596950791358533       0.68387220250356129       0.72120128378133852       0.67183363252071249     
  0.93547390094441973       0.98127467085167874       0.55754170437072470       0.93182876227275468       0.92745249686100772       0.83614573242653123       0.92008167148164566       0.92075445734364691       0.95783701635220042       0.78721386248633818       0.93887133203795392       0.94166556850632122       0.91567180408426718     
  0.69056355879537334       0.68212318428877738       0.61980763446795617       0.74950562778714269       0.67037162310689291       0.63175652842951602       0.64729137586338570       0.65735288040606799       0.79158677300400559       0.70416058372158619       0.60934510165897027       0.70543603127827981       0.84675655601872646     
  0.95030178490928885       0.98493075758546689       0.59903695346125996       0.94684750915714910       0.94132896013041445       0.86518698543746286       0.93427689447096274       0.93582743802708601       0.96358867114504210       0.79738258207628387       0.94962887107169447       0.95410525275736013       0.93172000876136030     
  0.74482014116866579       0.64742083822107899       0.73195790249598769       0.74733325547634122       0.62836208164467111       0.68638951841501372       0.58765893220880416       0.72631882516366975       0.79042827608185640       0.75664606531463163       0.62484352202980409       0.73302140630542045       0.76513611145272720     
  0.96443617299750584       0.98839820024111325       0.65258665419377815       0.95943078176879726       0.95562115893044619       0.89521189371209686       0.94985985084522784       0.95143666113320058       0.96989034150748510       0.81117750418922785       0.96113609921461041       0.96637953954276545       0.94781280466195850     
  0.66163325807538431       0.84027044952842533       0.64344446476242556       0.60821237744447532       0.65591982098774670       0.66923530437646783       0.68167565816930342       0.63700008340430958       0.68859100412909169       0.81033967084052871       0.79204761911704180       0.59739317610775222       0.70517291500771817     
  0.97787409928440916       0.99196591450473759       0.72219571812113881       0.97310526778497941       0.97095674534859222       0.92691371869753070       0.96579474572321045       0.96716932775730780       0.97657205422133808       0.83094547613882375       0.97315356164843336       0.97806866648361768       0.96562101183500215     
  0.77896526701597169       0.89698822779922971       0.57657275777216466       0.66436486931411864       0.73338723061855382       0.61739587447698629       0.65773033222554012       0.58820405817242649       0.88722079771630802       0.86479434125182753       0.72936878553916118       0.70146071882677041       0.80143187795645909     
  0.98884299663826913       0.99582394317546541       0.83328652052802443       0.98707656825591483       0.98576511693099600       0.96201193077908020       0.98162692606241508       0.98354933282699541       0.98685996680921861       0.87436624309528133       0.98638206341295009       0.98891888922201376       0.98319455524058941     
  0.66235398972309112       0.88082940445219127       0.70618936046892922       0.66832647921622212       0.63892786186372175       0.71855313452854253       0.77604001796873023       0.73569876952597457       0.72879613224394557       0.75864535496376606       0.70224144635524399       0.79764297382749394       0.61345805177846413     
   1.0000000000000000        1.0000000000000000        1.0000000000000000        1.0000000000000000        1.0000000000000000        1.0000000000000000        1.0000000000000000        1.0000000000000000        1.0000000000000000        1.0000000000000000        1.0000000000000000        1.0000000000000000        1.0000000000000000     
  0.71296997240978921       0.80727988974222897       0.62587425026652954       0.68225481744006400       0.72292403829800300       0.73645522725616364       0.74836992477721120       0.74808257702740222       0.58613430129436483       0.63187462432048025       0.69808116220214578       0.71950413228223598       0.64586152349151127     
   7.8566684368097848        13.382497738436538        19.685220135574234        11.591351564956838        14.918378278486959        13.316379878925710        8.2066553906208561        9.5333121412080182        0.0000000000000000        10.058258030478834        12.941863006486601        11.340071254151548        7.4067277613284705     
   9.2426999300325701        12.659401523832450        6.9599232279770931        9.0179744768344428        7.6620146260840283        15.176662616226107        12.887092793277580        16.462097417392766        9.4520367011285558        8.2510175876309457        8.1049061245598750        10.625310900076146        10.225144768841743     
   13.570502717482265        11.321460365997600        3.5531565960980762        11.003965189902576        9.3344797009136151        12.356807807741745        15.490993982204369        8.7763002146475895        10.445170358090690        11.406785380636471        9.1683811482462350        17.379838530206644        8.5517357334134250     
   10.261712801904718        12.806271003178409        3.9300571066025660        12.385844790330728        7.9353543948362182        9.6143703303315604        8.1149777512459274        13.441688130739125        10.583787295047706        12.526801027959539        11.060608673254597        10.021127960342698        9.9780726439097673     
   12.007972345344351        17.365362984272750        5.8783977008198187        10.826223548675378        11.666980414297871        10.848786281703283        9.5042406574934741        7.7179673421418080        10.450733522881411        12.001873987505418        9.9445757016392982        6.9903444754671860        17.990475869506323     
   11.715405028786609        18.086924580786608        7.0367623649158233        8.2084016542254172        8.9727281393445821        6.5971052694229080        8.9003546068730763        9.9509392797245226        10.226716833857786        7.3319957356190040        12.880818641774939        9.6686355098269985        13.374362701580749     
   8.6183901028066163        10.666829288709229        6.2579709205931984        8.5578862164893970        17.109020676090502        8.3004712641201266        11.387620274092887        12.987237238662500        12.318068164687622        14.948524127524161        9.2877052641783120        9.5267260857110827        9.1157923439528012     
   10.404226586810555        3.3643771671172962        12.391909051035487        12.707468713810478        6.7175774034193489        9.3341862063373480        11.774969716691382        7.2341110207843240        9.3782895559943924        5.6363265192550909        10.715057500179002        9.4559140567831186        10.673846480168351     
   1.2508244057907070E-004
           1           1           1           1           1           1           1           1           1           1           1           1           1
   1.6740604239237825E-004   1.4901177957572383E-004   3.2583128896480188E-007   10.167566066329959        3.5966658429940819E-006   4.8837985066948504E-009
   4.2708563516645674E-006   4.2680538657107281E-006   6.6629248013516000E-007  0.36290644807546224        6.6615181892501006E-007   9.3479604316090058E-010
   5.0000000000000001E-003   10.804744020418001     
