   0.0000000000000000        0.0000000000000000        0.0000000000000000        0.0000000000000000        0.0000000000000000        0.0000000000000000        0.0000000000000000        0.0000000000000000        0.0000000000000000        0.0000000000000000     
  0.14189890000532746        3.0295573495243444E-003   2.1989330683226824E-002   1.6980778513325329E-002   1.6332325490394848E-002  0.30809248780484499        8.3218499738416912E-002   7.9702212648990994E-002   2.0814775405836278E-002   1.7096400942523463E-002
   2.0460071603909515        5.4763611653970994        2.6890184774618593        1.8182968266749082        2.3276997436734570        1.9531896959505080        1.4878391046997990        4.5130552416079075        4.9818812985133336        2.5894071787328605     
  0.21802294013403864        6.1351602465125141E-003   4.4457306875536916E-002   3.3922814599338186E-002   3.1814186549427650E-002  0.43002635606832035       0.12379295478378315       0.13576719686815603        3.8414580378167446E-002   3.3598717178140960E-002
   2.4554454786107542        2.7823606448422518        2.4982657621719930        2.2091975026745696        1.9318769119811012        3.3958717011314081        2.6010643930244495        3.4382240829200161        4.1632165710639377        1.9984847116294842     
  0.25826896796652954        9.5016733622747956E-003   6.1058408314806370E-002   4.9084589405615803E-002   4.7124566896587367E-002  0.48243142688261587       0.14602440507188763       0.17400046750733059        5.3315466111680185E-002   4.9089887772603417E-002
   2.6010533816977874        2.6029999488730273        2.2001895969641678        2.7824251765389021        2.2943783062984200        2.7548555677663660        2.4837343625325081        2.4408970989801237        2.7232503120955882        2.1920508891135673     
  0.29140659623155474        1.3094011573237960E-002   7.7565325972121388E-002   6.4464579285726117E-002   6.1818992848966817E-002  0.52262170982481548       0.16068982898659717       0.19990483706922210        6.8204902969176057E-002   6.5688892311308547E-002
   2.5447174192715822        2.1044577832682299        1.8052990568124734        2.4002092205078132        2.4440657523362423        2.4992979453148756        2.5568157523021866        1.6216233553629171        2.8523508999742058        2.1071671527981120     
  0.32182707191449172        1.6964704670540297E-002   9.5311978790345503E-002   8.0465616774885604E-002   7.6601262457779401E-002  0.55926502306726922       0.17155882992534288       0.21944519597246287        8.1405559057685706E-002   8.2861478731665092E-002
   2.1051059114354893        2.3544004171176405        2.1296267839415344        2.6699246931654521        1.8413439193572128        2.4425092108999436        2.7710897678914157        1.9375229603293793        2.9584694248227081        1.8314553656046941     
  0.34574109782037782        2.1747789799824075E-002  0.11266288869070129        9.6207075292154887E-002   9.1266082980832469E-002  0.58613090346189944       0.18134755532053212       0.23482418990434045        9.3294563506535658E-002   9.8706771140158564E-002
   2.2060633590233985        2.3897774841540675        2.3277282857702066        2.1858786006059727        2.4145649460060206        2.1438151261465976        2.3346360568222808        1.7914028143381067        2.3656547568944548        2.3765313033743487     
  0.36941605015915679        2.6919707946021401E-002  0.13023101098871015       0.10935386265599845       0.10619601848700856       0.61062765378381134       0.19019594386574240       0.24898355475393447       0.10497186254778863       0.11399114908159046     
   2.0135754569242503        2.0061462143229725        2.6424917114873789        2.1197040600188193        2.1600388689715517        2.6842097964693434        2.4512142096920106        2.2407135831891192        1.8298152298660053        2.0125156623445037     
  0.39220854387726545        3.2750532879455584E-002  0.14744907097660262       0.12262148548853349       0.12068538454865653       0.63031419449255188       0.19832511732303640       0.26252558754574679       0.11748431930242173       0.12943804379604829     
   1.8512108759086818        2.3279287747432202        1.6317403616750190        2.5465484681840445        1.5821227257165058        1.9221566500129639        2.2313517531339118        2.1616154679484101        2.1367693465360387        1.8265375821579690     
  0.41250883998162330        3.9785608892250982E-002  0.16340729760882972       0.13562332130643370       0.13530825481848205       0.64893920040390085       0.20592616973766742       0.27551244872665681       0.13151560997656703       0.14578160415734404     
   1.8695681761702061        2.1153202738810508        1.6412855927257661        1.6850283299344431        1.8579850701893985        2.0090297352820072        2.3588063403512312        1.7128859659190543        1.9912516799893270        2.0802019741979363     
  0.42987211300614714        4.7202018686514746E-002  0.17849096952651972       0.15218367075215061       0.15073085989319779       0.66551970544324912       0.21296766039113890       0.28901387788154725       0.14520163724172505       0.16281243950998334     
   1.7892768067524103        2.4120457610950377        2.1039941080537021        1.8955239785497973        2.1483539461380570        2.2860492198633611        1.7187839268002385        2.4993612268948633        2.2468692266471253        2.3451731507249627     
  0.44717593618018081        5.6041265024716194E-002  0.19307250730260589       0.16882407234550884       0.16653229696992572       0.68085926716947220       0.21988045387623553       0.30268501299315453       0.15778464652504454       0.18004284919006106     
   2.0469060968709507        2.0877222188072215        1.7823714422513559        2.4009929747938932        2.5803700170502277        2.4131086440988021        1.9685378486791880        2.2548654279287592        2.0638680775283240        2.5767406396302648     
  0.46487341641202207        6.5576910650334844E-002  0.20792169687140308       0.18355416237312622       0.18297105629903057       0.69238590699272884       0.22584777920554486       0.31598393644162659       0.16952348810631127       0.19693590380162626     
   2.4440261490438311        2.1393025913405355        2.2640142533666627        1.9043205699501178        1.9757780617321863        1.8417446620585198        2.6573917863154208        1.7289990920737446        1.8790024592262009        2.3094664193742753     
  0.48204088491030239        7.5876570536931684E-002  0.22309145023773114       0.19881374814778277       0.19948804683892463       0.70500225841171471       0.23142248045321889       0.32886427411702035       0.18095580895309921       0.21372395745259304     
   2.2618426223555672        2.1749885732011576        1.4985440662950729        2.0199103093271900        1.8515780129543395        2.0480905376784437        1.9956919450572634        1.6257579284035049        1.9907470585560878        1.9013217789291805     
  0.49834963268941018        8.7081265299679897E-002  0.23906455022485926       0.21559849092057556       0.21574167582692663       0.71811696062882391       0.23782196801687125       0.33976956633990629       0.19193117230963694       0.23076473012556362     
   1.8270061059345728        2.1820980443030438        1.7381095689098021        2.0687817606457193        1.9531720828486676        2.5788625741865587        2.2220061222554826        1.6209342212793345        1.9529631621088066        2.1384175456202827     
  0.51385539778998990        9.8600050061561140E-002  0.25637838858871770       0.23285828569749209       0.23197867675468176       0.73006773730554009       0.24428055066081120       0.34985979200921147       0.20331942826549301       0.24703509106500174     
   1.6977350347317111        1.8293565939557577        1.7053438727731807        2.2513466923084997        2.1061426187293786        2.0483886590321219        1.8582309807979900        1.6778762762904316        2.2187161920485088        1.9451273225913366     
  0.52867220035660778       0.11081315962798760       0.27575261331779688       0.25044168886467655       0.24799257554696391       0.74039788792579098       0.25115947416479473       0.36062341216813570       0.21679223046547549       0.26255709658875021     
   1.6056164776000561        1.8365976191864100        1.8301139782891858        2.0886031360872224        1.9131979407419624        2.3339820856753053        2.2706172699304967        1.6971082950469598        2.7079183575193078        1.8095618584964162     
  0.54250259380908783       0.12398519607177100       0.29529172942371190       0.26734291027969170       0.26327289808296755       0.75045944589824498       0.25792935574193843       0.37293571545186621       0.23055448017460992       0.27796997895865777     
   1.6198462510628744        1.9661693334962012        1.7029249222482932        1.9839970092436674        1.9977378556722072        1.9056287140218513        2.6039716764031953        2.0248225956572479        1.9954220088231562        1.7195245585727397     
  0.55528597883325204       0.13828033362014105       0.31341960847223904       0.28424873053021382       0.27752222193332615       0.75970147841784885       0.26470629821695868       0.38732266535414378       0.24514903474198471       0.29385877350989115     
   1.8004350402069420        2.1960927122259801        1.8685034172386716        1.6514128967764370        1.9062476228883494        2.1374989371885151        2.2920580557775359        2.6482061206328149        2.0366884939768588        1.7344452603425677     
  0.56764247927783906       0.15292464288357910       0.33165636586685782       0.30176400858395064       0.29133459482895152       0.76853141132265512       0.27140269035454889       0.40225069314141915       0.25934290326023246       0.31003696630669014     
   1.7012134545203885        1.6959852216284634        1.9751028978438001        1.7531563775458296        2.2589400476869321        2.1831476952483384        1.8619408825695205        1.6221287139958567        2.4406916399797685        2.2620695208987440     
  0.57956242895910015       0.16739465419563668       0.35017534859854160       0.31956037009894750       0.30549394033802857       0.77654730995501631       0.27782254969685977       0.41732294100298140       0.27362720081349989       0.32681596787975387     
   1.6854065558364379        2.1920287972397006        1.7708063124034461        2.6225725055224047        2.0475164592403408        1.6723338194939423        1.8152136619492245        1.6689435828638408        1.9433672045459294        2.0859313431077902     
  0.59217884416153477       0.18222380745354752       0.36811203527537928       0.33688760157887609       0.32105236265123127       0.78447309472106130       0.28482938057173046       0.43265418507950482       0.28895435396429980       0.34355361552586688     
   1.8863623809397700        1.8282096811966535        2.2367444935904190        2.0547427237790714        1.6142344989783952        2.1570003197315959        2.4070533967137497        2.0104910543476135        1.8016873702373064        2.2640833634294566     
  0.60603412695127923       0.19790047773937045       0.38562521914509729       0.35335241827770947       0.33539110149306778       0.79228968966056657       0.29214266859425309       0.44859983355820904       0.30485781915475219       0.35955553737139528     
   1.7634549389428216        2.1014343147401826        1.8372673179943257        1.7583209309326617        2.4490517240513934        2.1833360805030790        1.8104750426009590        1.7571613804890482        2.2953064745434584        2.0812753770303072     
  0.62036103502845208       0.21467837993530633       0.40296896389163478       0.36920899829053877       0.35101891038819938       0.80004161516048367       0.29977449907329273       0.46430659756036247       0.32069257473547486       0.37553977313435877     
   1.8404731994439008        2.0853673033120201        1.9659199320321132        2.0885086543657811        2.5079143544200573        2.5455576963491091        2.4986403231296759        2.1505842417211447        1.6237849346788713        2.0731917705465226     
  0.63494318296321195       0.23187283700924358       0.42096236214211213       0.38499632785478621       0.36715213914033840       0.80775289948497841       0.30710175997629319       0.48109266251674776       0.33652606123370027       0.39100606998300758     
   2.1629378382920512        2.5306617076559181        1.9673943383355155        2.3663832739361919        2.2949728927694895        1.7248067190890579        2.2342888151438238        2.1292196571093247        2.4302381779708888        1.5135014574616470     
  0.64996128698507893       0.25004750381627688       0.43967170282069623       0.40194170467961532       0.38464160806189490       0.81510261827683483       0.31426833196152121       0.49699276402307241       0.35208506193779970       0.40550715869338189     
   1.8875723099946502        1.6621672224395869        1.9822203978215849        2.2197074892715611        2.3308338518410943        2.1976895627059156        2.1315935426902457        2.0685553485065507        1.8189202514938645        2.2951816738650730     
  0.66324767171275789       0.26885848564409209       0.45819385784739003       0.41921931996904166       0.39957334347217505       0.82204914554720143       0.32101667680333801       0.51227020085324648       0.36743614398011726       0.41973092870592105     
   1.6713345363198828        1.6732874322725488        2.1433398847093152        1.9740517523970162        1.7616972927900918        1.8605825979325326        1.9954738668100278        1.6843671264933395        2.0882966347532292        1.7947416742210305     
  0.67470727321684132       0.28902803395478294       0.47666409964630890       0.43629255991664828       0.41346704151739300       0.82878519780498117       0.32782282940358859       0.52754248895989209       0.38294303378224215       0.43414556859919429     
   1.6394052758149682        2.0264792921092094        1.8763784042691773        2.2451173574354204        2.0548294686134669        1.6860173335228887        2.0926209149555852        1.7380836388613867        2.4802221067014756        1.9241931830680663     
  0.68505172376449330       0.31092933665050565       0.49511750355582274       0.45217080379314600       0.42696860964948358       0.83536051264983346       0.33493870489151167       0.54300267696822513       0.39832871778538548       0.44936840703889125     
   1.9663707042984599        2.0583401509265302        1.8639554412075696        2.4835370017922522        1.7106779216209778        2.1278301194323648        1.7544513631979810        2.1251924953682142        1.9902703553040981        2.5808709327555546     
  0.69585930971211929       0.33279479048222710       0.51437332783387990       0.46730394878824333       0.44165175820295716       0.84175382826050060       0.34140112031220110       0.55888637612366299       0.41440774285528476       0.46513790132442590     
   1.7149340494022427        1.8634824801297465        2.0782914759319446        1.9467061908172130        1.7182973624193421        1.7586774591904040        1.6499068462307001        2.1638983001846639        1.7463074001900218        2.6190738090649455     
  0.70836496811883443       0.35307696337395900       0.53527982957294318       0.48267577890019464       0.45756136308465650       0.84791064097270752       0.34833721987199495       0.57569546960698381       0.43014306114003598       0.48035920728510684     
   1.9932846591935611        2.0170496665249704        1.7826571273731489        2.1486302618667970        2.0761553259172851        2.0592338468907485        1.9995757900898963        2.4760245976159965        1.8660719443477520        2.7162750234800268     
  0.71990742673437125       0.37244883738904111       0.55710957910819148       0.49855251631197389       0.47232278707855879       0.85373621923518106       0.35481845710025234       0.59309419864588120       0.44521350044231439       0.49469409151121180     
   1.7296628024755998        1.6689038520955051        2.3146745795994303        1.8892367565932540        2.2002039038378762        1.8956468884983906        2.3455157059677534        1.9944860551721442        2.0371289422315031        1.9506079329212853     
  0.73081705861335045       0.39236775139106056       0.57877820435517513       0.51389473868484614       0.48546064417037083       0.85909411147411663       0.36104938312279489       0.61052398725246937       0.46040754470066553       0.50872293913754929     
   2.3859960100256945        1.9141637336483723        2.0019058216554697        2.0109324462080997        2.0451126982824142        1.8333464513756426        1.8116208134566385        2.1145246706553800        1.9667905489509099        1.7999230862763349     
  0.74135617706440782       0.41274905244018767       0.59995759575797014       0.52837743492571532       0.49862246196311449       0.86442609111972102       0.36730092956668459       0.62808592794694917       0.47519960125374194       0.52283442934055524     
   1.7451968265069551        2.0008707269630066        2.1173013090757178        2.0464862015712288        2.0324342820344299        2.3630920577810222        2.3567778481408999        1.7441808001247199        1.9317197735928986        2.1094043175688677     
  0.75211715428459336       0.43382303594880678       0.62101582407615508       0.54283037896441655       0.51188758717750116       0.86943663906844393       0.37375086421182557       0.64553035545290194       0.49067007722084727       0.53714555892696680     
   1.8780174851933797        2.2782593173220027        2.2388041399215206        1.8448364161021684        1.6380440481562266        1.6769712794227829        1.8408975191281236        1.8674004807076221        1.9484793636862945        1.4986841547931162     
  0.76299817245656631       0.45486775618138758       0.64181760832509815       0.55718615512227454       0.52913533909639421       0.87438310984134593       0.38014513442378900       0.66332282016491306       0.50669657904741905       0.55195424115079783     
   2.2605940981114814        1.7366638199312172        1.9692082542080205        2.1991819749426598        1.8672238792986546        1.9852295640910054        1.8603983943559201        1.9950231201232391        2.2191532242843168        2.0255621715456233     
  0.77331805085838068       0.47429041738483513       0.66365861679148908       0.57243936500427262       0.54751977474354507       0.87968645776937504       0.38700381969791969       0.68137502732095212       0.52145737633024458       0.56724117543608088     
   1.8439867464253648        1.9867899295358298        2.7076186636990469        1.8965239260383393        2.4150168702839370        2.0188664998571237        1.8464209945245698        2.1951812369101740        1.8282042128802249        2.4789344353061780     
  0.78324705389966431       0.49347192548764107       0.68589330777305613       0.58817756770357899       0.56545599296376514       0.88504654916200232       0.39370379639911540       0.69911924920960677       0.53418984055829455       0.58172443387416728     
   1.7378023566572978        2.2628454751619604        1.7956856752041830        1.7650520754984078        2.3238873557414372        1.6203135220118554        1.8260233361224449        2.0686399984373360        1.6900504082047987        2.0081385523335782     
  0.79317215111512274       0.51264817091375814       0.70662003172677434       0.60394900281644848       0.58198040086901104       0.89038127638469178       0.39982381016873070       0.71592402045256720       0.54599882616749806       0.59547220207523077     
   2.1413344714187832        1.7477137930665401        1.5300777359994624        2.0007087213129533        1.9414000230009469        1.7583457238247391        2.1609606965659385        1.9595666274629091        1.5530461655334851        2.2987582918433396     
  0.80308707256638923       0.53399401516553691       0.72607251714913201       0.61997756679151894       0.59736061523953188       0.89565327208210332       0.40754579044189626       0.73192503485711791       0.55786217539974192       0.60884916468695238     
   1.8700390718391586        1.9600470794268636        1.7199661772649313        1.7537608221037566        2.0174402791798927        2.1467691119926964        1.6593259637781246        1.8625748271212770        2.1522222895886998        1.7816075742686854     
  0.81285410702058392       0.55659492968357938       0.74407261406432113       0.63512351113319454       0.61273732828439575       0.90045107778243327       0.41453557360735432       0.74695658671722409       0.57015858776683004       0.62378004458756386     
   2.1248491764837953        2.0353149716095422        2.5013540218669146        1.6307999848991741        1.8938739308649966        2.1285073424366088        1.5953763494340041        2.1290854392431444        1.6573710384915685        1.6570248204651197     
  0.82272467311342645       0.57803157698634211       0.76092674738459176       0.64940506689340294       0.62934127956889774       0.90525506465765282       0.42230163369915458       0.76168882907403601       0.58520230848007837       0.63904443664473598     
   2.1789335236193454        1.9868113108743894        2.2889346248595794        2.2509552452994313        2.3403342534214819        1.7824749558564734        1.9215283624880615        1.7321387971856577        2.0116802320253906        1.9452245870673739     
  0.83248234746960825       0.59898170392804695       0.77762150509870820       0.66339111447782795       0.64585975885770186       0.91002703092692272       0.43041140530302524       0.77613889523946777       0.60005019637774792       0.65441976909911181     
   2.0127374670845395        2.1333507166694097        1.6930325979713783        1.8078936601457063        2.1187460397003970        2.2078591384522452        2.2705968713667088        2.3942313324651114        1.8251047201989883        2.0264670853471740     
  0.84162693735159766       0.61945357220286223       0.79382864344134485       0.67703725515430024       0.66252420378242061       0.91468227466452945       0.43915480107388327       0.79009580870149831       0.61452722365055412       0.66969446015283851     
   1.6220709100090420        1.9388511135603150        2.0587504615046206        1.6349444041140462        1.9356861911214356        1.9542376947600542        1.8538735521997711        2.4449378430011293        1.7700110255789419        1.9818840591420011     
  0.85064199818002839       0.63846830176457592       0.80909464099490325       0.69120839161465564       0.67827735612058304       0.91895683468182776       0.44810370379453313       0.80351651172494409       0.62883359028917130       0.68566933650542372     
   2.1486338472063498        1.6460172967818845        2.1627922522954304        2.2002706374967103        1.8670086562422723        1.6090757055649798        2.2426663571109855        2.2249952964716306        2.0491035388231773        2.5064937894287200     
  0.85968949641412273       0.65653716104116888       0.82440957858400277       0.70571916039534077       0.69289599134621593       0.92286661808380144       0.45771494098714671       0.81582800573922898       0.64272498685583812       0.70197835358585936     
   1.9116251481274038        1.8616292858760255        1.5692384147519591        1.7268729948875350        2.0605800822414695        1.9018338109663786        2.0399954572032319        1.6613876755900259        1.7297957256315590        2.0278557538897655     
  0.86863106248982824       0.67512486041757247       0.83809904942738145       0.72151261217771678       0.70797285514033526       0.92658157974657085       0.46787958914120215       0.82747685749567979       0.65660072599053143       0.71872169725948454     
   1.8934839078948584        1.9755134279341429        1.9129973969348426        1.9281588893990471        2.1148420488386535        1.7940723304853765        1.6832115059522625        2.2613267086544959        1.9847818867136406        1.8389550967433645     
  0.87729104052597873       0.69389721778361479       0.85102074132099237       0.73796956651310697       0.72343746729857461       0.93004992759797789       0.47807460373342159       0.83900965934664218       0.66989026031508325       0.73631701738152311     
   2.4209783399964788        1.9977134415404119        2.1449215349927049        2.0933384292750530        1.9838274091434354        2.3638546229894160        2.3180820878350050        1.9566795711656939        1.5639104228929472        2.5414377787799554     
  0.88589826662600213       0.71513728294617696       0.86351191216761713       0.75446068429279367       0.73906126017645724       0.93351498341016648       0.48792242428853955       0.85057860485944825       0.68225755398419152       0.75359270284172208     
   2.0794647408449891        2.0250191229202259        2.0201858146377343        2.1875184343950109        2.4037169279538562        1.7698870618954674        1.9519718991795725        1.7580970440887735        1.6827523040578489        2.1733849806347925     
  0.89426488893428113       0.73595876659954018       0.87565335367168318       0.76917792745660796       0.75569527323139130       0.93708626539489648       0.49842146007044680       0.86303243805098240       0.69683642033745286       0.76868481218558526     
   2.2242118757426850        1.7935061652179525        1.9546976126196927        1.9755087058428413        1.9418608813717331        1.7411742874922420        2.5998603908305156        1.8069678628565602        2.0973083591315742        1.9725154842112420     
  0.90221426402494820       0.75587464631193668       0.88726274602614330       0.78326599785796736       0.77268951954655452       0.94087193276265579       0.50834634744943152       0.87455263724064725       0.71199452935004792       0.78258168677244788     
   1.7297244784115211        2.1182265471143253        2.6143011951369624        1.8502188905294963        2.1472954894743910        2.1018867654150699        1.9204700543052304        2.4182709777362525        2.2170180016941416        2.3902321236542110     
  0.90978406619053576       0.77565297807753264       0.89829820323278786       0.79725007051208141       0.78908634626693464       0.94489135225827026       0.51920321308174200       0.88522484329417495       0.73170319848278698       0.79736950270059781     
   2.1448226303934006        1.9753928453102474        2.1125165701874571        2.0715954258130806        1.9417440674500301        2.1678435543379955        1.8679313432868516        1.7980697870488764        2.1176797248616670        1.9362384719561787     
  0.91716572114758599       0.79437651858072300       0.90770759536359813       0.81077114245294690       0.80515601513261403       0.94916182659329407       0.53052715128021499       0.89551779023169353       0.75255562216954153       0.81222315509538734     
   1.9422757056651974        1.9163420353288727        2.0658736808850122        1.9482558703248491        1.9672047162039292        1.9604791178395693        2.2146389665874540        1.7698640337196354        2.2578739835266100        2.3039815329087259     
  0.92461647069137820       0.81377003774882128       0.91562738839010949       0.82674372449447464       0.82417774424439305       0.95292008845292075       0.54280347167136156       0.90453557779665150       0.77501129136884628       0.82841093871229443     
   1.8827283716705439        1.8617541874101953        1.8589805969674160        2.4020768835467892        1.9596527304983868        2.5408031008210581        1.7088412664995420        2.0049816179185522        1.8770423042217235        2.5043049239544040     
  0.93219625194072386       0.83359778696751230       0.92269229337836023       0.84305376250026431       0.84295054084843701       0.95646756346700434       0.55504960292345629       0.91377822442247825       0.79652144320118867       0.84552306702396052     
   2.7196133849195885        2.4348203618931676        1.4742461538118579        2.4019859154832095        2.6902659123286994        1.9562796501989663        1.9419613230818387        1.8313190189889761        1.8278358936524386        2.3473865531970945     
  0.93992978565184293       0.85335029925204819       0.93032314026393803       0.85835469755240112       0.86043967034461366       0.95962129907465077       0.56810637399960084       0.92380113463381974       0.81738816410387372       0.86155224411232711     
   2.2121492152301179        1.9249882427750609        2.1143505965758562        1.9075883226870922        2.3452464227520968        1.8374766366000619        2.1535346288479649        1.7721376013751153        1.7501486101029413        2.0098055828996566     
  0.94759174737080087       0.87259775619613467       0.93798237009954233       0.87516672379886251       0.87787789922599369       0.96265116379397264       0.58176954791944913       0.93383322786805467       0.83845038279728201       0.87672794923571717     
   2.7541160841766579        1.7066399795892073        2.3455435293481224        2.6368978303224759        2.1087216405897773        1.9768030087161932        1.8678574948822713        2.6054837634411765        1.6694676306715357        2.1909471407575385     
  0.95469332825548281       0.89083534406701226       0.94576219300304221       0.89267441034945383       0.89368830680239864       0.96597937508039811       0.59594639773539693       0.94324941017824815       0.85827180208932552       0.89267363551130130     
   2.1125589133582481        1.9161908539173678        2.6396501793102609        2.0343299391096394        2.0289396496661363        1.7522678731385499        2.3553502982565937        1.9705648896070029        2.1158072754622426        2.1562713776558100     
  0.96171687582589327       0.90861230835724605       0.95379466046764272       0.90971123788052177       0.90819046980678431       0.96916258135312683       0.61207817640032147       0.95208251230115759       0.87802480971894392       0.90992508852182663     
   2.8540510906604220        2.0588500160160708        2.0207403718566925        2.3187727838471601        2.1370020146178370        2.1156730040455938        1.7265071452210421        1.8588678699832100        2.4699176293463845        2.2683601916319232     
  0.96844289837211994       0.92678189752723950       0.96171302408978931       0.92621025184039041       0.92389994234603789       0.97263941814246058       0.63195182263401295       0.96026652940590096       0.89789185511886849       0.92721364086639080     
   2.1842520149511557        2.1779552776591502        2.0691047541409540        2.5627302853172340        2.4738374565307097        1.9191807926598821        2.2761354874721738        2.2564111203179973        2.1675550525448202        2.1087105083063857     
  0.97447530553085981       0.94482806003103637       0.96888021731109908       0.94130999204993293       0.94000056128566478       0.97625327983368526       0.65343435379151160       0.96815062778835015       0.91762047205040764       0.94484697542048246     
   2.6647887130483880        2.2069979368458221        2.5176543102462960        2.4366522900606657        2.3161698203386032        2.4729862534757849        2.0963718579007926        2.2928294547110504        1.9846079410337882        2.0971625393227460     
  0.98106860036777244       0.96103869259400199       0.97631040700206506       0.95645440755955557       0.95734085489928322       0.98025357983763750       0.68152075298939674       0.97637399384008372       0.93742612025423022       0.96144824246949800     
   2.5053453898803295        2.2438547424470721        3.0518727659262614        2.2044320275282678        2.4300765990891926        1.8687665581268895        1.8331742920304401        2.7685811684283670        1.8530124777577672        1.6990107505923013     
  0.98732217369027242       0.97530269855250751       0.98388285840568035       0.97105651334653020       0.97335670825021914       0.98463784919912867       0.71812789528469623       0.98429326468026690       0.95873843619301746       0.97469442963956388     
   3.0362001011356252        2.2556619703269378        2.3202141818975544        1.5973472946966734        1.6773341934575472        2.3862675265074298        2.5262218983963680        2.5441090889352869        2.1682777762434369        1.8871144103627020     
  0.99356883747935476       0.98809649266289434       0.99158214383422427       0.98558920981539089       0.98692469199138710       0.99130324235824718       0.81250194944639065       0.99210421988501418       0.97922050588624232       0.98788054072419351     
   2.9964597428431099        1.8331191917347704        3.6243580579843675        1.9579814106260642        1.8379080705365276        2.1817738744223796        2.5807687400627470        2.3839266788177853        1.5634261823629951        1.5430253463338099     
   1.0000000000000000        1.0000000000000000        1.0000000000000000        1.0000000000000000        1.0000000000000000        1.0000000000000000        1.0000000000000000        1.0000000000000000        1.0000000000000000        1.0000000000000000     
   3.8408225917563121        2.1913827678980367        3.5261559926952750        1.9061005478628952        1.8961002434508316        2.3502835687902288        1.4325111921933422        3.3638648944225289        2.0002322709110105        1.7351233784409652     
   3.6328008575477537        12.636802466262994        4.1568400092019600        2.6570568003689026        2.2267725864028711        0.0000000000000000        1.2842074151043248        3.4735766333486020        5.0449163091830247        3.7376525204268463     
   5.1147762989917132       0.71719206110934031        4.0881838083881359        4.9527463344926774        7.6261445816939872        2.4032629101162817        2.1036550742795845      -0.55086515576192596        1.1170303043425645        7.1358270360669902     
   7.0775688918661519        3.6392856434858474        5.3528027970620471        2.4288087479253315        4.6319249529326125        1.1533828301745668        3.4253368313928454        3.1999254661483185        7.6316933041031696        3.1257782082389243     
   5.7784177212158339        4.8104779852120343        4.4623072935881902        2.4242231145837527        4.7909068310115135        3.0603073909291560        6.4954489309147130        3.7078715411635774        4.2928125760834472        3.9337498282161265     
   4.0106777911001377        5.2434326587466007        2.3169970339142227        5.6576080274896112        3.0630690066202559        3.7471466754180032        4.7644693560896236        5.3261985605144258        5.9148118612906684        3.4032991743898768     
   6.8823278579646532        5.2069669204709461        1.9360373101806856        3.5188630739712234        1.6246810812602099        4.7692096673147741        4.1184859019403506        4.4446087711755320        4.9133967822590492        3.3355695735591300     
   5.3328838750747858        4.0849293272370888        1.1641430833949302        5.2425340728398337        5.2243499390104970        4.3987703478586591        4.5309531274367609        4.4655117680000984        1.8010376135149935        8.5742106566044196     
  -3.7924700092497932       -6.3019927122729849        9.1461202910411448        5.7918305969731314        1.4139565887404635        3.9193941286034577        8.8122581680983014        5.9008178681857988        4.0642423193452553       0.12819649806639627     
   31.558714377511709     
           1           1           1           1           1           1           1           1           1           1
   9.6272608782983493        4.6187751316277730        7.1434343672222792E-003   3.7090431596810420       0.18542291065425034        2.5960757750889040E-004
   6.7730380409676286E-002   6.2998478283140799E-002   1.1532374032907283E-002  0.14665393300339963        1.1530674301239909E-002   1.1958964224832797E-005
   5.0000000000000001E-003   4.2726044512792125     
