   0.0000000000000000        0.0000000000000000        0.0000000000000000        0.0000000000000000        0.0000000000000000        0.0000000000000000        0.0000000000000000        0.0000000000000000        0.0000000000000000        0.0000000000000000        0.0000000000000000        0.0000000000000000        0.0000000000000000     
   5.5618761244514710E-002   6.3544450331553232E-002   6.3103155525824316E-003   3.2314135717917601E-002   1.6048343307386106E-002   2.1471048329791912E-002   1.6397774931185556E-002   2.0844796717756089E-002  0.24787386428465089       0.20091714082580497        8.6704404648094216E-002   2.5553815672983572E-002   1.6948858852885711E-002
  0.77673003004667807       0.97369003352962491        1.5662213883126319       0.84948408086775085        1.0116808578531626        1.1873899407814876       0.99482843820440325       0.93472779136650319       0.77383739761998083       0.75137045692153070       0.73513635015514112       0.72275752079773747        1.0005287375300629     
  0.11802624269817828       0.12707884346745077        1.0140589357979209E-002   6.5965100054033610E-002   3.2625710729762544E-002   4.2198605520326261E-002   3.3580540284167779E-002   4.1622884587166030E-002  0.44071686505107865       0.28311591117173485       0.14849118405040726        5.1540713527015197E-002   3.5172553361096516E-002
   1.1616029316771783       0.92807235200877058       0.79781486129598767       0.82902870012911578        1.0241722986871848        1.2340341289694234       0.94990764230109603        1.2091275435331763        1.5275131951403009        1.1099029687957049       0.96400008636334733        1.0239791471358299       0.94998123845363691     
  0.16086215352850017       0.19053900574220092        1.4192319451469211E-002   9.6901529595814939E-002   4.7743596819789534E-002   6.0153059923941522E-002   5.0556155029915478E-002   6.0221593918339575E-002  0.47102407355406067       0.32145532491629486       0.19039450772019509        8.0361198952493926E-002   5.1659948009678963E-002
   1.0914059591586502        1.1456288682177476       0.93346750018263391       0.86326520550370511       0.98305174844546395        1.4473041622350034       0.86175945159453227        1.0331836625439856       0.83926225468557236        1.1971453356073465       0.93482582942171988       0.76054286897652235        1.0350095499096430     
  0.20444412258940561       0.25370659753251096        1.8709212413957774E-002  0.12932350342345866        6.3648332156332157E-002   7.7114933579681369E-002   6.7965086567607746E-002   7.9283406633129910E-002  0.50174642447884121       0.34447408741974855       0.22430976157503177       0.10484311765691691        6.7798566262804325E-002
   1.2825159205584244        1.5202467594413358       0.87628925838517113       0.88439754128623527       0.96525313799741874        1.0137412850927439       0.90186257919241852        1.1878433317924528       0.88396741363092191       0.88726331742395348       0.91698544303950225       0.82198752766824090       0.93918149689600194     
  0.23706101476435321       0.29334507712773888        2.3385239246111127E-002  0.16139424874236682        7.8796806520008020E-002   9.2605143068459156E-002   8.4879907588836803E-002   9.9497988968539508E-002  0.52750721515155363       0.36292247953744261       0.25319551203045099       0.12543405261183380        8.3869912334070512E-002
   1.3404816891812006        1.1012171910980424       0.92764155056130138       0.94098964360012349        1.0033532589292105        1.1827521353828983        1.1612860530235738        1.1522464208410645       0.90943298069297196       0.76769081109328552       0.96992759708752041       0.76096144023131396       0.93281304040073898     
  0.26610938510556914       0.31727964290268751        2.8153921444271240E-002  0.19011136803269024        9.3328500232303546E-002  0.10823074829344681       0.10111397978988422       0.11967265136709909       0.55098675504923911       0.37794049553499987       0.27701858972851762       0.15831372719518957        9.9664640186212267E-002
  0.99180393957815405       0.88832415311095936       0.84857520895533944        1.1032065195822622       0.91109667240284609        1.0219623034457970       0.84873464753561534        1.1527687903417225       0.94677827032654505       0.87534714159644822       0.81007242860860740        1.1288992581388662       0.94345362936245680     
  0.28394021898400545       0.33543374105794777        3.6061742941212761E-002  0.21480794290280258       0.10784744261215962       0.12325633643206776       0.11806137817377065       0.13897380988241553       0.56977043389863691       0.39205101173986567       0.29822839854763383       0.18249412007269458       0.11697623641007930     
  0.78770610813772513       0.80066969992990722       0.94832945659346135        1.0728381130881692       0.74601692730282954        1.0941831848851291       0.98350224486295601        1.0905704005572563        1.0974489821863329        1.0304778770721867       0.95221162042626983       0.68775084673786935       0.94979944203585742     
  0.29480281122880581       0.35460930513696648        4.5141925738600305E-002  0.23932259215646889       0.12254398180229854       0.13792336575430811       0.13427532917625731       0.15718157141856334       0.58695692335448457       0.40603206350001642       0.31839586948872545       0.20858937992829052       0.13464036078830774     
  0.75144833649519371        1.2522279291360574        1.2336362074358951       0.88443651935798306        1.0914649598912300       0.83258175219097996        1.0331191773493602        1.0556101812768182       0.80784074892480129       0.88684010484890885        1.0650426360572420        1.0055437372572196        1.2086598657510150     
  0.30455229786637394       0.37483602247498238        5.4868854429740675E-002  0.26066777160582272       0.13774686274545606       0.15172266763417502       0.15036651860428990       0.17345611599612706       0.60327082340271965       0.41948811570166716       0.33752982417377136       0.23544198646990958       0.15296820525194146     
  0.90097780856756982       0.75253596048768123       0.89767863495241296       0.96163159967927037       0.92555884642984920        1.0127158343497922       0.73191080595677416       0.90149870986759262        1.0621113538025146       0.96123255962041609       0.79374975709039808        1.1468638128570359       0.92839184269249064     
  0.31398572218155163       0.42501941201877252        6.4182393081917213E-002  0.28169779737009804       0.15384514242570338       0.16580678593728471       0.16638990059880446       0.18941593762344175       0.61966562658261748       0.43153715896204137       0.35571329087159792       0.26178885341670677       0.17038729880879894     
  0.94149948895327229       0.76378276067894979       0.96070498722577202        1.0009875350303548        1.0491831103459093        1.0276794521479360       0.83903147127157984       0.83405997436168533        1.2407858011473580        1.0766394888826503        1.0665142127594116        1.0042529147961630        1.1832115002065677     
  0.32193078248973683       0.49666122494562487        7.3336709615185972E-002  0.30285639591590058       0.17020699385723873       0.18002202876819051       0.18266877270086707       0.20493489033434570       0.63486167580096209       0.44320727092238388       0.37434229168370609       0.28536678420493627       0.18692956165908484     
  0.81878686125001565       0.85019114380943928       0.87108316861915847        1.1922819148831054        1.0338068343925206       0.88671261250887368       0.91809894554512461       0.95305667840920016       0.91478057509107136       0.90652283195079908       0.86234463542671158        1.0003893493480889       0.91050200821068450     
  0.33120768068480533       0.55874234841843917        8.2423847378700565E-002  0.32273714467221526       0.18797936534333762       0.19387246662366819       0.19925237596841813       0.22136169159371266       0.64946512546156066       0.45471240311574973       0.39174284335123793       0.30784975244802298       0.20305535683601161     
  0.80529397842523831        1.0324400496369450        1.0022703314903936        1.0049338626797404       0.88101340789950922        1.0123739461799104       0.88964622002419791       0.88991557199445770        1.0943439533128474       0.76621474312810611       0.86163557851685757       0.96768172403485520       0.90682307666410766     
  0.34442321115922031       0.60938275926197039        9.2363000006206550E-002  0.34172585403282379       0.20605417788309191       0.20461258634887955       0.21676814517606433       0.23893393357925258       0.66366442684928073       0.46567338163545630       0.40762802396921688       0.32884655674271174       0.21749268712716993     
  0.92319427086665939       0.88867209616250786        1.1040117679286974       0.97314203821627199       0.95472960946922925       0.83882903493169181        1.0137300199861468        1.0121057693938831       0.93349640443660420       0.82991058042619248       0.85817215731068430        1.0776011933336727       0.86820739911728040     
  0.35825946918270096       0.65043320024472628       0.10338335536327793       0.35868393906478019       0.22422564441537435       0.21614335721938369       0.23354393208976174       0.25622598465477309       0.67643099459522282       0.47586121422058797       0.42320607243787883       0.35023747483625950       0.23087835051652983     
  0.87717368005303864       0.86552932804515348       0.99253449891155132       0.83978503688368367       0.94553774150752223       0.87722121872829339        1.0830652837154149       0.89438449648813811       0.88837651515900606        1.1360168519842386       0.93552622243315475        1.0123958336372598       0.84201212726780272     
  0.37227601500186103       0.66996904029073701       0.11407063036753749       0.37646962802506406       0.24250764967130661       0.22865755911733485       0.24867327931321345       0.27316216888509276       0.68810113627110348       0.48593640823993561       0.43964028677373618       0.37101701263870696       0.24390649008135776     
   1.1354224143907112       0.98855392008374210       0.83282435153183243       0.91275155800349339        1.0083297377523548       0.99790365851261309       0.88258784526581224        1.0322979599495841       0.94802169790332891       0.91723793364108153        1.0543427463601251        1.0114649963005031       0.86289335609570850     
  0.38579395243923503       0.68498019591336567       0.12365061338642389       0.39454448662162345       0.26071110461205899       0.24191777321360985       0.26374279054080052       0.28912679377998113       0.69898412355726469       0.49523764042717949       0.45660853839846172       0.38940837787277138       0.25761372127442944     
   1.0360399892210348       0.99221924824313512       0.96548976653593965       0.91936317219233443       0.89927221139947688       0.95749466751647394       0.99143003635391258       0.76683325233739141        1.1255220680735296       0.99846743245247227       0.95956777829672180       0.86422962647635038       0.82395501712324803     
  0.39882274597107648       0.69927213602727567       0.13431706148232847       0.41148641972672362       0.27876268050952602       0.25559626345037578       0.27902229507888188       0.30428517723490084       0.70913452528345322       0.50423070795915814       0.47336858739565069       0.40636659392717867       0.27128911503719688     
  0.97517594264134555       0.87907111072230404        1.0610572637722875       0.90441367994629784        1.0258430212316463       0.86175247480299944       0.94252530393849820       0.94983539289449437       0.84151913384650678       0.87088121680678277       0.90608683283373803        1.0791439504498146       0.87816788015389702     
  0.41173061106337805       0.71228530447926919       0.14682843095122589       0.42773495242750081       0.29670605937001210       0.26803093263358252       0.29518619477353397       0.31847015815199164       0.71899000734858798       0.51263154800136834       0.48882652337111843       0.42246147319954164       0.28545472642131509     
   1.0513796220790348        1.0260408375982695        1.0962195076034880       0.91817209946785572       0.78355821297408668       0.82519443625081990        1.0092775114774748       0.93735514564316247       0.95581381718275515        1.0030753584681913       0.94102925585570107       0.94110873721252053       0.80941973711261594     
  0.42446568317730676       0.72433071469146648       0.15985058715899209       0.44298611562277868       0.31475143743992273       0.28094047105612924       0.31215857582764667       0.33249022382795562       0.72878259053986516       0.52092621817146501       0.50408526551364552       0.43841563751791524       0.29953095639550437     
  0.85601840093713810       0.90532185788728081        1.0038360012771774        1.0819397859436688        1.0654735919684626       0.85694380124858216       0.99648699978181499       0.96697592190795878       0.78260977967065326       0.99376884776663887       0.89084815887941471       0.84899416855522569       0.73560461682392930     
  0.43712799674353175       0.73604668461015654       0.17347915635442876       0.45864602033986795       0.33176681444469291       0.29475536631410221       0.32937005611408005       0.34748063197279555       0.73894692299458176       0.52899268531014121       0.51954852472637092       0.45591449552640673       0.31369718314341866     
  0.76432150224735507       0.90598318882153162       0.91482741762730113       0.97962927250494880       0.89398851179009331       0.97890797555460451        1.0678158931740063        1.0078508891182685       0.86359662603508536       0.97892595772943880       0.97677588173309515       0.93125304715844281       0.94293229238125087     
  0.44966790995008177       0.74751662395057761       0.18689463651492905       0.47588764874086686       0.34914960683194024       0.30910358029296958       0.34563891495851923       0.36253473115244955       0.74790225535561683       0.53654077295205216       0.53542976037474210       0.47364126688677455       0.32726860765412980     
   1.0133795758662287       0.82168804466647971       0.91465505679149350       0.91854395104213493       0.90396785962021409       0.78704552970038355       0.97975252780167110        1.0738439437405649       0.95381144141398122        1.0915831009226953        1.0625728748576526       0.97961641065836569       0.88345307523733874     
  0.46228443761678933       0.75820369630114859       0.19950678736875585       0.49239175339363761       0.35906019434834374       0.32470670816786190       0.36164770054611750       0.37668226179720726       0.75637963467157598       0.54393034639378812       0.54975799866796993       0.49118278108872604       0.34210255548552515     
   1.0387744522187172       0.84887930877847539       0.91793876952883280       0.90667564519071286       0.77954395188221426       0.82186472181869230        1.0473515443089503        1.1899265864234236        1.0561791882091482       0.93405661826243791       0.98855469587647460        1.0548693867786869        1.0451315721051651     
  0.47553796740510718       0.76789982267705881       0.21017907465893085       0.50851293526926977       0.36956771706252178       0.34044985878420431       0.37583506506518921       0.38998347365601449       0.76407086144245406       0.55107848668398174       0.56366282808995916       0.50606013256485427       0.35631154100810852     
  0.83196836697690069       0.83301857697513826       0.79980710382774112       0.84183193584165483       0.82668048396437510       0.98070989300911626       0.91007563552674431       0.84253779060421929       0.87973565791226516       0.92882524914988407       0.88141855474893127       0.85175171166193064        1.0007260982985524     
  0.48921160664850999       0.77742163959934540       0.22059857218125942       0.52401111204342532       0.38071829087309705       0.35692227580032243       0.39027060295960242       0.40415431283830994       0.77218609080591805       0.55812190353796898       0.57735091021631579       0.51655171096076236       0.37344195988096762     
  0.97484656344178122       0.87522913841193950       0.83381387624313763        1.0036593374970251       0.85872220926935494       0.74412774098886647       0.97321684928813612       0.88209827871983759       0.76729696424834248       0.86029919400859090       0.87235621072175296       0.88379171785054189        1.1172705437948196     
  0.50310996668457098       0.78671898210267832       0.23183971497502853       0.53837922200574262       0.39168305173570983       0.37347307454743894       0.40574699755653570       0.41778653113210884       0.77994073987143098       0.56536502287805801       0.59143761969604003       0.52682795219510148       0.39115656023332274     
  0.79288994955178183       0.85066624780896494       0.86253412446130140       0.85383357135399807       0.79405349992894858        1.0286652360321102       0.83061492697311279       0.99193172578703459        1.0257178372407627        1.0163630660715308        1.0730558577633342       0.77838863267829062        1.2099304898074352     
  0.51604989561497594       0.79543423170346084       0.24417187152958403       0.55280424084157020       0.40390268549763847       0.38963957249413944       0.42095445859649450       0.43392758210196231       0.78734353386325284       0.57252703078798617       0.60584208828087049       0.53709747297051236       0.40678207491693652     
  0.90254344981142465       0.76878452586346113       0.99427007428446779       0.93620265605723763       0.74915347527002529        1.0062455379998687       0.88402264529710006       0.80042233788988781       0.96000940629086140       0.89738555098303618        1.0267642883766976       0.93719306721647200        1.0102533717742626     
  0.52788240162515432       0.80383123078637864       0.25669194123593192       0.56645833065649287       0.42152345180293777       0.40511085717085960       0.43537455524341601       0.44968311043438175       0.79498345899209488       0.57922066975346365       0.62035704667006697       0.54890380099099167       0.42211874616424749     
  0.85251264177936337       0.90840175243108223       0.83113458327479106        1.1003092064246698       0.97551802778113628        1.2185235077332106       0.97695142288316017       0.75684515762283400       0.88909220575702541       0.92618238711104861        1.2328145332131595       0.77054555856585683       0.83520477353855505     
  0.53974978204684887       0.81257331261982901       0.27072412439750615       0.57954078066724957       0.43833666331474547       0.41996842928403078       0.44930884387181064       0.46489939607645314       0.80229307956398188       0.58592636050767277       0.63450586361767491       0.56283980164199909       0.43712291643071305     
  0.93098608381052628       0.99485892332910264       0.91266642671671327       0.86250874327002414       0.90511505227038958       0.85550972579638684       0.90803705764738607       0.82006326039945832        1.0844464160438654       0.76475651577170534        1.0071204967762690       0.93587269442869803       0.92956177197035561     
  0.55159192488908737       0.82134063744662922       0.28649499202988737       0.59225402791071324       0.45370453773823000       0.43601287495403601       0.46364227966037924       0.47921184443837805       0.80887364193404265       0.59301708708802825       0.64818820625509499       0.57702907161255601       0.45333875529033296     
   1.0096783586607621       0.78023011780458784        1.1411926295635149       0.80578716756392443        1.0687561002767310       0.96124960033537543       0.96585976635450710       0.94305716312155963        1.0248494006249484       0.91949581685895843       0.86882676812430548        1.0450583789191845       0.92207163142752135     
  0.56426004889637893       0.82971188421148412       0.30125167364001298       0.60464820815187492       0.46806242307852824       0.45309378496615710       0.47910331728259659       0.49545119007429167       0.81535394770980785       0.60002275746427536       0.66083494523237796       0.59157632859913234       0.47048428809970672     
  0.97078691236516146       0.83756749972314160       0.90191851505511245       0.85110694571745549       0.79923359299707897       0.86620171790688061       0.89672678885147272       0.77935191828250705       0.81271899475643805       0.97602899022810785        1.0728653331366640       0.92970448416282114        1.0048551625744708     
  0.57698882264663875       0.83807619877587824       0.31445929737765249       0.61721285536591608       0.48315285448317813       0.47059581628764896       0.49517986750066395       0.51266773964941303       0.82126405453644202       0.60695352294151073       0.67354457321918748       0.60549784221336900       0.48271208615112243     
  0.87793421638489377       0.82168210340887893       0.86891789298813771        1.0791382736833017        1.0818509994375074       0.92681426828933544        1.1390395435050311        1.0959808608836827       0.81829459744475863       0.98456168115168596        1.0565526090871102        1.0110218241905553       0.83592764850292323     
  0.58938931968517239       0.84599454083629255       0.32854665235714436       0.63077892361712040       0.49914195782671344       0.48495367786221383       0.51156275907451587       0.52897480174357270       0.82686482023139540       0.61327690631936482       0.68623855060504613       0.61818273267560986       0.49297257594519622     
  0.89975816439872958        1.0552417795517239       0.80921500773212451        1.0815818579846734       0.76712840010994954       0.87703039748309486       0.99933793470200405       0.90766395791343168       0.94797065488621957       0.94824963558304132        1.0416828189364302       0.86968039684858744       0.88426183647030088     
  0.60170794651633885       0.85376319258248246       0.34345858608998953       0.64479685082765881       0.51370957566030928       0.49491158330073209       0.52785567780957887       0.54518988401081270       0.83257902332653599       0.61913620589879870       0.69819486429335154       0.63036549558245936       0.50284179632701753     
   1.0214734040842481       0.80927186530142969       0.87660763325931979       0.87932316600924332       0.81680456784417022       0.86602503692762767       0.85790532971853939       0.80313801237392035       0.83055210184323014       0.79580410766185827       0.94955514756882486        1.0347119344187881       0.75734630963964822     
  0.61387892250762599       0.86086198430494876       0.35869029658112855       0.65801434678491688       0.52736222673662070       0.50488221786623888       0.54295022226767709       0.56141754485077944       0.83819452057144339       0.62450573805883902       0.70955209593640345       0.64206521189292209       0.51249126178209492     
  0.89568451883374556       0.77758563148147308       0.73047461475038022       0.95469226769775772       0.95372169089957126       0.74441376388061975       0.82818630629989209        1.0883245374065318       0.78577699975390014       0.85421974418085322       0.97896698371444879        1.0822425078164208       0.79908435000813705     
  0.62530538159002613       0.86751261070414509       0.37502639659566128       0.67087557454737567       0.54354931402522866       0.51485912638065978       0.55912759887259988       0.57841355330108080       0.84387612273513379       0.62972880598231862       0.72000405600763195       0.65511842575077217       0.52185075898311906     
  0.82471147844526527       0.95962275053418444       0.90444113425897088       0.83306695379311757       0.93655690167269123       0.69667629330954495        1.0486889362604814        1.0141883762082844       0.85393186613145255       0.85441450117643414       0.99329765536740922       0.91940063549973150       0.72397635861595844     
  0.63617969738801061       0.87466907863200749       0.39219486497261247       0.68386777660983067       0.56041858657240562       0.52558733557062109       0.57617583959642693       0.59656678615190073       0.84898005045470415       0.63384377750768683       0.72981271281228921       0.66992041809907044       0.53685012938681431     
  0.71854609975171624        1.0482851106850193       0.78558319420122324        1.1947254439363200       0.90678073817134253       0.78035979781043319        1.0004162154720326        1.0413767372968907       0.97118033784552171       0.81174643882104480       0.91755242479317034       0.98463633660176142       0.93697264983721995     
  0.64797710485217153       0.88179416637005992       0.41189648673119966       0.69667293290543131       0.57661193583987813       0.53908647068512427       0.59318794419317578       0.61422713056696743       0.85395965163011356       0.63728522284168188       0.73961932942408382       0.68297325809138532       0.55294898757141608     
  0.80143683911710095       0.95314706848133601       0.99983859725799318       0.90695551243859507       0.79011531036435234       0.85745694639302306        1.0207239610621039        1.0187896260592491       0.94000439558839910       0.77377760076228985       0.91422879302552706       0.89360814973491043       0.85850187428320668     
  0.66003153621397614       0.88862483024220873       0.43094465302186946       0.70919727821586687       0.59313294532487049       0.55770589369180901       0.60959980385145485       0.62960495681685147       0.85904279414889773       0.64063552199394302       0.75054912368534854       0.69438585689748622       0.56951967056414043     
  0.72640237949978248        1.0040430761556185       0.93257481218598270        1.0360174590175555       0.97589409583960429       0.93898050639573183       0.82464948200864652        1.1015151945102390       0.75857717669440150       0.74881682133681815       0.99056855860329751       0.76619377471330119       0.82885731368302662     
  0.67354551399004325       0.89549703471599651       0.44930089372631599       0.72110728245141431       0.60931353022365087       0.57489034034333819       0.62635272525266961       0.64582676585370336       0.86454222744886366       0.64403009229348096       0.76148679307622014       0.70572850203012660       0.58647679892697435     
   1.0447290494792953       0.90153338469828326        1.0442941496932816       0.84517184372102605        1.0474991942838208       0.81934203969880659        1.1504445265128864        1.0129400590274567       0.87658269546667678       0.86823389470068413       0.96079045333201041       0.82788604227272955       0.84460407894168765     
  0.68695689098258117       0.90208964835462180       0.46693663280935993       0.73292822692928694       0.62554328650701019       0.59236056343787413       0.64115877028007162       0.66301288027399374       0.87023085442896753       0.64747607104795535       0.77199436460545667       0.71959796799839737       0.60398397284799243     
  0.95058321010137070       0.98896306007755364       0.85055735910029717       0.92310446947891134       0.96849196383730096       0.94721848544591869       0.82245038321000541        1.1175598827912692       0.85881952204246537       0.89389638478650113        1.0329900816974156       0.94965677889053379        1.0724885552247851     
  0.69926485051264720       0.90858286562473001       0.48474593253309589       0.74526363920451077       0.64177563957628558       0.61102177862572116       0.65718728922831382       0.67957592488445295       0.87621508068705889       0.65292871140508257       0.78257756851702109       0.73405376652512544       0.62081245144288411     
  0.89087388616121221       0.91224596279987202       0.81473795152452611       0.86274160620232199       0.81052079225029894       0.79412223137449722       0.91793946600440390       0.85843298806707169        1.0971146635756350       0.90958973110129338        1.1166372126268735       0.97513452220981933       0.99805445490836364     
  0.71128552989185334       0.91451315341271922       0.50260980082424844       0.75662778905360561       0.65791516938263095       0.62812782441397408       0.67203122813668381       0.69610432472720940       0.88228712779106466       0.65916584510120524       0.79309785944710032       0.74769766434456753       0.63815495570645386     
  0.89993418632681543       0.94114478617177888       0.83739075462113599        1.0124087575744551       0.98213977087093285       0.92326087479125496       0.87872158050489946       0.98660121783807864       0.87060809077372725        1.1834108142273765        1.0852994862659102       0.85710281825418011        1.0892383043864373     
  0.72352087635767859       0.92033766734706568       0.52080447037774691       0.76741607835214909       0.67355274230938966       0.64381971790789327       0.68847438799490523       0.71072790207961345       0.88824561771156019       0.66558575625751881       0.80356491694576193       0.76017452401017582       0.65571959448462291     
   1.0063064666465509       0.95788070531975600       0.88312966459836384       0.77383545648854657       0.83085830499760194       0.96550879969771231        1.0073436837649958       0.88069438087909235        1.0717027148020966        1.0118495426856093       0.94136543017655938        1.2778214158135579       0.91026090022560313     
  0.73584166665805129       0.92609950922681150       0.54004657929632183       0.77836038884047010       0.68628463934471295       0.65803610079541985       0.70534861792845138       0.72533195546646101       0.89429178643667451       0.67233000204242588       0.81392600450056007       0.77299067404344424       0.67305544288454411     
   1.0837875073606087       0.87795586801216507       0.77738046629236424       0.82086890476807883       0.99671804312781109       0.77333798272927801        1.0535607942454210       0.71182039761506766       0.95430725944615069        1.0506738106754656       0.99973413134024181       0.90661377506619523        1.0976459475741311     
  0.74838894448421933       0.93150804289479516       0.55702998347922994       0.79051744101419763       0.69840540089235648       0.67330327696294801       0.72453255392549309       0.73858308908929959       0.90021331113094816       0.67878106762067147       0.82192583456961110       0.78630124563579096       0.69021228611402552     
  0.84951741238138712       0.87512522458836561        1.0216073913798356       0.90357856653779822       0.79098877213985574       0.92829185446375184       0.96116984709947584       0.82842758671803141        1.1091575586411462       0.89885812749318372       0.87963018215798494       0.90008569526456239        1.0310642465082744     
  0.76159337346566480       0.93653551908503585       0.57440580588110091       0.80376620366759022       0.71162900924806760       0.69108878648887551       0.74304413345342857       0.75349699168894446       0.90611077156552500       0.68513668399709660       0.82769000140729232       0.79938851176398473       0.70672951271165363     
  0.92677311150781827       0.83223111691608309       0.83545868244633625       0.83795893720385706       0.99179623513553661       0.85490828944691166        1.0034210534285166       0.89951552368120336        1.0131978184583241       0.97516744920593645       0.69380205562932995        1.1118324463248297       0.73527383003937730     
  0.77524412268875453       0.94138933103475020       0.59196905422277357       0.81694317520671655       0.72493457954868390       0.70858243428705203       0.76114593635207228       0.77053516812157818       0.91178189311159386       0.69149839920070033       0.83329562362965937       0.81145806505354168       0.72278975292876813     
  0.91823062064506666       0.81678709616486322       0.71803650566998811        1.0131116510154543       0.90828538237081913        1.0177594729839567       0.88020369386358344       0.78431905826306569        1.0878699895586359       0.94671488310845819       0.71144113196835512       0.95953428549848818       0.83744869703614699     
  0.78830118541667582       0.94617568766063942       0.60919978028453725       0.82937641534096196       0.74119571656369165       0.72638152985061677       0.78019449649152695       0.78153043692382373       0.91684027751700203       0.69792518293040273       0.83888048915512903       0.82455237246638824       0.73903006022406148     
  0.82440692105795177       0.86954527373388701       0.89811850785458025       0.98146395076771642       0.84295592251299345       0.84860319816480367        1.0445647076205091       0.80325437739171868       0.79747732197567356       0.87961259904951206       0.69552715295635448       0.82204869316430762       0.86328432217876572     
  0.80106195230040300       0.95057037760492558       0.62906094733584073       0.84032372620938856       0.75855086963722562       0.74407179951976821       0.79623928620621298       0.79087195455884385       0.92160699529479040       0.70447200425471568       0.84457294072731459       0.83539082689959598       0.75604542045298495     
  0.90861644769529804        1.0433054107945234       0.90062001346416709       0.98234533787070155       0.83759594822406858       0.88883431737890362       0.83265647331932180       0.80617952198949661       0.77320987094294902       0.97700825107989375       0.72545408997336380       0.87966407492488363       0.97840379571306202     
  0.81436236184041488       0.95479127650064732       0.64846077466606000       0.85059090967160889       0.77589462863593128       0.76258529266231978       0.81248680400625806       0.79970423672101065       0.92639545783439026       0.71113086367830047       0.85180230367610854       0.84643264891872327       0.77342773807995191     
   1.0534040340731639       0.79506839872981261       0.99039412728969678       0.89702116158068623       0.92870128111547057       0.91672202426871519       0.86352509949200751       0.73429953149317673       0.87125768744856580       0.93602378448253420       0.80911278430416100       0.90734489442504729       0.92700086786664770     
  0.82823905523099950       0.95910283242843619       0.66766577472315236       0.86097260579934698       0.79272232904254825       0.77958487396497700       0.82723961923440059       0.80841323477382732       0.93135036439914265       0.71784273589846137       0.86107967563212584       0.85784192935456338       0.79102215310706070     
   1.0257434880138714       0.96101921928268708       0.87501027525034047       0.96882959266485014       0.93897692658992737       0.97174269821907922       0.80445110720622415       0.80490415814017391        1.0555473412632004       0.75339757498236881       0.95300914220926347        1.0389113695854673       0.94641495326838510     
  0.84182114017960297       0.96356995708260651       0.68804832961259565       0.87184167380305144       0.80927890238861100       0.79668177024227715       0.84067540180531564       0.81694568708710402       0.93653892318116994       0.72507028762792280       0.86972446880509002       0.86909694080108302       0.80729120682233901     
  0.94302576775601987       0.75035709843324216       0.80075450023483463       0.91599437898089053        1.1071156082242377       0.94461710996843884       0.90143776086027372       0.78288271009033550        1.0929733771063403       0.98208880937025689       0.87066545201293610       0.76350563872248223       0.83884684255702391     
  0.85459570277765606       0.96785192656856411       0.70775879771184524       0.88400634942103540       0.82546949368577660       0.81418449777950652       0.85462855480024613       0.82918901907759412       0.94175426417451225       0.73295718950965705       0.87870123378138387       0.88001438063725712       0.82181080597559530     
  0.79650027923861666        1.0057392639055698       0.88069111216790708       0.83705675644135646       0.88340400705144628       0.89736448205956787       0.81328455443007319       0.86780640828766864        1.0039247977767083        1.1016015459075537       0.95259128086019051       0.88122182901810153       0.95122355368250833     
  0.86697808424652445       0.97182783373718129       0.72872934496266850       0.89613529493559674       0.84133847146517393       0.83271558929527356       0.86841542249273518       0.84259097696822249       0.94712573606271200       0.74096641101202099       0.88765428640034372       0.89050966012406552       0.83505411115925587     
  0.96790802661689257       0.90419842674896433        1.0085865983572677       0.76403350121340696        1.2369691419298596       0.80139240190259042       0.92890453855721056       0.97012814301556605       0.94339212010777873        1.1032108526489370       0.76776855854243509       0.80851318259241334       0.78776078443257980     
  0.87916348471645323       0.97528333497906949       0.75083199570031522       0.90921467903501851       0.85721172695918435       0.85001024341625686       0.87955017239152467       0.85686114019363446       0.95243415801789166       0.74920143189595045       0.89783633721621636       0.90048445700441193       0.84785505978668796     
  0.84463615232506895       0.97471512614082956       0.95772386554316979        1.0161128461636340        1.0148978843411978        1.0520969130292757       0.94310264904764840       0.79797153981519686        1.0081327666626438       0.77246290059731537       0.98417357004644668       0.98427582602328312       0.92273055705849261     
  0.89144216894865280       0.97838998209081429       0.77396859177992350       0.92172582516240897       0.87324529453172739       0.86604592212256826       0.89013295722299779       0.87182740401310688       0.95774252738273202       0.75781787581917348       0.90813147717901477       0.91032856909197624       0.86205776166547443     
  0.75369667397528195       0.79608974448940895       0.90706713645577930        1.0030325699649334       0.81899935198402496        1.0333183516180682       0.86693092594471277       0.85632467945235957       0.87286302624227341       0.90058212675786853        1.1293516490236086       0.88556785562246410       0.72468058150809467     
  0.90494238425700435       0.98139738474785021       0.79827925353177509       0.93421392609945897       0.88965159732270171       0.88325113316449777       0.90024502588485733       0.88870967920411992       0.96277514377274587       0.76695900353377255       0.91726108602601053       0.92143104027060230       0.87767444103473513     
   1.0598156821313540       0.84637790517350864        1.0767744766435434       0.89570716703214903        1.0516328598299478       0.84519926539639190       0.71279474615613869       0.96829027002017076       0.89799751448402210        1.1557557798110478       0.75231956309590731       0.97977188823770800       0.93135842329620611     
  0.91878535702940811       0.98418110320852970       0.82400451253465579       0.94768894157784356       0.90675589018155422       0.90103617289104365       0.90934583380262879       0.90577862043128543       0.96602787789986755       0.77701155831313762       0.92667166676181500       0.93319388021802396       0.89416395037459762     
  0.87924021373554018       0.79921528847495849       0.91749507049032586        1.0862509527313113       0.92979407590190688       0.90900024689530146       0.82362289079814610       0.89018765520019905       0.81497045977992866       0.77310331423463297       0.86261885721762144       0.89596008485268308       0.91054570444147243     
  0.93216836876756448       0.98723693982972971       0.85054160010428304       0.95439035287201479       0.92319604143821710       0.91677661071565353       0.91823781432416496       0.92098648822651052       0.96935705354325541       0.78809300935085491       0.93688400351698764       0.94581209132175492       0.91147841936009955     
  0.94739516877554564       0.88005038051796691       0.83186668312925460       0.72577869993978439       0.78796186712773164        1.1269137742180864       0.71319708518730907       0.89557684161144258       0.72386081377901923        1.2985924423651363       0.93309429725814752       0.93070233234932509       0.88970236836953787     
  0.94516990181686222       0.98995881714145562       0.87744323456454654       0.96096237456608968       0.93910978831120628       0.93095813928053917       0.93220772147134900       0.93752862879103893       0.97277413095621779       0.80046402433146480       0.94794196963702138       0.95841304863367915       0.92925517776764688     
  0.99802506416880743       0.89973557286793737       0.85488726954259830       0.82685335718767816       0.88655497257497695       0.72147509208473071       0.81644100078489368       0.85073895533064003       0.74772128411340100       0.83660847398872484        1.0072900671366456        1.0338324010219908       0.90083199969860328     
  0.95924169385759539       0.99253882841005203       0.90549501766731000       0.96763786030140098       0.95472373072312300       0.94675448373534521       0.94904393341558468       0.95329196657768656       0.97614338851484139       0.81555842788529997       0.96137721246571439       0.96944139864663870       0.94721897169433944     
  0.91777337597632525        1.0169934717962716        1.1431290574689872       0.89073758549282755       0.86044250699690283       0.95022835665014360       0.82068434546707558       0.89581567046936261       0.68162722806545073       0.89970744908490896       0.96187470780437456        1.0411861769602750        1.0716176215184416     
  0.97357240282284729       0.99510376745367557       0.93430112989325531       0.97585785040032236       0.96879115478222755       0.96325700338805742       0.96549679824770962       0.96878759205764053       0.97996422797140326       0.83785913609021656       0.97443187330468528       0.98016192608095642       0.96522296642324434     
  0.91035077767615213        1.0788767457658242       0.91726795293665497       0.82067045193322019       0.78615475431049930       0.74846249463896930       0.75587615326330138       0.86179765037815992       0.80530321530863169       0.92247633055405420       0.86540517343582557       0.87664818381506981        1.0550565851006961     
  0.98691451082120363       0.99759188195392090       0.96695291073009526       0.98490190447172832       0.98480731091285234       0.98173508456167424       0.98247608208243531       0.98451472253273953       0.98969326011624914       0.88430407300374569       0.98698471236670104       0.99011343752189540       0.98300976167968934     
  0.91183529678786168        1.3474982441114836        1.0343909942012905       0.73586273396845814        1.0033484950153779       0.94072203185628933        1.0147098518035886       0.77596179391782705        1.2243071481279477       0.89632651358997750       0.77667028140565464       0.93195691296555605        1.0368168801006159     
   1.0000000000000000        1.0000000000000000        1.0000000000000000        1.0000000000000000        1.0000000000000000        1.0000000000000000        1.0000000000000000        1.0000000000000000        1.0000000000000000        1.0000000000000000        1.0000000000000000        1.0000000000000000        1.0000000000000000     
   1.0113713663799977        1.3463255684678470        1.0706043664221232        1.0414533008513558        1.2746214316091884        1.0464582594984082        1.0276265479299789       0.94632176250584266       0.79480707337895506       0.72589620166580726       0.78907222432162105       0.69522522362609795        1.0194504593211231     
   9.2647434501702133        9.1017103084046216        13.350825521641436        9.4624641197845971        9.2323114215779913        10.608473408043000        7.3267908038245215        7.9380737371163885        0.0000000000000000        6.0480726549504951        6.7107902405916127        7.3057198665454326        8.0103785357722490     
   9.3073600699540613        2.4927358217290951        5.7930248713593970        10.068213029688604        6.8399392991521921        9.3921205313928340        10.197675880002729        7.1365198245132948        10.869289031492265        9.6469939779209906        8.4393470787959366        9.2798584826068780        9.7064613004608749     
   4.4660809337598328        5.9211466280676115        7.2429828671616905        9.1464609432565158        8.3572945658991014        6.5897195275879632        8.3933587464361228        7.5788440754108839        11.603998011424325        8.6226383330038008        8.0891843860422536        6.7655931211387355        7.7182059588627112     
   8.8318261750204243        5.5462084024891096        5.9147297034537543        9.0958335589539114        9.1408168047583533        7.3119944075063064        7.8882569346285241        8.9365671581383772        11.444315437033261        8.1069109524895104        8.3194832418780074        8.0729213367131329        8.2594323817036841     
   8.8686682885411514        7.2520470597405922        6.8409345035308240        8.7227971613800772        7.4754898679977231        9.2119184612788647        7.8995701618305390        8.3938355393862061        12.441617727872277        8.5167823205444773        10.186047384001803        8.7477689854802705        7.4287435376968620     
   8.1513372793198169        7.3028511193925461        6.9768223874666377        9.6834983388121980        8.6138234230147148        7.4620633004353145        9.5884734834144414        8.8762868852757570        10.429796168683659        8.4416353255402612        8.3641561199425620        7.4386742404030883        8.3667070127799725     
   8.4270362112959845        9.0415831477004627        8.5303887383933095        6.7620915298025466        6.2418462069629035        7.5590421291607806        6.7717497512955758        9.1033695247762125        7.7917263923328619        7.3166737270397775        6.9459513136771447        8.8258279058971230        7.7392848328267174     
   9.3605662573028372        9.9176403252702734        10.921656062285908        6.6118451409216963        9.2103771682291100        8.2850537856395068        7.8788508131314146        6.3988187505833389        4.8485918029053376        5.5559253322459581        7.9329646683738533        8.1584516713635367        8.4433519235486632     
   4.5453485558069736E-003
           1           1           1           1           1           1           1           1           1           1           1           1           1
   2.3119202405242792E-003   2.1106695779852160E-003   9.4925241256382083E-006   8.2404577336300093        4.8133099623429855E-005   7.5427311259187073E-008
   2.7629527180450280E-005   2.6169004789474664E-005   3.3549114039970542E-006  0.11273817218143307        3.3541681496065319E-006   4.9188979880667680E-009
   5.0000000000000001E-003   8.3326917005257162     
