   0.0000000000000000        0.0000000000000000        0.0000000000000000        0.0000000000000000        0.0000000000000000        0.0000000000000000        0.0000000000000000        0.0000000000000000        0.0000000000000000        0.0000000000000000     
   1.0258415265173417E-003   8.6783499156115884E-003   1.5841905257624682E-002   3.2016237076885872E-003   1.5211808391285869E-002  0.20461817763017506       0.18037636905955745        5.3192753397928054E-002   1.5233828977324110E-002   1.1856110919215750E-002
   2.8077796521002139        2.3454868277107308        1.4645104739405883        2.1651625961277325        1.4459667877473803        1.2832775902011124        1.1180866756192340        2.3665280923349528        1.5186859023554398        1.3739088000618096     
   2.0735153653835682E-003   1.7518610942493511E-002   3.1945145094418821E-002   6.5450367457722120E-003   2.9738582136211403E-002  0.28861942588622835       0.25719437032777814       0.10930632702495519        3.1679240870571210E-002   2.4069510237194273E-002
   1.7875728920545011        2.1645958830341301        1.4457990962100624        2.2223086847009497        1.6245300731007917        1.6597041496190941        1.9587070991528928        1.6464912848093918        2.8515143599506252        1.5587381194483112     
   3.1451250517078862E-003   2.6571886118339692E-002   4.9438365519882933E-002   1.0464008318847069E-002   4.2793522474652096E-002  0.33572670996371140       0.28984168466909649       0.15033023444428251        4.3571725624333341E-002   3.7440419188686916E-002
   2.0166505306682621        1.7880119670020989        1.9445653981544575        1.9206175757223958        1.3908702476276136        1.4999009755739383        1.4811387545054229        1.4450569112886817        2.0069593099566161        1.3408307293501522     
   4.2517361753354006E-003   3.6062854570949182E-002   6.5111339144536609E-002   1.5435016575836963E-002   5.6407028530409478E-002  0.36824104168862565       0.30759276833579763       0.18640345430601529        5.5139848914619052E-002   5.0496245572534099E-002
   2.1017604121934030        2.3441660966897806        1.3869997801102949        2.0127225049425355        1.2456992195435483        1.5080901210069955        1.2022719673051083        1.4863851811786724        2.6736367092596214        1.6608764776230154     
   5.4429768022680441E-003   4.6248244293300066E-002   8.0793651018106358E-002   2.1133670338515761E-002   6.9357910857486188E-002  0.40183858198985373       0.31939226676928156       0.20943405961916331        6.5965605030763194E-002   6.3656313723011199E-002
   1.9286510206298431        1.7439829531066078        1.6390532933777107        2.5948241096541609        1.6291491869593879        1.5434724355533469        1.4448465239726227        1.3561895040374643        2.0615890902520215        1.4696887866396240     
   6.8883571604959571E-003   5.7216134787125825E-002   9.5514528672556956E-002   2.6397629756873080E-002   8.2980233943514406E-002  0.43221318899820510       0.33012758310112250       0.22760467625214156        7.6233243469058354E-002   7.6508089749961913E-002
   1.7443720045165956        1.3966955677267101        1.6566540732759678        1.9822350708047392        1.9983266399540114        1.6586155098238409        1.5225377400995805        1.6300011884615202        1.4284611149856481        1.3135597905589256     
   8.6200238401882550E-003   6.7862703134533076E-002  0.10948535040955086        3.0499254964496680E-002   9.5967072815984628E-002  0.45610978956800236       0.34121032809256052       0.24398809283445108        8.5692973197910638E-002   9.0180556825897096E-002
   2.0863256481570329        1.8564241707299320        1.4456205818814187        2.1641850291053912        1.6515648561918168        1.6666125996981918        1.3942376837307005        1.3001830285782372        1.5800410033532448        1.6458793852778713     
   1.0369357494403986E-002   7.8439137764482303E-002  0.12522286128811388        3.4622172714194439E-002  0.10941461314671667       0.47795238996006584       0.35196620891853131       0.25777205287606098        9.4402673712304444E-002  0.10556718909666174     
   1.6020643997215169        1.4380415494067289        1.3610115330358794        2.2652861523937800        1.4089539835553078        1.7373318741011188        1.9243117162700543        1.4336157407922054        1.6725927098300086        1.6394264266773537     
   1.2572674189222078E-002   8.9685484809665914E-002  0.14019372722909249        3.9134762405241288E-002  0.12264792186216995       0.49433308639591089       0.36297237926193210       0.27111706638331678       0.10336386752611307       0.12123354482733380     
   1.8326361880890059        1.8472800185501190        1.6183485723014135        1.6700104138180196        1.4612831686140533        1.5558707580357560        1.7457415571148074        1.3281330275116472        1.6426041514655700        1.6166651714360598     
   1.4740750374990598E-002  0.10084541077416082       0.15481948928771735        4.3746932250032518E-002  0.13350153621902860       0.50856390816801555       0.37333470258536772       0.28386216492335353       0.11260947713178103       0.13658994318978984     
   1.5826899357698885        1.5554198368895960        1.5397099132326137        1.7695413365071062        1.4849089148068875        1.5580656338571672        1.2825733670340211        1.1365374531590799        1.4797920633518120        1.8043473646343935     
   1.7195022210242359E-002  0.11218353148076973       0.16938701716869167        4.8070246775275799E-002  0.14597408075541443       0.52355417273424076       0.38304201484851752       0.29611116775158586       0.12377989124069319       0.15074962926867677     
   2.1782195701907270        1.3735053113536757        1.5508893744354377        1.5766725049258921        1.5015607697711164        1.4976170014270287        1.8690063720752497        1.6734300289296906        1.6416086552464806        1.5978955010014058     
   1.9958213907537204E-002  0.12405364977728092       0.18481643787784324        5.2693682137682052E-002  0.15777490569716260       0.53961542683016095       0.39205738826048875       0.30912440252425072       0.13597393368273916       0.16359694388034843     
   1.7055122070011126        1.5185441723946418        1.7509897173947107        1.6081935911700358        1.5878471199726889        1.6687047597523501        1.4374713559494041        1.5011669550651132        1.9022364741157063        1.4828325203553914     
   2.2843902540936534E-002  0.13549187181589242       0.20159344224441986        5.6404967356551150E-002  0.16945360290140851       0.55432261471948552       0.40129974983922190       0.32191208558700657       0.14755478435668021       0.17671609891721238     
   1.3738021648103398        1.6200543120668132        1.8998833161751245        1.2226968969031713        1.3213200354234602        1.6956391448124337        1.4284265263607521        1.4122695461547925        1.5712554241047385        1.2806424935614484     
   2.5797807658342369E-002  0.14633864730946783       0.21859258775995813        5.9588238292906506E-002  0.17995726164690923       0.56768644671161106       0.41038327614383280       0.33452644548886262       0.15772954640288653       0.19080033911980174     
   1.5128130461261999        1.3640650148743296        1.6511080720011231        1.4171874192415379        1.5748609915768343        1.3843372555463114        1.7987889338671519        1.1182228864985380        1.6213667165843331        1.7131809487241847     
   2.9043754025996776E-002  0.15684611159413378       0.23522767507427325        6.3627199411182750E-002  0.19007071165338926       0.58079074867918734       0.41995096016947009       0.34721419059438896       0.16799475573424613       0.20521681709118603     
   1.7941556699012766        1.3041740685919507        1.6442781860607549        1.6763030672665182        1.3163813032368683        1.5294963846935619        1.7910801459500001        1.4551191046252707        1.5842596503521167        1.3815424180797715     
   3.2687833495582852E-002  0.16622790664124942       0.25105427885605797        6.7997144841623780E-002  0.19968214223423145       0.59384514762715535       0.42928494283204155       0.35925022405473922       0.17957246923283463       0.22103357016457417     
   1.3500840354880466        1.6342624583014809        1.3770722866005516        1.5930314275227981        1.4423528460016448        1.8350155702070672        1.7158497492832776        1.5006309460450902        1.6877444366715966        1.5487937620948542     
   3.6623480429946093E-002  0.17557358976617488       0.26708988237322223        7.3385184670557407E-002  0.20961272315917895       0.60718062481381330       0.43661026239941420       0.37200382391227910       0.19252875626622021       0.23854349938370667     
   1.5319545827144538        1.6592801771536341        1.3328509014810770        1.2582442359892854        1.3166195077089049        1.3085870646122888        1.5042312649866838        1.2546408496146375        1.5399890287683395        1.7667365442145637     
   4.0954195197313942E-002  0.18587911461264994       0.28277350788283995        7.9751244127927723E-002  0.22008136655671187       0.62022481667558971       0.44436959044230273       0.38443212866734300       0.20775063342103023       0.25752979381073449     
   1.5151163375878010        1.2541006608335601        1.5433629817015122        1.8503133709809785        1.4686870219462937        1.3788298670569727        1.6748046250475896        1.3679694343580286        1.8038473195298943        1.6130243957547641     
   4.5537517373659041E-002  0.19651695785190190       0.30156900079897486        8.6465262158970949E-002  0.23092158456906181       0.63172253424579028       0.45178445095815539       0.39778280591005127       0.22373473122991172       0.27686137839749814     
   1.8093313202495682        1.4891379637145665        1.5556771478952336        2.0372010398423952        1.3988463710505692        1.6526052652044418        1.6859926494974451        1.3665467536957412        1.6244187570659891        1.5817722450820726     
   5.0139680185881844E-002  0.20916113812711967       0.32136952503786098        9.3789898571798078E-002  0.24186951289364766       0.64259504706185322       0.45944968404692677       0.41174077808811022       0.23982104617374833       0.29639488960831173     
   1.5461658397020706        1.5679541551637743        1.3561524092750625        1.3751377131930003        1.4814011367288951        1.4097571667940825        1.2926781760664681        1.3091659215163594        1.6442979398768716        1.8255369088051008     
   5.4944181134012150E-002  0.22277461758622638       0.34048754781078922       0.10108658156800271       0.25395786221297589       0.65304800794539186       0.46590073754647610       0.42470998412104816       0.25554180428966705       0.31562453870892454     
   1.5307719842898930        1.6232128289937000        1.6797306482439835        1.8839753360629656        1.6162339356106648        1.3004293229765127        1.5145407096978007        1.4641445297013556        1.9280018712678404        1.5789998034817849     
   6.0095015474215904E-002  0.23609531016356658       0.35824454933042532       0.10835483668332417       0.26769883653506976       0.66309097911092618       0.47204682804014836       0.43735643308986516       0.27223307799520818       0.33362159204888037     
   1.4227091280192328        1.6651444614128565        1.5263943985884378        1.4336418872482795        1.5056879624753017        1.6114894868702563        1.2042562682032225        1.5683928653591943        1.6365137901175411        1.6722253938398886     
   6.4699501620825703E-002  0.24857813008965041       0.37531427017118901       0.11583869201396603       0.28252556323292610       0.67407543990906282       0.47862275081578942       0.44975325989140469       0.28839080327216310       0.35063350877060656     
   1.4269098393741446        2.1093058451238451        1.7463304255497052        1.4323810548502816        1.4694993888168222        1.4130853563300398        1.4407015593677843        1.5167274658546812        1.4931458682657004        1.5221835852867991     
   6.9395043595256320E-002  0.25949705740799206       0.38962022264756202       0.12385328692638618       0.29792279059262555       0.68541294229128535       0.48523919164515661       0.46225367038880250       0.30426390247871876       0.36598204319261818     
   1.1864282280204255        1.6068296599630107        1.3793441096599517        1.4103187497571559        1.6438468665217565        1.5879029228006616        2.0196762141184461        1.5009324333673677        1.3763068316073752        1.3315032107376632     
   7.6562437623791849E-002  0.26933675002730406       0.40434771662798474       0.13236990693658660       0.31476691090295689       0.69490400303790534       0.49106920147661742       0.47688481832624408       0.31940445291795644       0.38005895613939988     
   1.2847625569524701        1.3390100958630675        1.4830024233365964        1.4642122508325257        1.8187190299741076        1.4860176854228226        1.3972426486782659        1.5797292135635903        1.4999335856701759        1.1392991005190840     
   8.3394039828781200E-002  0.27976014334816890       0.41745230649174009       0.14100088625232290       0.33114727669521210       0.70376709211510435       0.49684198656150153       0.49288174251204081       0.33526974378940710       0.39479863575514679     
   1.5936052032445587        1.5191918272482623        1.3632976416286584        1.3766454891668656        1.2192788398882797        1.3694915563958832        1.1991954526195914        1.5345665469764620        1.3337163564586876        1.3704160475951190     
   9.2234187497493555E-002  0.29026989831185407       0.43004435635753002       0.14992658935059289       0.34736420880376856       0.71276397284961768       0.50259085481553578       0.50978318878680762       0.35057446493245931       0.40967475056353631     
   1.6078955605852239        1.5787209949036334        1.2784473664326990        1.5309889352122803        1.1980327506416988        1.5506978988217162        1.3224100209172802        1.9497688254207666        2.0183605088844399        1.1928453152952396     
  0.10145555799726752       0.30147253017698084       0.44223929084116309       0.15942788220281220       0.36321935332333655       0.72273605503643756       0.50842916335275912       0.52675705018151242       0.36591998497770445       0.42339701930666973     
   1.3536805214533170        1.3503068530513904        1.3175310777008842        1.5177965487607921        1.2447210555538182        1.6852063626793348        1.6169085265809990        1.6896482766770915        1.4854618038771752        1.4856407807889307     
  0.11068008258639167       0.31323082728424023       0.45495368612536013       0.16937571433831300       0.38141985267957307       0.73205578124053838       0.51519693458400440       0.54233535776540520       0.38065661952032320       0.43637382916542650     
   1.5998520321221983        1.5141433771650505        1.3683425637725408        1.8027048546123807        1.3939067354037042        1.5565615682314577        2.0135335502984479        1.3931430846212745        1.6318510266684425        1.5316836024286791     
  0.12061130301172625       0.32462030373310691       0.46892816584315822       0.17993572461183585       0.40166577840153955       0.74079820177035072       0.52186494851975773       0.55702675586786488       0.39581525390955447       0.44952388455879311     
   1.4668627516067121        1.3168849591963945        1.3491497218428694        1.3360155616975165        1.3035512713800672        1.4671347729928266        1.7258923392893015        1.6600383539530339        1.3787135240385642        1.4496749368888324     
  0.13164785658791359       0.33619335575145298       0.48341780566589770       0.19118298091103977       0.43386987804741262       0.74963556609860948       0.52810063000514318       0.57089620783787287       0.41188638380707532       0.46593574069599464     
   1.7716531219447784        1.3664732811358233        1.4474538121923179        1.5339341776478936        1.7925316909247928        1.3312507045784874        1.7438923155642361        1.4857508083695006        1.3627763655339209        1.6763476700452391     
  0.14361495848616701       0.34747052711535886       0.49837699015940806       0.20250622054617454       0.46976460538228199       0.75810622497855473       0.53398303317409346       0.58441793147255994       0.42913858834650481       0.48319395966400475     
   1.6092817813169773        1.7891817522801345        1.2784826849199864        1.5420169226614755        1.9462177609777942        1.5342174991166437        1.8438190682289048        1.4581768136510822        1.0848597085329303        1.4634433495520134     
  0.15604858639088803       0.35901549076669287       0.51244287276955358       0.21403695058958319       0.50850676870427836       0.76553994698894912       0.53964392956918039       0.59837745944913789       0.44514491178759852       0.49942887147613019     
   1.4623322172114857        1.2853205876235190        1.3257511870806575        1.3406815323781773        1.5495002383817114        1.1758580883340013        1.3207532352674471        1.4524276247543433        1.3590790571910034        1.3327542236058871     
  0.16944842398552926       0.37117467337413190       0.52312884434923390       0.22562803906151885       0.54610397060143423       0.77274011184211000       0.54605587343953366       0.61364403528788103       0.46022569101470701       0.51576578417895846     
   1.5950528485717246        1.3052720194786549        1.2791700529793597        1.4734036921856537        1.8230827241817136        1.3318976887128797        1.4733893392161774        1.2452744703487086        1.3392592195816091        1.4975134593231012     
  0.18483248696685584       0.38458202777871742       0.53590302745593288       0.23761997724799289       0.57544430268403879       0.78008251321811772       0.55247641060674468       0.62955761937111399       0.47517911735766277       0.53127502001588067     
   1.5986040326057924        1.3367576457389465        1.2691667777901379        1.3106391863775115        1.5491353306822837        1.3609838985222638        1.9646916783765678        1.3628045691139832        1.4595553517617268        1.4330472889224948     
  0.20139079371189467       0.39956448807731759       0.55092582703955417       0.24976991071310606       0.60019278700130718       0.78696861406488594       0.55865383515048461       0.64514428077604846       0.49027406320105182       0.54740343126411617     
   1.3279472532799461        1.5746770647062787        1.2354851208329498        1.2179877367011029        1.4366584616975122        1.3821996639388845        1.2664180118147330        1.5300854221209657        1.3649805407545177        1.6723613048917092     
  0.21807747624697615       0.41515756089695033       0.56961490558189898       0.26299233008377165       0.62235454113840394       0.79429176686446368       0.56471172768052402       0.66056274771285173       0.50506729084098734       0.56332362452364759     
   1.2622674370753106        1.5770643771148372        1.7994987314510922        1.3535825729798345        1.3978362101426085        1.8613412420832429        1.5086531019328142        1.4827059633360999        1.1034323597711273        1.7570574054417760     
  0.23502095290745051       0.43088810560798907       0.58813035301840688       0.27733019122669228       0.64347291836007947       0.80138423033651252       0.57114896115007274       0.67626328726126050       0.52032861712698986       0.57948712211307940     
   1.3936660967927093        1.4050837818568778        1.9861030629900531        1.1698443065537725        1.5517001304242251        1.6862787272393709        1.5559567548412834        1.4767899150692829        1.4135578430189877        1.5073764198996296     
  0.25212325936958857       0.44594870713247026       0.60521766101269747       0.29363653683289803       0.66432270609271760       0.80858380252601103       0.57661630668380259       0.69247888703273586       0.53538321405529876       0.59636265284164325     
   1.7454910418375540        1.3200035409845388        2.3618291261341824        1.2635877817597641        1.5653874140308710        1.5572856246283582        1.5626762554814317        1.3113578395546812        1.3823420595213622        1.2190922808204587     
  0.27099911178404978       0.45980620648741544       0.62135665769521642       0.31193208963863311       0.68327846321555863       0.81587855054509151       0.58223242678902509       0.70891156837649960       0.55106943103472283       0.61401562479069571     
   1.2344602761004313        1.5002283285533522        1.7351110816376967        1.5207943375177477        1.4304530359370358        1.5976763078696421        1.4940526876602469        1.4969777106930573        1.4792945942603728        2.0485062148864008     
  0.29177456960135500       0.47378764751057900       0.63827626608393073       0.32965033133916466       0.70117041064840324       0.82357265722021922       0.58795003545765001       0.72622116913354406       0.56665353863465373       0.63218228766704954     
   1.5882725882122171        1.3284186398093034        1.5286571736725829        1.4976486790780905        1.7498674526948070        1.5230407236110006        1.3612432796624567        1.7847380963304964        1.4641179297485700        1.3349042662836170     
  0.31120778693889201       0.48869748362506144       0.65626118213053031       0.34725556503016058       0.71620641432924281       0.83142620251522359       0.59434090940141371       0.74433893116243310       0.58269425021991406       0.64958620946806866     
   1.2740669330914065        1.4604096522558427        1.6697668543032236        1.1817036220883310        1.6472642970599252        1.8688800281754803        1.4630755089791816        2.0955109033409873        2.0514617613472970        1.2646631669611859     
  0.33273326756904886       0.50522232699186842       0.67389357168964803       0.36228889699491940       0.73062573356068794       0.83843676213423557       0.60052975011825116       0.76244135139054781       0.59811862579458941       0.66752624757275247     
   1.3606173809000452        1.3683582649888308        1.5407958437633069        1.2816030605478763        1.3657438071819104        1.6182723542977726        1.5194405223415102        1.6726333129721342        1.2495224198496766        2.0809735201494126     
  0.35656611662651244       0.52279685785818319       0.69145269813561971       0.37755216365111638       0.74416076703976075       0.84522554373936509       0.60675981703406734       0.77944361151001496       0.61453237998703625       0.68104519062102487     
   1.6313346452921320        1.5970384204941221        1.8239843132637441        1.1645931331933987        1.4224488470280592        1.5263605078191389        1.6299290471876551        1.6621556172728733        1.6727875403526877        1.3729883650940355     
  0.38269666780398476       0.54019689432444684       0.70544671481617771       0.40072371256299399       0.75768112400287890       0.84970972288320090       0.61312140070854793       0.79439962823097376       0.63059243967851475       0.69366798583090639     
   1.3086929106098333        1.6596009217457552        1.4647936540556428        1.3090566139455122        1.5757449570182795        1.2623481030101942        1.3396486537953456        1.8612323647836237        1.2581382058846660        1.2484481528272895     
  0.41049089242736975       0.55775259752589679       0.71897960507489234       0.42294858447515887       0.77189680590853726       0.85456472205584533       0.61942447242632126       0.80730814642632620       0.64801987673512862       0.71175723774695954     
   1.7005815758155751        1.6430106040218662        1.3369727022266003        1.3166358527994906        1.5496915060731944        1.2516996824017796        1.4286649445191704        1.2388981344231231        1.3905841377235792        1.3483215384669618     
  0.44270927388061981       0.57600389339717994       0.73306643122961446       0.44503495037112689       0.78536369936727657       0.86047102029275824       0.62532423114273916       0.81739529204642891       0.66587876937594803       0.72788705996591718     
   1.3612794315786010        1.2505850406450936        1.4683192223330734        1.5681677457942091        1.5435422893715909        1.3925799076654275        1.3356006297921947        1.1426138417289895        1.1781441266510539        1.5731804365021818     
  0.47595707322957914       0.59307094558765916       0.74634989797425799       0.46804891119081005       0.79868218837415528       0.86671639936351397       0.63133783209466154       0.82722888019674912       0.68156561463330811       0.74467581650671455     
   1.6930914491478573        1.3420589936401148        1.6495109786588302        1.2195204540630693        1.5785091683841734        1.2598550460094617        1.2021133365616583        1.3172291900576452        1.2292912141160444        1.5276532996648644     
  0.50581228167126702       0.60734700157870103       0.75715100468327412       0.49117519302837703       0.81179561009667689       0.87459871082025997       0.63751385405818983       0.83876210107781446       0.69558605271504292       0.76222931691194429     
   1.4477105498645231        1.3275746916883866        1.3324362748049126        1.4479559538971878        1.4467835329639320        1.8354224170727156        1.1918748367705077        1.6926076362572318        1.2783310555229130        1.5142523434003128     
  0.53644800053432073       0.62177115495376956       0.77215872055482215       0.51588177996043949       0.82489227909492435       0.88123695393753609       0.64570598063877205       0.85021482559455408       0.71032684335178786       0.78008653786949722     
   1.4312342719858504        1.2379952743316081        1.3409906900690916        1.6059972994810474        1.2880505843934824        1.3876290831754228        1.3840988015116746        1.5134049991231524        1.1873512369224581        1.4967542991348772     
  0.56807981677176211       0.63740308797312617       0.79120881917301078       0.54047318796040988       0.83622880548201217       0.88722601496136855       0.65504839296240913       0.86137915940670107       0.72630386666875901       0.79790965343408460     
   1.6986953321320593        1.3225660077067236        1.7026852233487018        1.2927817089758737        1.3724735214197594        1.3836539803544423        1.7580053393388353        1.3188012635891508        1.1818734962773627        1.6396269258389364     
  0.60489543099055754       0.65645280746943591       0.81060178480614198       0.56487385138405222       0.84685375593933954       0.89308680190230716       0.66316225366299453       0.87219140555858687       0.74306049337078950       0.81640059256103437     
   1.3100310783919729        1.6786608980421649        1.4059864243638025        1.3393923963637804        1.3472125000865491        1.2501021266526118        1.5637849879785934        1.5672605034803748        1.2902609351829015        1.5683224715602162     
  0.64297350054125746       0.67719599901056349       0.82826856564096918       0.59031414185252284       0.85797701418466443       0.89829303794491322       0.67042406364996732       0.88308692380853493       0.76050835143267193       0.83586464213999612     
   1.3039250590223761        1.5008698420604198        1.3768015797197353        1.4291831076451198        1.6614299845047225        1.3294104419389674        1.2294957712425232        1.4321246338581290        1.2781479630126795        1.4887950002757167     
  0.67946384345694433       0.69343567147591811       0.84575077355876016       0.61787790180708224       0.86985191014110197       0.90362970838539147       0.67743943978619103       0.89461730546969287       0.77854782360490427       0.85282157656710322     
   1.3377271026177138        1.1918973532457113        1.5199162509068904        1.2168516541026533        1.9656457627417958        1.2963400138415742        1.3305432944128353        1.2800719404678613        1.4810786009734942        1.6685969868400707     
  0.71456349263497398       0.71006762222018027       0.86066051585281755       0.64783224809518358       0.88246063203361613       0.90978889941063013       0.68403092476415406       0.90635297921844260       0.79863678673020688       0.86574081896417376     
   1.1461957483339182        1.2580294933816063        1.4022242268620584        1.6737989864292606        1.7483148828872368        1.5560392072117097        1.4006322797375272        1.3901978692253230        1.5770396404789431        1.6511540011142807     
  0.75205650493167109       0.72641570636223884       0.87713611563720062       0.67918597676529446       0.89552997223477215       0.91613852410684049       0.69158869010379875       0.91759722525652043       0.82087789622699647       0.87897052862943381     
   1.4046719832670840        1.1050430316504918        1.4418833772644151        1.3477773843367795        1.6431288893979714        1.5606020469945616        1.2517818391873254        1.6767381798687506        1.5593114325134538        1.3772201300797711     
  0.78746169677748690       0.74968923859375203       0.89024271067289373       0.71100686387293921       0.90820375345920590       0.92368267657551861       0.70226677842384178       0.92824326207999575       0.84267913387117255       0.89279458458407568     
   1.2181327124268757        1.3819257114381611        1.2923471325689235        1.4934190182799074        1.3887398289901798        1.4728387189812429        1.4693679546941665        2.1408293512077043        1.4360107250498497        1.3287464290590187     
  0.82020545731547112       0.77342742104484263       0.90359676819004042       0.74415528637665218       0.91966428860442984       0.93184712579672413       0.71310410173014382       0.93857949974811783       0.86397660270522569       0.90835225731403990     
   1.2392904749861231        1.9987873230462307        1.7864445367636002        1.5681119975809787        1.1137560859617832        2.0763325050029864        1.2304560060895597        1.6523972989314455        1.2159092579836246        1.7510660716969109     
  0.85270743870391263       0.80034137000645100       0.91754873832366424       0.77683510748634388       0.93079022035258363       0.94077636719232993       0.72918927407740552       0.94874257330010692       0.88480123556133050       0.92435276309142500     
   1.1452624311767350        1.4232608910268592        1.4146990952921463        1.4309117191889007        1.7019698223060356        1.6269525611296474        1.8896501751762316        1.7277770666011545        1.2956959836949242        1.2849977736567360     
  0.88677881601733777       0.82815226400067465       0.93322555825964726       0.80871692856212618       0.94187399759433932       0.94976008862410422       0.74492563795990896       0.95845267760138797       0.90543602096410714       0.93855692525535539     
   1.3802779149917572        1.4094172452853577        1.6856980086916316        1.4983778225249700        1.4191807535914349        1.7817240175977616        1.7636182760928394        1.6048291303894833        1.5048766799451401        1.7202980682236764     
  0.91664929316413690       0.86271369062524694       0.94711877419102530       0.84420903581955564       0.95684771715238781       0.95954246544957889       0.76640392056461315       0.96800131395271383       0.92820143043572334       0.95132897819723228     
   1.4658040885657808        1.4835509470977220        1.3307789130840688        1.2438147536835342        1.7131166140937857        1.3773326715272689        1.9339057501093513        1.5837187532053745        1.3218017794415926        1.3701351102542172     
  0.94552928230738031       0.89586835225739803       0.96194529180457644       0.88665545997602646       0.97145205392831480       0.96924735432746045       0.78933671083569268       0.97775565977120293       0.94967931738279576       0.96531727533526335     
   1.2284319284581322        1.3080447888079916        1.6359603379399921        1.5593826528712644        1.5555039812532980        1.6854284185848198        1.6214687534154562        1.7008670213946453        1.3860118777345825        1.3407851969659170     
  0.97252565575869687       0.94743205316944212       0.98131743146228956       0.93973353746564359       0.98598396106995934       0.98349239135355959       0.87603922356951225       0.98829664019049479       0.97442678409795036       0.98213808064309682     
   1.1432830024338407        1.7913849832721356        1.5431073407379994        1.2425410193967907        2.1888499537650050        2.4249980277969190        2.5226521152783175        1.8821101569239334        2.2079926894526851        1.8437233110819298     
   1.0000000000000000        1.0000000000000000        1.0000000000000000        1.0000000000000000        1.0000000000000000        1.0000000000000000        1.0000000000000000        1.0000000000000000        1.0000000000000000        1.0000000000000000     
   1.3183283573369282        1.7392396935848649        1.6560619574048074        1.3621398799813269        1.5062911677961939        1.1651069265277005        1.0562433337036790        1.7621168873888742        1.3709349422196069        1.7732263480436226     
   24.514403892646232        7.1461618984997974        4.5857558664719207        6.0333641171999517        5.6039573517076731       -3.0016954873808031        8.5527544358629903      -0.32168856801653356        2.6550230614682904        8.7160937278728934     
  -4.6038322416523432        3.1735302570601673        4.0733354387663780        14.298012226928870        11.442884087165861        4.8615323761103344        6.3678952709505161        1.4818938316110253        3.5073440686343211        3.4017127415335073     
  -1.3656745691592187        8.6814544016679100        3.0814952407575835        6.0166913076252175        3.4185631195530362        2.0171144779572381        3.4500979858671030        13.208645752892231        3.8887225480885155        5.9038852951538638     
  0.54909080831043000        1.0863310453374231        11.135778028384371        5.7259326193870708        3.0511211257405106        1.6118119620501514        10.325102954804063        11.424361932761631        7.0466305097530579        7.8731610483383951     
   1.2513158628180488E-002   12.005076663543656        5.5155725037878174        4.5986123214421415        9.2453643301992994        7.1280238188071443E-002   6.2390662782667201        2.5357578818938697        2.4946070468069617        5.0740114541590255     
   2.0378593710464985        12.683441076927513        14.830603375097114        3.8860579955483536        1.0988285676718186        3.4289821921860577        9.9077906761206016        2.0868411519985859        5.0204665324409206        2.0923172357407287     
   1.8829832394724642        5.1622057341530905       0.58274767191007681        4.9724697697687636        3.8307247984656811        16.364145539852267        5.8336157915257747        5.7010570179931506        8.2413249807045137        7.1028721795139402     
   4.9201845138459968       -3.7502547657606704        3.4697211009429418        8.1601489218002605        6.5594424568444154        6.4446640901528802        6.7454939796211599        5.2141749920206371        10.016187649303456        9.1805636056505993     
  0.81227965930540702     
           1           1           1           1           1           1           1           1           1           1
  0.68429459004820015       0.31515801175549940       -3.9392813910391332E-004   4.4276556967604890        1.3881052726305019E-003   4.1624302850470999E-006
   1.4328510646267202E-002   1.3403580962053539E-002   6.5088151461913023E-005  0.34154647414700756        6.5053996882583225E-005   2.0505379215290201E-007
   5.0000000000000001E-003   7.4093652733544291     
