   0.0000000000000000        0.0000000000000000        0.0000000000000000        0.0000000000000000        0.0000000000000000        0.0000000000000000        0.0000000000000000        0.0000000000000000        0.0000000000000000        0.0000000000000000     
   1.0908295935944784E-003   5.3864703359152799E-003   1.9616006848390214E-002   6.1950050743544661E-003   2.0100885737100199E-002  0.24011944483822234       0.19973382661653830        5.6869982367163459E-002   7.1577204823511679E-003   1.7249585248297370E-002
   2.9449976964072628        1.5623650248482732        1.2831750510403777        1.5766500177162621        1.6287739083710031        1.3190474168775062        1.1788405926991550        1.3720333710223660        1.3567915425636987        1.6722166033880099     
   2.2332150790962718E-003   1.0894393406720205E-002   3.7802537538634148E-002   1.2283951930823982E-002   3.9654319514765043E-002  0.35325522177338486       0.27509394305322982       0.11094030116609786        1.4974831438921615E-002   3.4942634355852813E-002
   2.1457981754298556        1.7186576285018136        1.2535504039439187        2.0899114228319138        1.8548985250466918        2.5812695100610585        1.9570611443653581        1.1803039607764927        1.5389686461626115        1.5085993375384843     
   3.4079667503432104E-003   1.6545247093689229E-002   5.5135377324041134E-002   1.7937170725281996E-002   5.9445330189266600E-002  0.38653839925115563       0.30020437074307910       0.15701286509473428        2.2459018513105864E-002   5.0326455866482760E-002
   2.0270496710673407        1.7993595605522816        1.8736748335191031        1.9768056771711076        1.9149689273738937        1.4379008744732498        1.9453037907640465        1.8493603698909036        2.1249376375138853        1.1993223994801281     
   4.6267574466023753E-003   2.1826011892719849E-002   7.2212746087363569E-002   2.3312597524406981E-002   7.8700805293937096E-002  0.40942134493613502       0.31924904583786096       0.19178468126143794        2.9724480626102393E-002   6.4795132101358177E-002
   1.4368562567560363        1.4892508369025133        1.4009837017554552        2.2218891668805605        1.6903010138341876        1.1678117677464837        1.6263063620559393        1.8786688443222195        1.7705817924274017        1.3516671958376496     
   5.9520603664079711E-003   2.6663579161488395E-002   8.9316713884504198E-002   2.8681544158283695E-002   9.8009852399274275E-002  0.42995952140376104       0.33311840714334207       0.21638253199531340        3.7171124523812278E-002   8.0393160325335292E-002
   1.8437169449552004        1.7466647298220326        1.6811692636019064        1.9381408011653869        1.5454116033276659        1.5594425729117423        1.7472397781083455        2.0024791229789285        1.5525219497272189        1.5031597186005574     
   7.4278245736918904E-003   3.1393392514233474E-002  0.10690966506134356        3.4416434090314627E-002  0.11360226566547713       0.44979146180040447       0.34559738611186341       0.23509816634806166        4.4831733090499690E-002   9.6882799918788842E-002
   1.6163934918575640        1.4592350498835807        1.4226053723117409        1.6931857299522508        1.4624982271141558        1.4860196227687845        1.4972178166308945        1.4893871997145578        1.8879808812907699        1.5420031445281017     
   9.0298104545691975E-003   3.5974407212250682E-002  0.12510807376548977        4.0950186457620663E-002  0.12906323576554074       0.47077395311971731       0.35643404749712382       0.25042206847450965        5.2590563493634633E-002  0.11356485989947644     
   1.6525197173142767        1.5805247145301029        1.6861165108216416        1.9071499368859008        1.6141204706570191        1.7524797113197943        1.3143416378664068        2.0385529411490135        1.8769411844005597        1.7933783719079472     
   1.0734585356248610E-002   4.0694385670102334E-002  0.14410429391957547        4.6983408902539235E-002  0.14468791212240437       0.49060555695390423       0.36666370769708362       0.26352809690220808        6.0538375153282885E-002  0.13085140670824108     
   2.0611947961872770        1.7608841191030304        1.4985980219330979        1.8225992095876546        1.8102428952232836        1.4587631445696105        1.3641646303591348        1.3646002601621301        1.7106950102833831        1.5813598453194833     
   1.2529457930586015E-002   4.6302477203082663E-002  0.16274126463165967        5.3731666510538602E-002  0.15974516512532588       0.50853859563799730       0.37624314406907389       0.27654344871547942        6.8183123095891390E-002  0.14865463363773337     
   2.0153560191390150        1.4922225856728060        1.7201355549056663        1.7027970530396104        1.3041567510280756        1.7546191648709542        1.5573593660135709        1.6082743288060461        1.3230833009461627        1.8350728094934243     
   1.4521740241016894E-002   5.2238541678135707E-002  0.17999324397426314        6.0411401719365723E-002  0.17382366666982421       0.52574235796121593       0.38673000712306721       0.29034515886676565        7.6406251120234470E-002  0.16607546519604510     
   1.5245708915158396        1.5199983716859444        1.6243102682116222        1.2211410628947432        1.5955744671866754        1.5557803511886545        1.2811346567746758        1.7707437731259725        1.6641082909942646        1.6716903941609653     
   1.6595431464360825E-002   5.8179562578922636E-002  0.19594472734905446        6.7312104032228745E-002  0.18676543491604972       0.54134284855564285       0.39662109633830422       0.30517929747256373        8.4993832743623376E-002  0.18258525448939328     
   1.5221788570042298        1.5593980158053820        1.6272332018710292        1.6568496385916167        1.1373668424775578        1.3784680428070006        1.4541093482775267        1.7515556193979687        1.5204876076074145        1.2111337151521648     
   1.8543986572972140E-002   6.3916005770389514E-002  0.21083175780865238        7.4232366584681353E-002  0.19858182895536564       0.55599590469280380       0.40513974911721234       0.31930657736299300        9.4127635825832626E-002  0.19870366895479746     
   1.7087648481356514        1.3611787197352925        1.4160965733183497        1.3918224461324382        1.1189751152044345        1.3810550302836717        1.4320120681712354        1.8032894493423601        1.7767121704632809        1.4155352334480633     
   2.0386612478211462E-002   6.9688160941710861E-002  0.22504482614217020        8.0581286001503688E-002  0.20945344416440523       0.56787284609048572       0.41277678011726943       0.33261119773517761       0.10391162955363956       0.21451672783901837     
   1.3897136392201985        1.7446124590243570        1.4313105805137558        1.4669027107044512        1.8310922098506861        1.2151154871630183        1.2177395697971489        1.8639284865537071        1.4445423913449644        1.5921908476790247     
   2.2425316267130221E-002   7.5418454815812094E-002  0.23991242658342721        8.6234992209663436E-002  0.22157382193867992       0.57864985476165143       0.42016930745090308       0.34538102545819471       0.11370164307455330       0.23100095697272510     
   1.2584788572929995        1.6905818156364010        1.3075394043390178        1.2413450100408625        1.4389638631821426        1.5756095370746559        1.3168237059117149        1.5210558673203891        1.3480389052480997        1.5684959481065441     
   2.4499230173287246E-002   8.1441251876336052E-002  0.25646837142834145        9.1601076394871334E-002  0.23449941246187861       0.58841913268968160       0.42747078993283127       0.35821079968408981       0.12384530749446419       0.24863742038240461     
   1.4929209226482962        1.5122598593831933        1.4032413945768054        1.5600983703418771        1.8591944440301551        1.2781341619058320        1.2834754180534709        1.4190389151942935        1.6016200343642590        1.4930535525312365     
   2.6650487036195273E-002   8.7192556136333033E-002  0.27436115289061952        9.6473421647473717E-002  0.24565821915265618       0.59857548045627096       0.43461356161824471       0.37122248810035530       0.13465038408532659       0.26475110286110959     
   1.4101724748866526        1.2236744483761850        1.7856338661825903        1.5520295493838143        1.3353990765772461        1.6272368634432153        1.7732487728893209        1.4478324221834924        1.7197640155553511        1.2433461682992182     
   2.8910828040885281E-002   9.2906022775392907E-002  0.29232912783538545       0.10184227204330236       0.25729610355316523       0.60874116980022785       0.44185357000626269       0.38513228057491905       0.14595853640597961       0.27825351047008268     
   1.5637572316033448        1.4070826336101609        1.5297334136508951        1.3830397437741908        1.0805274208113391        1.6984937279676264        1.1474756831203980        1.5168328630073977        1.4693124845413281        1.1907755222970628     
   3.1287775546264059E-002   9.8732560050250856E-002  0.30920261854901215       0.10831802443188784       0.26793842867213852       0.61906133061480517       0.44950388472925873       0.39941740014639499       0.15793681699608231       0.29341612251072879     
   1.2604892743328073        1.2659337885650350        1.3199296818650541        1.6336800345748919        1.2912404884676028        1.3402823585690957        1.8821021993893730        1.3620115432651090        1.5590570186662456        1.3425990214160541     
   3.3827562604393777E-002  0.10534851493358738       0.32543022274112993       0.11536872989321380       0.27927408190194231       0.62948007715253007       0.45702279026633125       0.41351276808289178       0.16978398914664905       0.30836565421359596     
   1.3392180499941730        1.5692307489818924        1.7181063672479102        1.3825431641793338        1.3224256983513902        1.3518111926567777        1.2506858052776264        1.4166767162943994        1.5151919260111133        1.6807220013757267     
   3.6626816291450807E-002  0.11224924352670124       0.34163959637135111       0.12287470581933027       0.29106461587274696       0.63998231292967922       0.46383071027916650       0.42692902739112881       0.18104299587606770       0.32384677766867315     
   1.2856916185120122        1.5457998296144257        1.5888509414406347        1.6586572976758354        1.3401030088108148        1.8410009879733675        1.3497876054251037        1.3859437554763789        1.5955800469528250        1.5415935277031800     
   3.9585207087283421E-002  0.11739469472158698       0.35776832467272313       0.13020003102917538       0.30273702897925286       0.65019650532399254       0.47105794216324243       0.44030127003894837       0.19267979983494388       0.33926929907269443     
   1.2388519669713876        1.2512346083079533        1.5633917190219502        1.3643874183346314        1.2567202861304940        1.4740755105132672        1.6945527477184033        1.3676998235581506        1.5232737761131714        1.2853526769350316     
   4.2554740351947534E-002  0.12292513826888318       0.37416177035769499       0.13677390950413942       0.31517832535806706       0.65906604362496735       0.47798329666608919       0.45404987805149433       0.20478776762389933       0.35412698495251438     
   1.3291718016712195        1.5128270865481774        1.7278318353602151        1.3006315322919841        1.3956843332878814        1.5826356986992696        1.4242529118093767        1.3332059041294915        1.4434722697748164        1.3044614906064507     
   4.5511246514863719E-002  0.12857938336038693       0.38912183280474238       0.14295283839456593       0.32891293449025572       0.66706514202733069       0.48447413755547047       0.46802190450322728       0.21780612511566508       0.36802445638363485     
   1.5741652081386932        1.3127722851225394        1.9709330134065590        1.1762221413072760        1.4857945738551326        1.3164660960699865        1.1943172025350477        1.2807022011466480        1.5535148764803157        1.5302211871471105     
   4.8598445421190808E-002  0.13496778521391686       0.40315819527727365       0.14960679372306943       0.34336315356049601       0.67470245388449890       0.49081974942448003       0.48208074847111670       0.23123920273721604       0.38032164361187210     
   1.4963020841793959        1.5080629807483263        1.2662976019612753        1.4972313851023389        1.3924527271402933        1.4666178399579952        1.1932667163478123        1.2820653532420092        1.3283205341302351        1.5037852998804015     
   5.2111619349260375E-002  0.14183637315150083       0.41741247884340565       0.15728730629601428       0.35886743679445282       0.68248735446205600       0.49729429408450709       0.49644795127660457       0.24346220077257796       0.39369214509067391     
   1.3283292805462950        1.4972425718842366        1.4612093927981586        1.5455956191499767        1.3141792452829977        1.2081285177230865        1.6758264873841682        1.4900186367874000        1.3264694740817127        1.3668219974634115     
   5.6091102733404646E-002  0.14963440738868164       0.43164599318759722       0.16554378116119542       0.37688346259242800       0.69028053546912493       0.50382516374514796       0.51223166036930134       0.25558418978430975       0.40782821653930684     
   1.6189530465468873        1.5412370589061435        1.2555786606246275        1.4022132149748119        1.7929204690996587        1.3764555805030394        1.6518794243431247        1.6001269715822297        1.2189995989361428        1.3281729984784554     
   6.0180315538967917E-002  0.15783166502897383       0.44558571956348408       0.17426938077956330       0.39552841197505978       0.69816503691289888       0.51038764304095097       0.52771602002544371       0.26887095936092681       0.42038671768907004     
   1.6200032917407539        1.4151015856426203        1.3330142699529319        1.7000586385663772        1.6882507491679606        1.2318811385050759        1.4331781505843282        1.2841507229340992        1.2445851568399755        1.3582112569163425     
   6.4359527465296995E-002  0.16641993499871433       0.45999707817835872       0.18313531282768622       0.41432794595184558       0.70600899758120528       0.51693375316776702       0.54208485230355929       0.28362503958010615       0.43227121564315685     
   1.4569166354973524        1.4969825958896046        1.2436020633192553        1.3896337013127369        1.4285644152355428        1.7804676567489808        1.6770655114647641        1.2121099785457303        1.3067150946649564        1.2763090531136310     
   6.8798313115422241E-002  0.17461289789620998       0.47603758061158985       0.19276661515691620       0.43321401081387456       0.71395656913551453       0.52348190948438311       0.55634630176656441       0.29777180450979523       0.44285502804924304     
   1.3755603160702077        1.4154437377856766        1.4496049613593101        1.7257871080733551        1.2779957850625068        1.3775462221336110        1.5258347058677468        1.1358452159225734        1.8083036544822868        1.3649598275384975     
   7.3580462377776101E-002  0.18294950507030197       0.49268659066468540       0.20270006219402267       0.45352216381401822       0.72188755379595582       0.52973055206234287       0.57184172747461259       0.31222243358601753       0.45516432399520673     
   1.4670937452670638        1.6067331727132863        1.2234985857101790        1.6484475696394623        1.4655097393253096        1.0629453032443410        1.2337393952580409        1.6591756683286325        1.5509608300103837        1.2310953280289465     
   7.8568504705894951E-002  0.19164109925456554       0.50916557696003895       0.21229027776955128       0.47450239223244678       0.72984220330629090       0.53535123562525078       0.58706750057438006       0.32712178850776030       0.46803938073485463     
   1.5288137232962802        1.2579582846000894        1.6666578931961389        1.3960560405413276        1.4444237276599001        1.3515216911709076        1.4416776395263369        1.2465120782979151        1.4638399305811427        1.4083248291695147     
   8.3406129559191883E-002  0.20091563096247750       0.52443602943688572       0.22209776844295323       0.49565875860180547       0.73721420020595374       0.54107322712306349       0.60214033793912303       0.34386634214257300       0.48206169478696986     
   1.0962426098034039        1.3823893800374012        1.2783040878872260        1.4886718406142896        1.1907791340040099        1.3712869668950172        1.7266816177480142        1.3142855274441447        1.1714950469776757        1.5838112277918011     
   8.8404520445237902E-002  0.20940907258323457       0.54091222530728622       0.23178741880966808       0.51652115698553192       0.74419720990164018       0.54673077280520943       0.61723927607823370       0.35992496041001809       0.49718300834002033     
   1.4684540272249567        1.3352676950490929        1.6250544670229983        1.3804707861206456        1.3529387551089693        1.3960286788951035        1.2144341942891064        1.2006107211979504        1.4227168977350504        1.3364478501307013     
   9.4089873211207001E-002  0.21694550741585908       0.55778047394824182       0.24258854938069804       0.53942313757195048       0.75116195793953811       0.55262057376929308       0.63284127796601874       0.37988263550843010       0.51216854697656167     
   1.2020106636302843        1.4149502607732001        1.4613092399879968        1.3075663391835151        2.0804150792974645        1.1468038597121575        1.4857092028543777        1.3676489544276840        1.4896001236232326        1.3262882072523428     
  0.10048762358665950       0.22525856969674715       0.57429249496256451       0.25449263097631114       0.56227843776520114       0.75780340388501477       0.55848114577266605       0.65022159823781123       0.39876046232365153       0.52685526708607899     
   1.4902184078364342        1.3658386216189837        1.3911038730906129        1.1943598250565595        2.3361730475561635        1.4103118071367411        1.2886036215166687        1.4693554946697993        1.7370529898579887        1.3769398036011662     
  0.10631112463966562       0.23440233150215886       0.59047992448631947       0.26727353266878223       0.58466482368847428       0.76553981421548778       0.56436779925894753       0.66715360954760472       0.41759110270178906       0.54145894944188733     
   1.4558464614255977        1.8234767434711756        1.5309290916466705        1.3827871555949227        1.7509803861111055        1.5867269577726002        1.2906532438250125        1.4734405792579366        1.3941126346909394        1.4497804551889626     
  0.11203233135049873       0.24418620921962525       0.60678256437999456       0.28070161973543106       0.60598670707757407       0.77395761455420686       0.57048634172678148       0.68201633105075699       0.43660196840677545       0.55720422407655645     
   1.2606819358508734        1.6236507386266403        1.4464182945900217        1.2494712310347220        1.6006607892761078        1.4976778580966881        1.4294583987722145        1.2775188326638904        2.0624677623999479        1.6141121138100802     
  0.11858535627965150       0.25429443593090595       0.62375345143681837       0.29293795376056569       0.62598951252729751       0.78182843268740365       0.57710302305398942       0.69633310910916724       0.45364916680600970       0.57280637734309681     
   1.5112639099584253        1.4343616180071963        1.7041013586479599        1.1512573413596987        1.4864586273503488        1.2317441025659777        1.3287698041984128        1.3642039344012451        1.3055374888061375        1.1534743989079925     
  0.12609427850147087       0.26510515691927450       0.64089773101169856       0.30399858648972705       0.64473884247410795       0.78998673090693539       0.58349801484824582       0.71097826205351033       0.47062319129617569       0.58822207121323111     
   1.7049045578677504        1.3978172138002880        1.4284470615042084        1.2604328411294465        1.5316894925059725        1.6101170173700279        1.4326874861234411        1.2507681270788820        1.2115091275813663        1.5716376116669015     
  0.13496249160066084       0.27752192428767442       0.65826087797490063       0.31457594285512125       0.66186525472509805       0.79746038021463350       0.58936189591966637       0.72673916008891959       0.48770583278850671       0.60426978153840438     
   1.1860119751498586        1.5870220393190588        1.7032515165410949        1.1185759245373805        1.5604549345717360        1.3416615436852273        1.3279490703286099        1.6614655563895238        1.3655181055449739        1.2572403003322572     
  0.14405580878817845       0.28934249039416265       0.67515064788330803       0.32619318867261793       0.67755635870947728       0.80449777786874932       0.59488667137265927       0.74264355665399162       0.50526201225143896       0.61984119317003150     
   1.3992923999406346        1.2637643109217684        1.5337303028399973        1.3720666311544236        1.3725898218646064        1.0407438814198864        1.7092196807450963        1.4427048656429025        1.2688594441153813        1.3763550111499681     
  0.15348471585516807       0.29999953281366654       0.69084816799902848       0.33874138780154500       0.69343360580705704       0.81117560850480031       0.60063935146032699       0.75800538555450470       0.52491048668125895       0.63618282571123685     
   1.3966154472560910        1.4796715303651928        1.8439622121032351        1.3682620202167641        1.3225314251594853        1.2803161323522607        1.2493923150039716        1.2849802029869746        1.5741164908771714        1.4063571356327200     
  0.16311757531135301       0.31077647983540363       0.70459632060347399       0.35251343893057652       0.70929666197097585       0.81811749461465288       0.60663207451190648       0.77310092193222235       0.54330838012266203       0.65300566352018130     
   1.3393105183752601        1.1068429873541898        1.2642391747599893        1.2125377750113602        1.4216968551383418        1.3232384044324497        1.3344398510168123        1.6322599106549216        1.4694529414521229        1.6232498025294702     
  0.17430158167622029       0.32263310985377419       0.71779897361658263       0.36642959088886412       0.72565301650513581       0.82493228909948946       0.61321000568143180       0.78839374845692867       0.56144029748782120       0.67155177319987180     
   1.3424390871418910        1.0938023082938735        1.7738022351654610        1.2799772937014033        1.2593899262044153        1.1958078229297586        1.7969223172324256        1.6401452050059140        1.7545074027664134        1.4504305941191171     
  0.18631227330794817       0.33753880144146148       0.73075312413821170       0.38115148323596065       0.74094331898560273       0.83176513244410355       0.61999466103534995       0.80367779363252234       0.58026085305150499       0.68912754117606578     
   1.2753200112888941        1.2732296875999110        1.4845648733214334        1.5231278073315817        1.3356701326439604        1.7119951367615587        1.4046985992501195        1.4899047695256871        1.5734631295612422        1.6685488421627723     
  0.20048138300776505       0.35213929026515484       0.74433051763233138       0.39746851875211864       0.75592844231030609       0.83852887018576627       0.62785556571954504       0.81824096104454092       0.59867036051129952       0.70590182328109574     
   1.1354470071558507        1.8135480473241217        1.5495257574979597        1.3700154475192827        1.4372456878577013        1.3368389981851878        1.5045519602272315        1.4465664937423666        1.4096130600716006        1.6208288668329545     
  0.21619994597042907       0.36716196522365963       0.75840700641135916       0.41494390377488666       0.76958367647857828       0.84531201195794636       0.63625054418101201       0.83184917672022196       0.61774093761463700       0.72227583322102618     
   1.8250867465979015        1.3610113278381479        1.4278269504225769        1.2689761696598820        1.6558210777757398        1.6020547884255112        1.6222211845422083        1.2552068560117580        1.3106896577595568        1.4493778858971684     
  0.23354679375392096       0.38582120163922118       0.77181333911445371       0.43203227702231495       0.78260002121418082       0.85241352439803353       0.64496439573255904       0.84530512382130130       0.63585163584617488       0.73869625550473217     
   1.7941462343695516        1.6797674651276762        1.2962751556073939        1.2106471087684081        1.7792284795625715        1.3601010596382570        1.5331260122108115        1.5542782701514979        1.4397660475136627        1.4278276685351559     
  0.25292911297466908       0.40607748151355910       0.78566810818671551       0.44918448280694540       0.79524361331562021       0.85985484237255616       0.65395313579529057       0.85883196681392704       0.65260402824890185       0.75429175008687277     
   1.3010865354053469        1.5329198271321562        1.3911450742831455        1.3223598706902573        1.2250445932423464        1.2156217157399962        1.6268782586582120        1.5963691944311420        1.2079057886456170        1.5526150669780703     
  0.27231432220996604       0.42583581199857140       0.79969313973836675       0.46755388384330127       0.80777032885925004       0.86713656835667219       0.66276224044917265       0.87222714553594494       0.66934953980401690       0.77084825830512260     
   1.3173753744437191        1.6708797141703491        1.3748899913835231        1.4254940780054370        1.6587539202956068        1.4512999110407387        1.8058772820179467        1.3719134859845810        1.1680441950339060        1.6408479301210757     
  0.29199222309534789       0.44565290110907491       0.81452678367574471       0.48819084172880961       0.82045766243314466       0.87408203411642083       0.67167708497818657       0.88494102480542225       0.68647045095037518       0.78806749450937208     
   1.3525722755482708        1.1132251102696167        1.2564722523224645        1.7862971513042283        1.3983033996670451        1.5232517917638386        1.8151060375084884        1.5400131487422268        1.5889251425615769        1.4887845223771818     
  0.31264991187938590       0.46608338267197869       0.82957974579537808       0.51148256332512854       0.83330703150987440       0.88131755375533793       0.68084524222749676       0.89688419345006742       0.70602153370244292       0.80640029885002296     
   1.5011826956379044        1.4494281577543711        1.4125269519140717        1.5034849597558948        1.2630223104589875        1.7407903192752954        1.6209092589080059        1.6062186502990559        1.2397444181277815        1.4915730213194911     
  0.33635780673637850       0.48710623234147171       0.84521563032939184       0.53615500163625418       0.84468481061066947       0.88884952450142118       0.69002233943388203       0.90824539894410394       0.72968197219267195       0.82447409852956310     
   1.4503716532184086        1.5026740853252833        1.4775640970746184        1.5723471497999317        1.6317296325959585        1.8997069917964935        1.3611069592081744        1.3815321067654687        1.4359179593587614        1.5180035821136491     
  0.36623041907700632       0.50824810445371904       0.86115330364033960       0.56246171120761301       0.85615571406201230       0.89627020907995503       0.69882476850609720       0.91869628020590488       0.75505399374274640       0.84241054227609136     
   1.3702229810994406        1.2157757170849812        1.2425186997795035        1.6051056285009733        1.1455270564481039        1.6406842173190765        1.7457592657470109        1.4358234321481582        1.3579928337014620        1.4086748898636223     
  0.40028616133188316       0.53125140710045415       0.87686713845373032       0.58975447401228975       0.86836190509489519       0.90386125721225852       0.70845826695160308       0.92794616499917726       0.78042514680193109       0.86129179555420743     
   1.4991864310588185        1.4389683856796178        1.4410767379957248        1.7087251030292359        1.5596226166494849        1.6763364643802405        1.4606534270856377        1.3080341671795339        1.3637299417944133        2.0278640347351331     
  0.43608834874250735       0.56080476583470973       0.89171842416013369       0.61873716481688557       0.88004060563724384       0.91181902954658434       0.71804877544082424       0.93654891253874628       0.80620641238862800       0.87923068729778253     
   1.2245688392033482        1.4011439936720032        1.3957364233322223        1.2295556398465251        1.1953499144194351        1.5682532810474652        1.7951720433028346        1.1657977236152994        1.3518324338105190        1.5577140494740029     
  0.47801770675539113       0.59199835222279129       0.90615693067225611       0.65147360816570965       0.89401605099489467       0.92020837840727920       0.72661093214134820       0.94499021425809304       0.83070808469562329       0.89483583484801787     
   1.1755931454692901        1.7103871335578684        1.3371437714081400        1.8450214222653298        1.3481558830960574        1.7089915228840711        1.4111206753406897        1.4825075942053849        1.2768002919681447        1.9348723719136853     
  0.52696179256498110       0.62392613760150584       0.91859407880208876       0.68666149056721126       0.90655414439823778       0.92915916817848843       0.73692416385759718       0.95260215646367852       0.85414207159437372       0.91004955303494972     
   1.4283732469919559        1.3873906996513767        1.1985852349761164        1.8068090907115442        1.6796853769414231        1.5324257775367545        1.5065073322294436        1.4663413165442991        1.4606578748794925        1.4790111197625853     
  0.58052121564116033       0.66030783163617635       0.93312080913077644       0.72027949049671502       0.92079373540541010       0.93812492798594127       0.74803330997273321       0.96007519552342502       0.87737806695282239       0.92638285469368520     
   1.3775200866383650        1.0330023838066855        1.4333633883622006        1.1668674825093119        1.2971635036628388        1.5737125629594944        1.4258720966048064        1.8127908785188427        1.3838421685779532        1.4993829279840485     
  0.64559337131428207       0.70360644153198793       0.94837902551217657       0.75642536150842909       0.93453534713701514       0.94679143605151739       0.76239156122495511       0.96744163506095038       0.90214195003669273       0.94297233759640797     
   1.3367705396131573        1.4208080042753501        1.7297137976493207        1.6806425782703791        1.6101190691889626        1.3238567984608780        1.4250263857791630        1.3027206897110686        1.3407340136941190        1.5852737106650214     
  0.71756760132782227       0.75783028244945527       0.96311510087381402       0.79565525019770411       0.95042812531582055       0.95533238437325596       0.77961358430811145       0.97520648257417752       0.92686330285991791       0.95876780598762767     
   1.2664345993827546        1.3334324434552407        1.5767472714191497        1.2855733291876503        1.3216397939592557        1.3758870358726742        1.4839116261456962        1.5213870855024791        1.4082375007620707        1.6558363749748843     
  0.79519329775249803       0.82225744411118795       0.97625741538157473       0.84427899669301709       0.96597252233038844       0.96447597290586429       0.80984468127335407       0.98391487387746113       0.95080536523764836       0.97337344555603644     
   1.4582619389632443        1.5660164371920429        1.3088451116143300        1.2709017200087938        1.2977039177876015        1.6112015994546565        1.6014041785585655        1.7525870449572649        1.2845521278629701        1.3641626475613622     
  0.89290355070474292       0.90626324311042827       0.98839566998142969       0.91037370917373184       0.98264961920414662       0.97903298664887861       0.87988989702288933       0.99207337820105534       0.97497998848921175       0.98696429745256364     
   1.3668684103701179        1.9740108979657263        1.4800719721509494        1.3370551909326034        1.5451119767955557        2.5115225494104716        1.3700800383899741        1.6519710491037209        1.8215211969242302        1.5169616742571492     
   1.0000000000000000        1.0000000000000000        1.0000000000000000        1.0000000000000000        1.0000000000000000        1.0000000000000000        1.0000000000000000        1.0000000000000000        1.0000000000000000        1.0000000000000000     
   1.6786813092862747        1.9056294170642378        1.2393323790603878        1.3716212942933219        1.4653034262589120        1.6416214093930208        1.1323143408262795        1.4993167249471782        1.2073541589278534        1.3903718517047616     
   9.2783993876389417       -2.2651918248951670        4.4486496912477698       -2.1421687046017266        10.970325792574469        7.5835109579950188        7.8075589877573979        3.5581451082217161        5.1969088180290184        9.3542509020028533     
   3.0265585846847185        4.5935073175079575        7.8090844072592107        3.6779530116754224        9.0503973335370045        17.766763028287503        5.2968143469892111        3.1267819167785253        6.0585645544740849        7.9519195787542456     
  -7.2074157200268196        8.6650510354708761       0.88759361115750179        4.4861586836231728        3.9096883108958265        11.944863515454374        7.0485916749751221        9.0726491770952560        9.8765521712962094        4.8846847553754671     
   3.0113896759241570        8.9749730373587546        5.7097829601820873        10.804743282845727        2.9048107166181980        7.5120135644574626        3.3865280843267866        8.5467164557748543        7.8456606756410858        8.2242513675234665     
   4.5498007085489514        3.9847522199507304       -2.0942239333750425        10.314120381601859        2.5801740672178641        6.1353014107617883        4.7098707216581399        6.5191830045953116        9.4627997094896745        3.1535701687090150     
  0.79862792621005252        20.624176186211610        10.128808876863429        10.903677202622445       -1.4274911227236511        3.7015003122325094        8.2770508798465787        7.5889931303467160        5.7412366829060542        7.5844221694423464     
   5.2972317437327927        7.2350942633215780        12.001653221950590        13.522310813024021        8.1462308446612255        7.2434343428064043        6.1344964928011185        1.5579879357443855        7.7882286353019001        8.5408959901288846     
   10.874460895327907        35.737842772719084        2.0220104210394476        9.4589932401710595        10.506121828242742        1.0079142868961570        18.889138668197351        3.3010646446693293        1.9729417766801451        3.3073936454931214     
  0.43596747405378511     
           1           1           1           1           1           1           1           1           1           1
  0.91396672387374367       0.32872504539036362        4.6013962621463044E-003   7.5433783058836354        1.5214481672483076E-002   1.5638320498719037E-005
   1.6643315793373983E-002   1.4077610841563473E-002   1.5735525630022023E-003  0.64745916324544039        1.5732772828471594E-003   1.6895723689760649E-006
   5.0000000000000001E-003   7.2261560592929639     
