     
 Collinear #           3
 
 part:           1
 comp:           0
  0.99999999920647153        289.00005784847815        289.00005807780792     
  0.99999999992425859        289.00005805591866        289.00005807780792     
  0.99999999999246025        289.00005807562894        289.00005807780792     
  0.99999999999924649        289.00005807759015        289.00005807780792     
  0.99999999999992484        289.00005807778621        289.00005807780792     
  0.99999999999999256        289.00005807780576        289.00005807780792     
  0.99999999999999944        289.00005807780775        289.00005807780792     
   1.0000000000000002        289.00005807780798        289.00005807780792     
   1.0000000000000000        289.00005807780792        289.00005807780792     
   1.0000000000000000        289.00005807780792        289.00005807780792     
 comp:           1
   0.0000000000000000        0.0000000000000000     
   0.0000000000000000        0.0000000000000000     
   0.0000000000000000        0.0000000000000000     
   0.0000000000000000        0.0000000000000000     
   0.0000000000000000        0.0000000000000000     
   0.0000000000000000        0.0000000000000000     
   0.0000000000000000        0.0000000000000000     
   0.0000000000000000        0.0000000000000000     
   0.0000000000000000        0.0000000000000000     
   0.0000000000000000        0.0000000000000000     
 comp:           2
   0.0000000000000000        0.0000000000000000     
   0.0000000000000000        0.0000000000000000     
   0.0000000000000000        0.0000000000000000     
   0.0000000000000000        0.0000000000000000     
   0.0000000000000000        0.0000000000000000     
   0.0000000000000000        0.0000000000000000     
   0.0000000000000000        0.0000000000000000     
   0.0000000000000000        0.0000000000000000     
   0.0000000000000000        0.0000000000000000     
   0.0000000000000000        0.0000000000000000     
 comp:           3
  0.99999999920647153        289.00005784847815        289.00005807780792     
  0.99999999992425859        289.00005805591866        289.00005807780792     
  0.99999999999246025        289.00005807562894        289.00005807780792     
  0.99999999999924649        289.00005807759015        289.00005807780792     
  0.99999999999992484        289.00005807778621        289.00005807780792     
  0.99999999999999256        289.00005807780576        289.00005807780792     
  0.99999999999999944        289.00005807780775        289.00005807780792     
   1.0000000000000002        289.00005807780798        289.00005807780792     
   1.0000000000000000        289.00005807780792        289.00005807780792     
   1.0000000000000000        289.00005807780792        289.00005807780792     
 
 part:           2
 comp:           0
   1.0000000105351436        289.00000304465652        289.00000000000000     
   1.0000000010094749        289.00000029173827        289.00000000000000     
   1.0000000001005271        289.00000002905233        289.00000000000000     
   1.0000000000100484        289.00000000290402        289.00000000000000     
   1.0000000000010050        289.00000000029041        289.00000000000000     
   1.0000000000001006        289.00000000002905        289.00000000000000     
   1.0000000000000100        289.00000000000290        289.00000000000000     
   1.0000000000000011        289.00000000000034        289.00000000000000     
   1.0000000000000000        289.00000000000000        289.00000000000000     
   1.0000000000000000        289.00000000000000        289.00000000000000     
 comp:           1
   0.0000000000000000        0.0000000000000000     
   0.0000000000000000        0.0000000000000000     
   0.0000000000000000        0.0000000000000000     
   0.0000000000000000        0.0000000000000000     
   0.0000000000000000        0.0000000000000000     
   0.0000000000000000        0.0000000000000000     
   0.0000000000000000        0.0000000000000000     
   0.0000000000000000        0.0000000000000000     
   0.0000000000000000        0.0000000000000000     
   0.0000000000000000        0.0000000000000000     
 comp:           2
   0.0000000000000000        0.0000000000000000     
   0.0000000000000000        0.0000000000000000     
   0.0000000000000000        0.0000000000000000     
   0.0000000000000000        0.0000000000000000     
   0.0000000000000000        0.0000000000000000     
   0.0000000000000000        0.0000000000000000     
   0.0000000000000000        0.0000000000000000     
   0.0000000000000000        0.0000000000000000     
   0.0000000000000000        0.0000000000000000     
   0.0000000000000000        0.0000000000000000     
 comp:           3
   1.0000000105351436       -289.00000304465652       -289.00000000000000     
   1.0000000010094749       -289.00000029173827       -289.00000000000000     
   1.0000000001005271       -289.00000002905233       -289.00000000000000     
   1.0000000000100484       -289.00000000290402       -289.00000000000000     
   1.0000000000010050       -289.00000000029041       -289.00000000000000     
   1.0000000000001006       -289.00000000002905       -289.00000000000000     
   1.0000000000000100       -289.00000000000290       -289.00000000000000     
   1.0000000000000011       -289.00000000000034       -289.00000000000000     
   1.0000000000000000       -289.00000000000000       -289.00000000000000     
   1.0000000000000000       -289.00000000000000       -289.00000000000000     
 
 part:           3
 comp:           0
   1.0000000369693016        159.99892666022006        159.99892074517169     
   1.0000000114642611        159.99892257944109        159.99892074517169     
   1.0000000036183754        159.99892132410784        159.99892074517169     
   1.0000000011440120        159.99892092821236        159.99892074517169     
   1.0000000003617615        159.99892080305312        159.99892074517169     
   1.0000000001143989        159.99892076347538        159.99892074517169     
   1.0000000000361762        159.99892075095983        159.99892074517169     
   1.0000000000114397        159.99892074700205        159.99892074517169     
   1.0000000000036176        159.99892074575050        159.99892074517169     
   1.0000000000011440        159.99892074535472        159.99892074517169     
 comp:           1
   1.0000002151272931       -13.319574890530209       -13.319572025126735     
   1.0000000667114430       -13.319572913694607       -13.319572025126735     
   1.0000000210556130       -13.319572305578490       -13.319572025126735     
   1.0000000066570960       -13.319572113796404       -13.319572025126735     
   1.0000000021051183       -13.319572053166011       -13.319572025126735     
   1.0000000006656957       -13.319572033993516       -13.319572025126735     
   1.0000000002105114       -13.319572027930658       -13.319572025126735     
   1.0000000000665694       -13.319572026013413       -13.319572025126735     
   1.0000000000210512       -13.319572025407128       -13.319572025126735     
   1.0000000000066571       -13.319572025215404       -13.319572025126735     
 comp:           2
   1.0000000503987247       -134.24232352775104       -134.24231676210945     
   1.0000000156287545       -134.24231886014968       -134.24231676210945     
   1.0000000049327820       -134.24231742429754       -134.24231676210945     
   1.0000000015595842       -134.24231697147167       -134.24231676210945     
   1.0000000004931744       -134.24231682831433       -134.24231676210945     
   1.0000000001559550       -134.24231678304523       -134.24231676210945     
   1.0000000000493172       -134.24231676872992       -134.24231676210945     
   1.0000000000155955       -134.24231676420303       -134.24231676210945     
   1.0000000000049318       -134.24231676277151       -134.24231676210945     
   1.0000000000015594       -134.24231676231881       -134.24231676210945     
 comp:           3
   1.0000000000000000       -86.030483150036190       -86.030483150036190     
   1.0000000000000000       -86.030483150036190       -86.030483150036190     
   1.0000000000000000       -86.030483150036190       -86.030483150036190     
   1.0000000000000000       -86.030483150036190       -86.030483150036190     
   1.0000000000000000       -86.030483150036190       -86.030483150036190     
   1.0000000000000000       -86.030483150036190       -86.030483150036190     
   1.0000000000000000       -86.030483150036190       -86.030483150036190     
   1.0000000000000000       -86.030483150036190       -86.030483150036190     
   1.0000000000000000       -86.030483150036190       -86.030483150036190     
   1.0000000000000000       -86.030483150036190       -86.030483150036190     
 
 part:           4
 comp:           0
   1.0000000104356803        90.563322228244004        90.563321283154139     
   1.0000000032361271        90.563321576228560        90.563321283154139     
   1.0000000010213936        90.563321375654937        90.563321283154139     
   1.0000000003229312        90.563321312399864        90.563321283154139     
   1.0000000001021179        90.563321292402279        90.563321283154139     
   1.0000000000322924        90.563321286078647        90.563321283154139     
   1.0000000000102118        90.563321284078953        90.563321283154139     
   1.0000000000032292        90.563321283446584        90.563321283154139     
   1.0000000000010212        90.563321283246623        90.563321283154139     
   1.0000000000003229        90.563321283183384        90.563321283154139     
 comp:           1
  0.99999994047414265        27.246792229779246        27.246793851668009     
  0.99999998154090164        27.246793348716761        27.246793851668009     
  0.99999999417389851        27.246793692925422        27.246793851668009     
  0.99999999815797735        27.246793801478798        27.246793851668009     
  0.99999999941751250        27.246793835797092        27.246793851668009     
  0.99999999981580157        27.246793846649194        27.246793851668009     
  0.99999999994175137        27.246793850080920        27.246793851668009     
  0.99999999998158018        27.246793851166128        27.246793851668009     
  0.99999999999417510        27.246793851509299        27.246793851668009     
  0.99999999999815803        27.246793851617820        27.246793851668009     
 comp:           2
   1.0000001129990914       -33.889828091581371       -33.889824262062021     
   1.0000000350412652       -33.889825449604338       -33.889824262062021     
   1.0000000110598015       -33.889824636876753       -33.889824262062021     
   1.0000000034967473       -33.889824380566175       -33.889824262062021     
   1.0000000011057475       -33.889824299535611       -33.889824262062021     
   1.0000000003496674       -33.889824273912190       -33.889824262062021     
   1.0000000001105747       -33.889824265809374       -33.889824262062021     
   1.0000000000349667       -33.889824263247036       -33.889824262062021     
   1.0000000000110574       -33.889824262436754       -33.889824262062021     
   1.0000000000034968       -33.889824262180525       -33.889824262062021     
 comp:           3
   1.0000000000000000       -79.440589109894319       -79.440589109894319     
   1.0000000000000000       -79.440589109894319       -79.440589109894319     
   1.0000000000000000       -79.440589109894319       -79.440589109894319     
   1.0000000000000000       -79.440589109894319       -79.440589109894319     
   1.0000000000000000       -79.440589109894319       -79.440589109894319     
   1.0000000000000000       -79.440589109894319       -79.440589109894319     
   1.0000000000000000       -79.440589109894319       -79.440589109894319     
   1.0000000000000000       -79.440589109894319       -79.440589109894319     
   1.0000000000000000       -79.440589109894319       -79.440589109894319     
   1.0000000000000000       -79.440589109894319       -79.440589109894319     
 
 part:           5
 comp:           0
  0.99999997208634939        284.77055625850295        284.77056420748897     
  0.99999999134391582        284.77056174249100        284.77056420748897     
  0.99999999726794742        284.77056342948083        284.77056420748897     
  0.99999999913621429        284.77056396150823        284.77056420748897     
  0.99999999972685227        284.77056412970455        284.77056420748897     
  0.99999999991362321        284.77056418289141        284.77056420748897     
  0.99999999997268518        284.77056419971052        284.77056420748897     
  0.99999999999136246        284.77056420502925        284.77056420748897     
  0.99999999999726852        284.77056420671113        284.77056420748897     
  0.99999999999913625        284.77056420724301        284.77056420748897     
 comp:           1
   1.0000001478989962       -34.482492325248835       -34.482487225323588     
   1.0000000458638021       -34.482488806821557       -34.482487225323588     
   1.0000000144756349       -34.482487724479483       -34.482487225323588     
   1.0000000045767221       -34.482487383140352       -34.482487225323588     
   1.0000000014472590       -34.482487275228678       -34.482487225323588     
   1.0000000004576626       -34.482487241104934       -34.482487225323588     
   1.0000000001447256       -34.482487230314085       -34.482487225323588     
   1.0000000000457663       -34.482487226901725       -34.482487225323588     
   1.0000000000144726       -34.482487225822638       -34.482487225323588     
   1.0000000000045766       -34.482487225481400       -34.482487225323588     
 comp:           2
  0.99999994056065367        202.58764881196802        202.58766085364616     
  0.99999998156772874        202.58765711949545        202.58766085364616     
  0.99999999418236563        202.58765967506523        202.58766085364616     
  0.99999999816065432        202.58766048101742        202.58766085364616     
  0.99999999941835893        202.58766073581285        202.58766085364616     
  0.99999999981606935        202.58766081638407        202.58766085364616     
  0.99999999994183608        202.58766084186286        202.58766085364616     
  0.99999999998160694        202.58766084991996        202.58766085364616     
  0.99999999999418354        202.58766085246782        202.58766085364616     
  0.99999999999816080        202.58766085327355        202.58766085364616     
 comp:           3
   1.0000000000000000        179.98959978088880        179.98959978088880     
   1.0000000000000000        179.98959978088880        179.98959978088880     
   1.0000000000000000        179.98959978088880        179.98959978088880     
   1.0000000000000000        179.98959978088880        179.98959978088880     
   1.0000000000000000        179.98959978088880        179.98959978088880     
   1.0000000000000000        179.98959978088880        179.98959978088880     
   1.0000000000000000        179.98959978088880        179.98959978088880     
   1.0000000000000000        179.98959978088880        179.98959978088880     
   1.0000000000000000        179.98959978088880        179.98959978088880     
   1.0000000000000000        179.98959978088880        179.98959978088880     
 
 part:           6
 comp:           0
   1.0000000255195698        42.667194853033600        42.667193764185171     
   1.0000000079136742        42.667194101839442        42.667193764185171     
   1.0000000024977314        42.667193870756357        42.667193764185171     
   1.0000000007897010        42.667193797879492        42.667193764185171     
   1.0000000002497207        42.667193774840051        42.667193764185171     
   1.0000000000789684        42.667193767554529        42.667193764185171     
   1.0000000000249720        42.667193765250659        42.667193764185171     
   1.0000000000078970        42.667193764522111        42.667193764185171     
   1.0000000000024971        42.667193764291717        42.667193764185171     
   1.0000000000007896        42.667193764218865        42.667193764185171     
 comp:           1
  0.99999996282596382        20.555264634660130        20.555265398782311     
  0.99999998847225025        20.555265161826355        20.555265398782311     
  0.99999999636158610        20.555265323993748        20.555265398782311     
  0.99999999884965252        20.555265375136614        20.555265398782311     
  0.99999999963623520        20.555265391305028        20.555265398782311     
  0.99999999988496768        20.555265396417791        20.555265398782311     
  0.99999999996362365        20.555265398034585        20.555265398782311     
  0.99999999998849687        20.555265398545860        20.555265398782311     
  0.99999999999636224        20.555265398707537        20.555265398782311     
  0.99999999999884959        20.555265398758664        20.555265398782311     
 comp:           2
   1.0000000523633235       -34.455521633680185       -34.455519829474653     
   1.0000000162379810       -34.455520388962725       -34.455519829474653     
   1.0000000051250675       -34.455520006061519       -34.455519829474653     
   1.0000000016203787       -34.455519885305641       -34.455519829474653     
   1.0000000005123988       -34.455519847129622       -34.455519829474653     
   1.0000000001620346       -34.455519835057636       -34.455519829474653     
   1.0000000000512397       -34.455519831240146       -34.455519829474653     
   1.0000000000162033       -34.455519830032948       -34.455519829474653     
   1.0000000000051239       -34.455519829651202       -34.455519829474653     
   1.0000000000016203       -34.455519829530481       -34.455519829474653     
 comp:           3
   1.0000000000000000       -14.518527520958296       -14.518527520958296     
   1.0000000000000000       -14.518527520958296       -14.518527520958296     
   1.0000000000000000       -14.518527520958296       -14.518527520958296     
   1.0000000000000000       -14.518527520958296       -14.518527520958296     
   1.0000000000000000       -14.518527520958296       -14.518527520958296     
   1.0000000000000000       -14.518527520958296       -14.518527520958296     
   1.0000000000000000       -14.518527520958296       -14.518527520958296     
   1.0000000000000000       -14.518527520958296       -14.518527520958296     
   1.0000000000000000       -14.518527520958296       -14.518527520958296     
   1.0000000000000000       -14.518527520958296       -14.518527520958296     
 
 part:           7
 comp:           0
   1.0484750725218626        6.0893133892297200E-005   5.8077807940472019E-005
   1.0046463337015601        5.8347656816818574E-005   5.8077807940472019E-005
   1.0004627123646983        5.8104681260320649E-005   5.8077807940472019E-005
   1.0000462521130546        5.8080494161810843E-005   5.8077807940472019E-005
   1.0000046250201584        5.8078076551504497E-005   5.8077807940472019E-005
   1.0000004625001040        5.8077834801464236E-005   5.8077807940472019E-005
   1.0000000462499914        5.8077810626570141E-005   5.8077807940472019E-005
   1.0000000046249995        5.8077808209081847E-005   5.8077807940472019E-005
   1.0000000004624994        5.8077807967332972E-005   5.8077807940472019E-005
   1.0000000000462497        5.8077807943158102E-005   5.8077807940472019E-005
 comp:           1
   1.0351339669007647E-005   0.0000000000000000     
   3.2099730462171784E-006   0.0000000000000000     
   1.0131387986759270E-006   0.0000000000000000     
   3.2032133802479518E-007   0.0000000000000000     
   1.0129256384859551E-007   0.0000000000000000     
   3.2031459920301259E-008   0.0000000000000000     
   1.0129235072972462E-008   0.0000000000000000     
   3.2031453252691735E-009   0.0000000000000000     
   1.0129234721637155E-009   0.0000000000000000     
   3.2031454439604776E-010   0.0000000000000000     
 comp:           2
   2.4441044583047827E-005   0.0000000000000000     
   7.5792213222288321E-006   0.0000000000000000     
   2.3921706116352116E-006   0.0000000000000000     
   7.5632607506889935E-007   0.0000000000000000     
   2.3916673088866762E-007   0.0000000000000000     
   7.5631016371356823E-008   0.0000000000000000     
   2.3916622768347954E-008   0.0000000000000000     
   7.5631000628144166E-009   0.0000000000000000     
   2.3916621938793311E-009   0.0000000000000000     
   7.5631003430621487E-010   0.0000000000000000     
 comp:           3
  0.94362758415805292        5.4803821600062991E-005   5.8077807940472019E-005
  0.99459987236255154        5.7764180364690249E-005   5.8077807940472019E-005
  0.99946224985317922        5.8046576590725001E-005   5.8077807940472019E-005
  0.99994624750793804        5.8074686113561724E-005   5.8077807940472019E-005
  0.99999462497591796        5.8077495770855704E-005   5.8077807940472019E-005
  0.99999946249984251        5.8077776723641107E-005   5.8077807940472019E-005
  0.99999994625000710        5.8077804818790252E-005   5.8077807940472019E-005
  0.99999999462500133        5.8077807628303881E-005   5.8077807940472019E-005
  0.99999999946249973        5.8077807909255182E-005   5.8077807940472019E-005
  0.99999999994624977        5.8077807937350323E-005   5.8077807940472019E-005
 
 part: i_fks+j_fks
 comp:           0
   1.0000000089480801        289.00011874161203        289.00011615561584     
   1.0000000008579915        289.00011640357548        289.00011615561584     
   1.0000000000854476        289.00011618031021        289.00011615561584     
   1.0000000000085414        289.00011615808432        289.00011615561584     
   1.0000000000008544        289.00011615586277        289.00011615561584     
   1.0000000000000855        289.00011615564057        289.00011615561584     
   1.0000000000000089        289.00011615561840        289.00011615561584     
   1.0000000000000011        289.00011615561618        289.00011615561584     
   1.0000000000000002        289.00011615561590        289.00011615561584     
   1.0000000000000000        289.00011615561584        289.00011615561584     
 comp:           1
   1.0351339669007647E-005   0.0000000000000000     
   3.2099730462171784E-006   0.0000000000000000     
   1.0131387986759270E-006   0.0000000000000000     
   3.2032133802479518E-007   0.0000000000000000     
   1.0129256384859551E-007   0.0000000000000000     
   3.2031459920301259E-008   0.0000000000000000     
   1.0129235072972462E-008   0.0000000000000000     
   3.2031453252691735E-009   0.0000000000000000     
   1.0129234721637155E-009   0.0000000000000000     
   3.2031454439604776E-010   0.0000000000000000     
 comp:           2
   2.4441044583047827E-005   0.0000000000000000     
   7.5792213222288321E-006   0.0000000000000000     
   2.3921706116352116E-006   0.0000000000000000     
   7.5632607506889935E-007   0.0000000000000000     
   2.3916673088866762E-007   0.0000000000000000     
   7.5631016371356823E-008   0.0000000000000000     
   2.3916622768347954E-008   0.0000000000000000     
   7.5631000628144166E-009   0.0000000000000000     
   2.3916621938793311E-009   0.0000000000000000     
   7.5631003430621487E-010   0.0000000000000000     
 comp:           3
  0.99999998787780398        289.00011265229978        289.00011615561584     
  0.99999999883904267        289.00011582009904        289.00011615561584     
  0.99999999988439348        289.00011612220555        289.00011615561584     
  0.99999999998844447        289.00011615227629        289.00011615561584     
  0.99999999999884481        289.00011615528200        289.00011615561584     
  0.99999999999988454        289.00011615558248        289.00011615561584     
  0.99999999999998856        289.00011615561255        289.00011615561584     
  0.99999999999999922        289.00011615561561        289.00011615561584     
   1.0000000000000000        289.00011615561584        289.00011615561584     
   1.0000000000000000        289.00011615561584        289.00011615561584     
