   0.0000000000000000        0.0000000000000000        0.0000000000000000        0.0000000000000000        0.0000000000000000        0.0000000000000000        0.0000000000000000        0.0000000000000000        0.0000000000000000        0.0000000000000000        0.0000000000000000        0.0000000000000000        0.0000000000000000     
  0.25166687181646513       0.19352381972188698        7.2252813061087513E-003   9.0627714352312753E-003   1.4811473467428289E-002   5.5308767335350707E-002   1.5706386526142872E-002   1.7424743969222719E-002  0.64922272556225358       0.10663987586031878        6.1271077148063603E-002   2.8788607173817867E-002   1.7421014787175112E-002
  0.45276240468686474       0.40564784100268203       0.52996423693612404       0.55870844448787671       0.48918198880554570       0.53214925914684164       0.43358855161639542       0.49948391888131360       0.44501187085389654       0.37861341225701300       0.39934858334965778       0.43720646645179090       0.55341229138517034     
  0.34492915806010693       0.30192216955925144        1.3240692070651414E-002   1.7994555704241862E-002   3.1084975239988911E-002  0.11002139591129055        3.0953421053633658E-002   3.5325964591643715E-002  0.75135740118261352       0.14920590483801927       0.11218880611747939        5.8624738655464199E-002   3.4124737082586863E-002
  0.41838423585782336       0.51475652699464514       0.61873067540435345       0.50972814496635432       0.50500193204967858       0.48343355142896771       0.53741046208020948       0.50051021297662335       0.56143152250515216       0.50270436083093839       0.45492903770340515       0.44699101479613151       0.56967482213489606     
  0.40642348942310846       0.36984468632101103        1.8364922180275186E-002   2.7000007931430536E-002   4.5517553763921227E-002  0.16046682997177025        4.4258972650229544E-002   5.3034102893028900E-002  0.79382638051941290       0.17374154008832168       0.15508044521992781        9.0881521008463445E-002   5.2160469851321618E-002
  0.61260234159628602       0.49607698333618699       0.59312381205241727       0.48709952909652193       0.47785427906563654       0.51026293563295999       0.49008347574526145       0.53466427266658290       0.57654692003284969       0.53468319754679361       0.49668350735707989       0.49983799233752813       0.46509739763015395     
  0.45057217986104658       0.41274239643452670        2.3883421002467157E-002   3.6317471037855605E-002   6.1409138668766274E-002  0.20816781656539560        5.7941623809984889E-002   6.8907705622817561E-002  0.82135557492396016       0.19161496685732579       0.18960719024122730       0.12452586848381224        6.9505925080617134E-002
  0.54071497302649996       0.50985882359740387       0.48796999562037563       0.46965393662754634       0.61947091194538206       0.43868798338452797       0.46888912200951866       0.48929652691704145       0.51704282729486184       0.58463924997182171       0.48798697345118625       0.55013570724315786       0.57846431370062434     
  0.48535269403288334       0.44693043471606025        2.9623570784526494E-002   4.5886708305622262E-002   7.6944117392642161E-002  0.24681065349991999        7.2231860388684260E-002   8.4243280244387139E-002  0.83928236838325876       0.20830149878624593       0.21800406671470829       0.15636641874764484        8.6883896364324448E-002
  0.48495421001221639       0.49487614412140840       0.48775875789645101       0.52064619324092776       0.52393138990178134       0.46252093288146046       0.48278684316170900       0.62745531166356727       0.44940092046316921       0.54105195302666176       0.51123062357568572       0.50485808054565884       0.59526128113922372     
  0.51678710873720646       0.47413060227336162        3.5304794423442837E-002   5.6095461066464333E-002   9.2762790707424631E-002  0.27950008260073533        8.8569057143372265E-002   9.9261728046652301E-002  0.85362659962931653       0.22316953685501997       0.24381831823509453       0.18429151513883163       0.10335748300608393     
  0.58683111090858009       0.46325293909109244       0.50278410600582668       0.53662923736304113       0.48296953204102450       0.52090818675756734       0.56635246001209127       0.54134089983491451       0.51812831066844245       0.62082542445868405       0.47134088959056580       0.62454931136556979       0.55578071970839693     
  0.54613632776895005       0.50013208733432402        4.0997757661314173E-002   6.6918489632937367E-002  0.10802169717579028       0.30832584837504845       0.10668463078784045       0.11446802844977577       0.86457923887902965       0.23535771932686717       0.26831096150765821       0.20984256093315828       0.12051040673016916     
  0.48846914705490968       0.48864808418677935       0.46842194999493958       0.60419079703148471       0.42157238499779909       0.46239663997299607       0.44795702317442304       0.53004383227891494       0.45339487489317681       0.53724280682011760       0.46090321089277403       0.45003966461486206       0.58954044559902585     
  0.57307996492146496       0.52483902344143096        4.6880956146570195E-002   7.7958690651207793E-002  0.12518276924867480       0.33791107830704487       0.12392048171609089       0.13126651317004331       0.87432424004003995       0.24585828360070933       0.29092128775585269       0.23351449057761550       0.13705333851344287     
  0.56955110535161357       0.44159772969431793       0.49422152693091986       0.50735585953065587       0.57973060978100488       0.52860064996578415       0.52930459749323877       0.45380865509085122       0.56875263840966950       0.53010627113533659       0.47107207851295790       0.51842903801038764       0.51009482842961296     
  0.59635022574282448       0.55144508506346179        5.3114405162574221E-002   8.9471786976100642E-002  0.14098352003796336       0.36815958555732881       0.13991878987083467       0.15027238037060844       0.88384396392531350       0.25546004594735000       0.31074661791778774       0.25611814090772295       0.15196015845834274     
  0.45942500438279021       0.52699576690064542       0.46140061114227365       0.50074490786478076       0.46411786004797501       0.58545774346540658       0.49214669559302104       0.57926566256197543       0.49983095349891993       0.58522621420371046       0.49780523168575280       0.58029967710832719       0.53513473176736370     
  0.61558886753128006       0.57545693931019304        5.9730702704852402E-002  0.10138121445780023       0.15429278971634994       0.39887524945572705       0.15543207410745727       0.17004146983892923       0.89164206022601222       0.26376683692184005       0.32960413978551167       0.27760546383465762       0.16645870872891450     
  0.47006696782629986       0.48697566015707133       0.54234653370900032       0.54098300830075907       0.54479267545770071       0.41914887872594908       0.61226255921327233       0.51958149198987180       0.52044749585523620       0.49212263157773156       0.48751728892332402       0.46922706847996259       0.60410304881402876     
  0.63272404860029197       0.59666560637797261        6.6281572438806655E-002  0.11504082831966050       0.16706896525712739       0.42773035605378412       0.17163274493122760       0.18944731282004085       0.89805338566789839       0.27122253294270532       0.34839285367740147       0.29953415036985859       0.17974572195104363     
  0.44257465433019810       0.47399155904534973       0.53420890598387150       0.51950171629871456       0.54329005816254761       0.58740390277541421       0.62620541620553716       0.54836577146320953       0.45151973919319149       0.47851680435810667       0.54356337667884147       0.46386806188739910       0.49956894255296086     
  0.64812236189750427       0.61436341049359333        7.2229217163908052E-002  0.12650318968584237       0.17948346883700253       0.45508148185093550       0.18828147113293892       0.20844928684161740       0.90309052363815434       0.27809881160720179       0.36696433429365399       0.32227056270328253       0.19244691250152510     
  0.50773240003228504       0.54600062493340074       0.52605968994556873       0.51202335185466608       0.47773776088557035       0.55150353735260749       0.48883883547794249       0.62408851287157985       0.42804357972291568       0.54441703866398172       0.50144440047120464       0.48722545539317563       0.53358199145045149     
  0.66387383384746501       0.63010680277439213        7.8587896130336315E-002  0.13626204616625048       0.19086789349037428       0.47975376929154012       0.20494691516146130       0.22625178341413685       0.90785773128510505       0.28442016734101061       0.38351333033110890       0.34435780832077090       0.20640042778857864     
  0.49617743411727505       0.51735394580816718       0.50167562280412092       0.42549410440671220       0.47412314757422663       0.53164211188830002       0.49105015405343805       0.41655985145190061       0.50661549485728241       0.54049767648446423       0.52888617759421519       0.49008053485496644       0.52616485239507882     
  0.67932577874982125       0.64531978958017711        8.5561005917643235E-002  0.14639169968363830       0.20273122908116484       0.50113243506325977       0.22211967486647638       0.24223548965031974       0.91186765995394270       0.29175475761683012       0.39933652422949023       0.36522245769520051       0.21937920210319892     
  0.51635718276903586       0.45182391270782202       0.51113265664486152       0.47693235481617380       0.46497236374243250       0.54460626944822388       0.46884365810011253       0.55169039542789911       0.42822197609852874       0.48370916451898294       0.46094791541494912       0.53399109701516589       0.46982962109149562     
  0.69447924364659219       0.66179083999355204        9.3811888983223304E-002  0.15628984864641338       0.21360919941784420       0.51936011790398073       0.23975782526238903       0.25732244012290612       0.91574897034259262       0.29860649166951969       0.41288352030016817       0.38522103121285428       0.23468113901928248     
  0.50188704171616338       0.42257121270128134       0.44644473049176731       0.44189915347632408       0.43134063274691814       0.53703500197941190       0.55250015417952802       0.50562652470982616       0.49957577730860364       0.50340696586479150       0.48560136704080686       0.58410320570578800       0.44492349940639070     
  0.70917551812482271       0.67880040353216109       0.10282895511784715       0.16544096938817709       0.22405811845945472       0.53797212446513931       0.25767873084933801       0.27319678319696572       0.92031777775439005       0.30504346085550355       0.43032545528253807       0.40275347207004025       0.25043391922948888     
  0.48644601485507444       0.46437890507994656       0.45452634201440723       0.54775468388780202       0.38958976079526630       0.49922662795737238       0.45473969832513250       0.60928925650626420       0.48480068261694526       0.53902596654252266       0.49201201253433585       0.49283118829005917       0.50056910072442140     
  0.72294638991886806       0.69464877409831660       0.11218969308838329       0.17985714310604511       0.23499334457456175       0.55519874903816724       0.27472919298292403       0.29067440177225884       0.92486599501534206       0.31002704092233119       0.44787154763488185       0.41910827271229711       0.26757936976120977     
  0.52247915322094585       0.57138045166207485       0.56530997954222928       0.51475918754768291       0.43879488734641542       0.46087989434054460       0.52002007071913037       0.47926646052102956       0.46010247336299631       0.49198032269325803       0.55290192181904163       0.47089421123510072       0.51020167367070479     
  0.73536711013976896       0.70868247039899934       0.12136561916288052       0.19386103685548506       0.24679183602366755       0.57440642055956492       0.28927366617291478       0.30839969585928995       0.92869978345339210       0.31525892433940778       0.46494415960254820       0.43506006296268523       0.28289206889201773     
  0.51626702164104810       0.55228648101784661       0.45819993489602368       0.46105462989000107       0.44931951232241113       0.50463017370800889       0.43286264612379693       0.55750671771657057       0.43606486464537569       0.44865887159953954       0.52135424702681910       0.49879087208682960       0.50422420947080759     
  0.74662033734052213       0.72137628379553842       0.13035081107162352       0.20690763967485964       0.26339094704274191       0.59245072945856481       0.30233967587820665       0.32568770388037249       0.93228806742869130       0.32067206316086777       0.48196518772813812       0.44981789187676474       0.29622516898980694     
  0.50889399519645240       0.46534101819922191       0.55002573792672660       0.41862594431451838       0.52810429245503998       0.50452442514628937       0.47722160152198384       0.51578419840747947       0.46040486349243648       0.42790462350548641       0.48728726790090482       0.47414613866965644       0.48867347780908799     
  0.75702892982825276       0.73320425885556129       0.13998215372373690       0.21997059243302408       0.28180273373077364       0.60896854626550101       0.31528197324954277       0.34487942665857152       0.93559265848513351       0.32605147262410916       0.49776320425336823       0.46604619589258134       0.30602787144398452     
  0.44888912075396054       0.44065325495819674       0.50730427214739926       0.51930321893463516       0.58545217409113237       0.58019994345976367       0.47631716241826488       0.52432659269648452       0.55509041178398189       0.46649434422818736       0.49983856169018898       0.48447662683163822       0.46759914013445447     
  0.76653909127953024       0.74466008314416154       0.15051984307705296       0.23421815902486959       0.29883997836936332       0.62455728416123979       0.32888729859170290       0.36265289752929658       0.93889194761697847       0.33193392449342402       0.51194326050483485       0.48043380496485683       0.31501332796926790     
  0.51322399689802567       0.49929073240648592       0.47179179657391418       0.44695035096223079       0.52956157335366905       0.49198996365741782       0.47011176463009724       0.48510240299866608       0.54225803444428733       0.54870865128361157       0.46854223452548582       0.60980782474770978       0.40805908437887911     
  0.77567833996726054       0.75612622926357009       0.16165039644721538       0.25021892295283915       0.31476973399435421       0.63994599273497499       0.34547271645014421       0.38117875818457336       0.94193156207762396       0.33930091396264861       0.52649275831355102       0.49394007474995733       0.32503548226450868     
  0.50221021045107916       0.45920718746130978       0.48872351111372042       0.57485157861990832       0.49123011055660942       0.54753522086871376       0.47434483195700278       0.57549190138366535       0.47370764010532523       0.51759134397319062       0.48605548489269940       0.46809332735286124       0.40623559311198187     
  0.78507367926083438       0.76725940997667585       0.17346147747651008       0.26659580482910794       0.33077811231363963       0.65382367564033350       0.36146616240891388       0.39570153196624441       0.94486548824134264       0.34660688925691724       0.54096873382436661       0.50420669308083921       0.33733758859218149     
  0.47890607403124075       0.46232938400386442       0.49449617455481165       0.57563630782605457       0.45042917521603615       0.45000654130183787       0.46560221607153907       0.40379305806216936       0.46219388167748870       0.53959103380229356       0.60334312815318458       0.43361727684176044       0.47228684777486457     
  0.79472175714628879       0.77757322866557044       0.18644850692560225       0.28263434636911489       0.34790633236305063       0.66786275150959762       0.37711632516007171       0.40825563694080369       0.94742983997054919       0.35350014869683222       0.55510414877359093       0.51216751336181765       0.35209203813064555     
  0.52503180113572046       0.51099252166434417       0.49075497520486033       0.50701463405806912       0.54001424999213254       0.48559360401326601       0.54162665330513160       0.48646384046443247       0.50612865561498277       0.58973576643772085       0.52483927191928093       0.53649024161810244       0.49414145847890228     
  0.80410854325663139       0.78731483401820956       0.20157918330465130       0.29819149641934445       0.36531124528012610       0.68137070429740743       0.39289088436442848       0.41898682027965045       0.95012978201033438       0.35966789217381201       0.56899819547398711       0.52413467931234314       0.36966582960633287     
  0.48426427543735306       0.52614824372875757       0.61789206064808277       0.53156706753386684       0.57642968836382036       0.49271091897842123       0.54335635191157572       0.45515688479371130       0.54092281998135472       0.52415857348349526       0.53828326484263311       0.45355492956856253       0.46144316939477276     
  0.81281702631469421       0.79638562900694354       0.21779743670148749       0.31295500462971609       0.38103485452826791       0.69498931836950806       0.40974656127958775       0.43006378491773106       0.95285861719935150       0.36570119688741698       0.58313458236530935       0.53511388259613435       0.38729850414952344     
  0.53454325815442827       0.50523718467242096       0.51671351535120180       0.50503015209511415       0.49051017043926465       0.56202396269779309       0.64328763666657662       0.46917702874199813       0.57496022702263361       0.43441644595987039       0.52646515436986263       0.50573726525822316       0.46047583462578512     
  0.82113803940954899       0.80460904140414702       0.23375821601816868       0.32697833436885210       0.39728977960275880       0.70833800424588778       0.42664699127257594       0.44218060868073816       0.95551656704580601       0.37150433843053199       0.59746690425620996       0.54413333722984192       0.40434445447378708     
  0.52956104453715080       0.56801173245993930       0.57194154769170136       0.42518354703661776       0.51971510468309279       0.50995494869412050       0.55155775787691241       0.46549840337151738       0.54618754579321471       0.56121589193052501       0.57761102731580471       0.43345686624149438       0.48034796495807602     
  0.82930336482256972       0.81288721987256307       0.24973399046096439       0.34178298575962168       0.41398991736193502       0.72212578180204101       0.44361460988094781       0.45406467584506160       0.95796937019136985       0.37747574994606692       0.61150484347913181       0.55356118107625574       0.42232079280215085     
  0.45096546435309059       0.58736273447005949       0.48163780431952469       0.53113034397718539       0.52124071710282627       0.55157159457324212       0.46634662010750993       0.46444775738087668       0.62258989999231862       0.53999853344390325       0.51977936944522363       0.44418315311314821       0.52084249001218264     
  0.83736646146843419       0.82104398297490444       0.26693784520196279       0.35743316730933145       0.43155039483306851       0.73455505681872002       0.45988320905956370       0.46766336193865049       0.96028822253753532       0.38373118337429835       0.62705579635124309       0.56166076614233407       0.43873458858641218     
  0.51781152761766014       0.50470413185290852       0.45211416384868486       0.49743956099732817       0.55706059244334627       0.55346604473383920       0.47103557700215976       0.49581854901980049       0.51983828444656521       0.48340912265179853       0.52192412633422292       0.46665101221120009       0.57465236728725855     
  0.84541087469324139       0.82840741023667985       0.28577234163664172       0.37340233693249220       0.44896043987159645       0.74621994764343880       0.47509482685370791       0.48079684988508836       0.96242755195603502       0.39025419655615984       0.64279356781812225       0.57124041281219839       0.45220631505517134     
  0.61338589041915537       0.43629337418964081       0.53296307120124664       0.49410817686046782       0.52946007997080735       0.53313792922495662       0.43866799098705433       0.53948214962094687       0.46573723186134025       0.54695866616472399       0.53755928830454625       0.46953596678617282       0.57876399137643830     
  0.85334143813958852       0.83534406804428019       0.30613144867895425       0.38874824906094319       0.46621768891161020       0.75830535495928741       0.49009384657058674       0.49325099107671161       0.96457711480583130       0.39700625068918205       0.65728904895003515       0.58300040006212983       0.46550164871008681     
  0.55144236841618710       0.44993914689246883       0.45413740514423018       0.56233804349314487       0.47705122581193904       0.53698625880430684       0.46203302696592308       0.45469636177435707       0.47972667037159267       0.47969860984437268       0.55778849390023033       0.42248994832430498       0.43248822022077232     
  0.86102899197349114       0.84122579719341872       0.32765114277907770       0.40136479151614901       0.48513909478823397       0.77072234826161201       0.50430652150054589       0.50985823185242896       0.96627010682519521       0.40289424937757878       0.67085015031728290       0.59454790447975747       0.47923140049444757     
  0.56594523071333280       0.46612823102259981       0.61681140843476168       0.51987389377272697       0.55660355290765084       0.55031876199480734       0.51385605772912579       0.56584231341719671       0.44703342260563689       0.53242701892779898       0.41797267130920845       0.50126296411374560       0.48072020426678130     
  0.86825362239395809       0.84571060261868447       0.34984176822253227       0.41158566213736125       0.50408612401219066       0.78168075810905679       0.51629135565035711       0.52775168395941052       0.96763702778435634       0.40821047482081646       0.68415374801062490       0.60704505235257189       0.49321064761543476     
  0.51939833090285847       0.42121933840822240       0.48936273136262015       0.48068679673888437       0.44403203664614627       0.49486848022660040       0.52697029669810835       0.60391871705640510       0.53990135777283510       0.42121933840822240       0.47531398378172129       0.54455379342637455       0.47294729762249854     
  0.87507767921094193       0.85047428882141285       0.37121424239235462       0.42415471839118030       0.52235042710697299       0.79064460388079327       0.52888617210004318       0.54419039579180550       0.96885790101647173       0.41325053107830417       0.69516204280862248       0.62019703254885616       0.50697904033952990     
  0.47140992368651846       0.46644908583215705       0.55473172039001839       0.45923230751536731       0.61107331574843504       0.46977431594971653       0.46546786643629146       0.51803752097026179       0.43122757353354563       0.44362615101694991       0.57864943680797110       0.44069924188458942       0.50826609086723806     
  0.88240188210529003       0.85531732054463316       0.39080515090512824       0.43673313965783167       0.53960367103038998       0.79791680721474867       0.54269526473058671       0.56049644983392599       0.97002916806051487       0.41831464909706084       0.70615428051302731       0.63208151379007815       0.51961988053602937     
  0.44001190317474054       0.57629878425625913       0.47203142018101607       0.44417805932548687       0.48585788207375097       0.49258914138164134       0.56230550490930731       0.49005421653691533       0.44090764768507129       0.44390787016399125       0.50907105486975635       0.40838868644093662       0.54393225457273631     
  0.88785468321190120       0.85997069499483780       0.41180754122801705       0.45092479052612466       0.55765136848256402       0.80523187802137564       0.55567931404967363       0.57731234686291100       0.97123453346072053       0.42275223599647560       0.71648426877117632       0.64413489011466385       0.53209867611907014     
  0.58897294904233111       0.58066625435245778       0.48887993065026752       0.50735803842124949       0.50681614883078774       0.47613615934700254       0.44693524707056648       0.51682617371691819       0.60609826658742261       0.44770800771787672       0.56716542455531072       0.56844227679508530       0.40093271721764417     
  0.89349858245123004       0.86726395255053812       0.43282418590363081       0.46536747761121616       0.57198703191285172       0.81249752037118961       0.56853639470247352       0.59419357720006716       0.97283892117201998       0.42750102767424497       0.72681509827633650       0.65660297072874196       0.54493734886193368     
  0.53247064183892601       0.59763751985545177       0.46887313448521101       0.53940080015794223       0.44572015749191340       0.48160411831278227       0.49452040832039063       0.52001215694900438       0.51672967429120020       0.47715505417989545       0.47780561826704121       0.49252300558615347       0.51950917968735599     
  0.89879278693733633       0.87403081289625351       0.45695599189611324       0.47892833095831128       0.58747906875787992       0.81980617203726647       0.58238149431517894       0.61067972801902759       0.97431465249568128       0.43210490851787570       0.73845374782649320       0.66913429706410688       0.55874383713845699     
  0.54381686705922883       0.48222962223263049       0.48844161409459697       0.42759647873641338       0.51140847308961213       0.46691724073885088       0.65913759321645671       0.42364795911004893       0.56796505701769584       0.46765106020305425       0.52990019654286924       0.49491286629037401       0.45177053464161970     
  0.90385088777519085       0.88003347959321920       0.48307052869015288       0.49236474287596577       0.60297647480535577       0.82770807149068226       0.59589579003265336       0.62833506680005846       0.97567874577323332       0.43720346736832932       0.75113187225198874       0.68101642157827047       0.57200452293141046     
  0.48074162320419084       0.45646908786011875       0.60700290604713436       0.49444685537460570       0.52036426485472820       0.43722864014096297       0.51501500363677633       0.45306309821189295       0.44100330827612871       0.44557456934024436       0.58996920396296715       0.54267978329135125       0.44717273347289715     
  0.90891992090332374       0.88616970703453390       0.50751015345728645       0.50843814747446903       0.61895116276964113       0.83701243194540242       0.61260443619811955       0.64543653571702952       0.97704396737924204       0.44322205129511522       0.76325602252349023       0.69315884520782867       0.58497844274113409     
  0.48464514741306020       0.55290912122660119       0.52437433674049028       0.47566474652465557       0.48724149012381485       0.42960354355415231       0.48495178101623315       0.55201679640898660       0.55825872441392599       0.44064078441815474       0.56898570778305657       0.49360240159345165       0.62336840058917897     
  0.91323092804414219       0.89228716434409416       0.53158762659903536       0.52662547667197823       0.63733046562896101       0.84531065855387122       0.62820059132964634       0.65950418524092069       0.97842353344048638       0.44968096938135033       0.77320335668906193       0.70644454861858452       0.59653782469868533     
  0.44057478978437298       0.54607835254278048       0.48420994839012615       0.58912380073176673       0.50990992693288473       0.55125772742143120       0.67364824616571239       0.51059357571346842       0.57366302139023539       0.52741326832421664       0.46448326823830710       0.55603504859091046       0.48382335320522651     
  0.91739264078609317       0.89844554239284746       0.55834787109810147       0.54519189982549487       0.65402125932023214       0.85388778340932481       0.64055450352462751       0.67279210716457805       0.97971968645393159       0.45588726136523461       0.78280396716717926       0.72053073567392389       0.60690580445414499     
  0.53958806404533211       0.55834801366932219       0.48925210752901072       0.54054457589912464       0.47467023371932804       0.55920083630040207       0.44982904769636756       0.48296295984286752       0.47983421168462448       0.45223688601527795       0.42819408519007029       0.50469300333689227       0.48554069422388607     
  0.92153578829837213       0.90451001727171787       0.58777065367390968       0.56370559136254361       0.67057644343750533       0.86283007200239581       0.65295984870676205       0.68524725023893007       0.98091411432501974       0.46206186270162086       0.79114467084875328       0.73484304437969072       0.61884638378839085     
  0.44768901351435325       0.58290266469403851       0.47543191276488828       0.49239035558303240       0.53474521867390357       0.49305698487155675       0.56202993262257628       0.43919803412026870       0.52434229468578786       0.53136750903744401       0.45401518072626151       0.49665453813370952       0.49917730984304332     
  0.92529122717310119       0.90995464864142561       0.61917041297660058       0.58261529587570016       0.68804258121656847       0.87124202394121675       0.66823472117524774       0.69748546364049424       0.98202921421555656       0.46925186940648833       0.79753412011586755       0.74898721483381447       0.63409748696903889     
  0.44956077563962954       0.49318248502418399       0.47157895536769706       0.50417150961030233       0.48207125692025576       0.54862117018004608       0.42737642009643356       0.45299060810008035       0.63011440080999270       0.53291857733178005       0.43070765170166164       0.63312754718798980       0.50456806698607359     
  0.92837981161394489       0.91439688295341204       0.65036665707235763       0.60177708376282557       0.70378104997814439       0.87891216931539118       0.68492418170046010       0.71116884864719299       0.98313279943396603       0.47735966910089578       0.80336830330149589       0.76308691066564271       0.65127063488579062     
  0.52649137719852179       0.49913118440613308       0.50582581789354641       0.57398455027831419       0.48088527207784892       0.46693156797364549       0.42121933840822240       0.46051156389703995       0.49209839937648303       0.48672788617121976       0.52333386712364738       0.48875279955905315       0.58831996913651186     
  0.93155059531980833       0.91891231442352184       0.67794300945237229       0.62053678148625258       0.71377349184144145       0.88696773333996670       0.70307656356436543       0.72472835207746567       0.98425947872795649       0.48452839451303475       0.80924562084035889       0.77726528519398741       0.66850790906569946     
  0.49497551636650949       0.47594834704366101       0.51740327546058262       0.52125765790472656       0.44880851930302218       0.50843241623173951       0.48002389171474313       0.54573334071190360       0.53525107610893674       0.53022479464510130       0.42589096387772429       0.51766028277301568       0.48796250131144370     
  0.93457276477946882       0.92359901471589734       0.70201535443128915       0.63874294996682202       0.72479226338694702       0.89539949426489107       0.71558012338963795       0.73928441035015557       0.98535394767270412       0.49149714485698004       0.81645873381737699       0.79159079578303893       0.68613363037362507     
  0.43978677983875186       0.41521784649047189       0.40747283179301924       0.49669395537384115       0.47975897553931934       0.61859235336959550       0.46245398855530284       0.43979738350162506       0.70523995609018086       0.47915547802577146       0.42941103013369275       0.61031510904447761       0.50325933754294372     
  0.93761879040766660       0.92852545920189933       0.72472097282258785       0.65757441691652696       0.73665278517458466       0.90287994820850404       0.72977477833463578       0.75329786293813283       0.98639057223092741       0.49961744155959309       0.82629531977092741       0.80549616431556248       0.70407606916438426     
  0.48914647499343827       0.48074715020612924       0.52373235931866768       0.51999004966024154       0.50917536539716324       0.51701760027881194       0.43939257275747140       0.56717627668726001       0.50242057213656222       0.46015859130055953       0.48189453981645963       0.58667334272650529       0.51446752986650013     
  0.94188521279580439       0.93346546842233313       0.74807730889439017       0.67718635592191290       0.74843221214081690       0.90962086541365816       0.74443744175599724       0.76434528419874859       0.98732169491490940       0.50806647082639556       0.83635422891536848       0.81836230351665462       0.72211445048062850     
  0.49485107132332662       0.49223472467549600       0.52051581188628071       0.45106231030975197       0.47667198173284986       0.44945720849788706       0.45164389439320607       0.46834908961577226       0.41351000930898663       0.52273303689654482       0.49460276673763542       0.55894875839686742       0.50116914410038738     
  0.94586808812405532       0.93828982253082560       0.77144207914850638       0.69744185236706990       0.76398435334275150       0.91618251180162491       0.75770053736285803       0.77641275268129095       0.98806162480841353       0.51663747314557740       0.84565443644908522       0.83094198502534866       0.74102583876160100     
  0.44871653710969939       0.59439665512017392       0.43195651491202014       0.52437957531804180       0.50780761768096228       0.41590797581369388       0.46705559544548386       0.41693438923678278       0.58458123797589345       0.52880518980760294       0.43569733710865338       0.55837357443542901       0.54046029683615893     
  0.94887136328765520       0.94248099552068887       0.79427103495202001       0.71876312994360525       0.78202000280381845       0.92213614045520176       0.77368452302178992       0.78921336007339193       0.98869504983443524       0.52646525083658979       0.85388190644662521       0.84465118903998904       0.75985308044779520     
  0.51585216405646284       0.52171108853346659       0.48521710539400487       0.53942017394773212       0.61390121126162633       0.48324983089072582       0.48436755594796083       0.49528238528585161       0.53495345527133165       0.53285429705474763       0.43274549451515804       0.52874609752145851       0.53248291511155998     
  0.95171406542157277       0.94688123719410988       0.81843996416241127       0.74059518158500648       0.80019545320878027       0.92852548189531614       0.79307636229711287       0.80071546662440563       0.98932704371620261       0.53689132732958944       0.86438373143476521       0.85835334715192690       0.77877398971478173     
  0.46861977231968532       0.53882413750163838       0.50731161264420754       0.58144826202512778       0.58051251644416113       0.55555114398970351       0.56140404782920506       0.49323208156615583       0.49994251739636980       0.49867002797436760       0.57096099085367935       0.53537669462441151       0.59080226173086681     
  0.95457620581615954       0.95126696958436063       0.84190444793030395       0.76316802912947790       0.81856174944564664       0.93435926916867518       0.81131524140356748       0.81253893574676095       0.98992904465095988       0.54731658360632318       0.87565239666449968       0.87218700416184580       0.79804758771539186     
  0.42805333793695483       0.57269042849412288       0.48316936740535515       0.47787245216996588       0.53195946388163740       0.51436633259394593       0.45828467292998554       0.49982094157550877       0.42779091853511003       0.58343255105233138       0.50714628613089274       0.55545029655451905       0.60527195331401318     
  0.95803813446006281       0.95546217887365603       0.86337770519594181       0.78514571726058269       0.83673808364630498       0.94125215233381643       0.82930053680159632       0.82880413213472981       0.99052236888864642       0.55837366389060594       0.88648801333762572       0.88569039803088800       0.81703405772513593     
  0.50784953768152741       0.53535239884146935       0.53629568876521538       0.51845288111869359       0.50899120568450862       0.48390199341728363       0.54083007666441318       0.57000024363127444       0.41793624771367011       0.51426138841395763       0.57689012035611942       0.51911864756805937       0.59722185933110261     
  0.96202943083080028       0.95969450613031415       0.88421417123056945       0.80578717083587847       0.85297801637174442       0.94802438869358219       0.84720306182520000       0.84481559683123542       0.99134583547349286       0.57073377989203333       0.89773548831996119       0.89852806934180196       0.83596885004866406     
  0.61639307377529773       0.52392294841997877       0.48464866436531323       0.54521719865171803       0.42063704976045679       0.57917499169998987       0.56391729200559249       0.52564305149146384       0.49956434643969222       0.55030460631788147       0.59535163402098623       0.45006040435693012       0.60291979414975472     
  0.96605530740383505       0.96344068545089778       0.90314130587813501       0.82585325102173424       0.86787218221845985       0.95388612281897922       0.86553340142553215       0.86190577144713165       0.99213842179576894       0.58428923053477677       0.90931230563790222       0.91117021011124155       0.85565355713309110     
  0.54826978700342288       0.46882941684648649       0.46836967315626654       0.45814374216617992       0.53288077797497091       0.53939156165979274       0.53407813997888898       0.47979444232061325       0.52846368715562253       0.54953319948996082       0.63543438625708593       0.52309063879760131       0.54080410875007079     
  0.97005808923918724       0.96705469240757902       0.92018922756121380       0.84622686010392889       0.88339915090751475       0.95974451185254606       0.88395195475066990       0.87817142517171187       0.99294490210800646       0.59875966237521272       0.92020533092645129       0.92321115323196623       0.87489570357912705     
  0.55377323913223175       0.50967610018710308       0.46573430242507796       0.52200827946726680       0.60432117742453473       0.51400670443907570       0.50873761567666398       0.45141291944819184       0.58590276076396353       0.50223427205504145       0.54336005712570246       0.54699403096426424       0.44831801797257587     
  0.97389884068671273       0.97062760599903708       0.93582556037119813       0.86837168168731871       0.90084623897017901       0.96589007636094459       0.90052681452614480       0.89618633664863190       0.99372696491571866       0.61213488997181909       0.93008555092575618       0.93446969480314679       0.89456749059707941     
  0.49620323170368041       0.54186872508087724       0.50325205407752671       0.56456198179840555       0.49833838258371671       0.48128501834367654       0.59124631287542295       0.52876794950359918       0.54517574832687665       0.50446301128019455       0.46882569413163344       0.60098323682723531       0.47184414698323696     
  0.97763650209738273       0.97429768503575342       0.95041763512352462       0.89100262352431570       0.91844126685390737       0.97145014993652667       0.91639581842959394       0.91428739104429646       0.99447164077460504       0.62898611267639837       0.94031162373110533       0.94544441104124466       0.91232081321620762     
  0.54291367061698004       0.64706134755463318       0.54123213013062810       0.58181553553407783       0.55885280407618199       0.45733461997401759       0.45566367887211173       0.53949090634565300       0.50341904242352586       0.48040944945159331       0.47963235571231744       0.50280411606516762       0.59496506548598682     
  0.98138318127346869       0.97826021667452245       0.96453428203640046       0.91236294720304567       0.93673154033289363       0.97693696632134930       0.93252612384641698       0.93178996041676887       0.99521354607707113       0.64855782568196252       0.95094367641062227       0.95631732883952714       0.92859902449415133     
  0.59304797633721795       0.46064579474438044       0.47346229860225941       0.51075091858186372       0.57065409278661994       0.44618135289899696       0.65765134883174525       0.55040197442310224       0.45894034403935730       0.53894138305752082       0.50940886355090564       0.52112377306608793       0.45584960836121380     
  0.98508762812765538       0.98234227168623989       0.97406003838997124       0.93441862476902615       0.95266107544059475       0.98251875845877301       0.94958136464800902       0.94881607804039636       0.99600478876209297       0.67036301029335998       0.96129401984243135       0.96779516056611681       0.94470637640454791     
  0.52021432767926012       0.53087692493327598       0.60294973428655096       0.51682459919033330       0.55598648812192841       0.57796775721990878       0.56125742539043100       0.48712169376303760       0.57051168616190584       0.53309510342505262       0.51492805458601398       0.43960353368729627       0.41159313684791754     
  0.98882790328748016       0.98667043022638012       0.98362449840125099       0.95725671836191439       0.96900931528824430       0.98868920587268672       0.96533228260830317       0.96637310588186420       0.99691911992710958       0.70202318500348337       0.97352322450771966       0.97915259047795522       0.96214545442527299     
  0.52182848859487574       0.55953567835872242       0.55701032334505918       0.41942631299798927       0.44853498534153780       0.43757837752387740       0.52359145770167947       0.55618149467565214       0.53296640247691995       0.49638603550243920       0.54319899051809384       0.53944424637335087       0.41939212695781680     
  0.99387981757832933       0.99247491821047973       0.99182850631651776       0.97924805533514214       0.98497024315580983       0.99425784255540828       0.98343802137444081       0.98334123525466954       0.99824254382147459       0.77722462749584997       0.98652593661066013       0.98974543572488705       0.97978998059216060     
  0.59279470903502440       0.60896018330111990       0.50576176356602953       0.48644962346089970       0.45386550318250624       0.57182615551704485       0.50307165247731522       0.45724677612709380       0.47599934421132128       0.61579569539018542       0.70819627410139019       0.43674042025298526       0.44546889194366340     
   1.0000000000000000        1.0000000000000000        1.0000000000000000        1.0000000000000000        1.0000000000000000        1.0000000000000000        1.0000000000000000        1.0000000000000000        1.0000000000000000        1.0000000000000000        1.0000000000000000        1.0000000000000000        1.0000000000000000     
  0.46099752723176429       0.52349713950637422       0.51498973446399643       0.47141677088270856       0.59634092477059775       0.46351086048008983       0.54487267048084975       0.55318318823859325       0.44120341552595432       0.43792920950522851       0.49848070119120985       0.52383829371872614       0.49032773465954360     
   10.264194652414954        6.7185100898408834        9.2374128534446900        17.181447623858091        9.1772656272362383        7.5413935317078806        7.7639547893541820        12.892801854005405        0.0000000000000000        7.9151544527504152        9.9865416981539923        11.010489140204459        11.190167661200947     
   11.102477334762543        20.209303353703426        6.7412389692041046        12.127535223006149        7.3079808656344998        10.375926212900445        12.066932346725608        10.025076182068146        0.0000000000000000        12.073109444803986        10.513794618164978        12.562911781298316        7.7049237323061170     
   9.5624431176201483        7.7372260407625859        6.4211507726504111        12.804494548928554        14.299491230012727        8.6036208148317286        9.7895913700616877        8.7507281635287253        10.258562761323184        11.526817903099619        12.591297849043141        10.798979980105489        9.4856984315696735     
   11.611827648029255        12.666714874927310        10.104506728113755        7.2638306143371443        13.748055486891133        11.501300774076537        14.767671838089859        5.9455288752521831        8.4208179826689147        6.8247666126024642        10.559957346437345        9.0797056808852528        10.106780938550406     
   12.227427038758377        11.300242205513905        8.3965684356298542        11.011937210507329        10.183686666275074        8.7950667751763216        4.5589510567332709        12.818957759837851        10.615872004165047        14.260484884775844        11.270553797845823        9.0051435511335551        5.9673974079944987     
   11.705279824405883        10.926268045857759        8.7958524519986021        7.5111831844932233        11.737792040534753        8.3255590343273376        11.663891291801384        15.408931519339825        10.143780499054117        10.328283432343124        10.894147900511978        12.785707855678043        10.900867499046539     
   9.7416931299378842        14.780543793727325        10.001154648747260        6.5554639037155029        10.937020376688107        15.685934603764348        11.321638276639813        10.271054307988907        13.389617921063131        8.6357794570211297        7.2614778212560251        11.795609943921315        13.129230938473674     
   6.8136280013737425        6.2986902776409481        17.107730815635822        6.5039748406300912        12.103258523537599        7.5481980764673082        12.834242806729122        10.132836643168162        6.9483104915305427        8.6818795897198200        9.9790337223578938        11.212230414042276        13.049551787987342     
   2.1811366912308791E-006
           1           1           1           1           1           1           1           1           1           1           1           1           1
   2.9997316911352090E-006   2.7192606904663343E-006  -2.0154605262618973E-008   7.8205413422710555        5.1109892653661008E-008   7.9848932406580201E-011
   7.9285902360662077E-008   7.6318428649312733E-008   8.6266188791062691E-009  0.28846187832698339        8.6248050557737101E-009   1.2143725244894413E-011
   5.0000000000000001E-003   9.9020728404157321     
