   0.0000000000000000        0.0000000000000000        0.0000000000000000        0.0000000000000000        0.0000000000000000        0.0000000000000000        0.0000000000000000        0.0000000000000000        0.0000000000000000        0.0000000000000000     
   7.1895751165309231E-003   1.6871620863744944E-003   1.7799127239625231E-002   4.0052519375620863E-002   1.2124352929316415E-002  0.20979418151610224       0.15770623026115349        6.5107126920380412E-002   8.0545017654611289E-003   1.2501446666569367E-002
   2.9875852052151477        4.2818967062537858        2.2580591367992500        1.7758670983285605        1.9858592162143329        1.7988084353314795        1.4275905353797163        2.1932922726513686        1.9207354185835084        2.3519200037911756     
   1.3738519315108772E-002   3.3249998413599335E-003   3.7981056869090368E-002   7.4385370005498871E-002   2.4997265089677524E-002  0.33940088977248539       0.23192938723267806       0.12623570601151615        1.6623796907216853E-002   2.5368808726504939E-002
   3.1474839965942967        3.9057717037133033        2.1646486600208852        2.1764436691274072        2.1655984646826112        2.5566340217461812        2.5833070296736116        2.0368525733193446        2.0856853573425722        1.6603813559489988     
   1.8989083930708223E-002   4.6576056892543580E-003   5.5523866827456581E-002   9.9231402019811149E-002   3.7649291384590194E-002  0.39180607787478100       0.26229721850438903       0.16822513620531340        2.6798414825516731E-002   3.9974238314267302E-002
   2.2277396994867402        2.3063126353668135        1.9446973555493308        2.4135677244370304        1.8593189943652519        2.6080704705538373        1.9258985008375811        2.1809081424869197        3.0378724999111548        2.0359272183636037     
   2.4166238398276745E-002   5.9556392682532378E-003   7.2023278565588905E-002  0.12270285171661550        5.1265064874349224E-002  0.41201519694188438       0.28390920243380480       0.19983735107098705        3.6859484335482418E-002   5.4260606173465460E-002
   2.3226695526962087        2.9686317113936460        1.6660930229931139        2.2767874855899359        2.0663571086837842        1.4703395282689844        2.2073697559774250        2.0563291003176722        2.6338589859201873        1.9680177229543583     
   2.9169052391942132E-002   7.2292498102134572E-003   8.6973757322986539E-002  0.14245509623387101        6.6810539632560020E-002  0.43912579724118078       0.30153237068594313       0.22145753999897230        4.5825985058467383E-002   6.9296422041381547E-002
   2.0868039389546178        2.0205428361054851        1.5393654352768222        2.2061577518572770        1.8662987151815036        2.1338417843382462        1.6913535133518953        1.8751819250691455        2.3043594202529332        2.0161861834630792     
   3.3956043695593227E-002   8.5200248534719695E-003   9.9673396272235246E-002  0.16085170582804070        8.3155704193158764E-002  0.46631269287463573       0.31507034883006363       0.24012669137454909        5.5168737415433808E-002   8.5008417699341379E-002
   2.2352822077157368        2.0089814349231987        1.7025089231281150        1.8138011943873709        1.5792944442456518        2.1720507101173383        1.7085931346823022        1.9566500936360118        2.6963300804114572        1.8157311438363883     
   3.8797678893407107E-002   9.8956198873793588E-003  0.11303676363537388       0.17920485519687362       0.10018698009027542       0.48796971654945925       0.32722300154999667       0.25615019842689279        6.4562305773626122E-002  0.10055281920205737     
   1.8677286104435025        1.9788142837320832        1.6171422253810175        2.1736336415454556        1.8716906427137820        2.4999018749408530        1.9924055418650208        2.0255836721088598        2.0557145191614716        1.9696684781200440     
   4.3799034447077882E-002   1.1454445565306599E-002  0.12713640682240360       0.19689382923335849       0.11769539268913468       0.50671956203041457       0.33870051686792535       0.27066748650445965        7.4411553475825204E-002  0.11590877231046852     
   2.4158322529259024        2.0346864918426921        1.4105772834212911        2.0542658552312218        2.1978589274565503        1.9061205813549744        1.6977112948748314        1.8880109023623954        1.9608604693515614        1.8867526387346880     
   4.9124449358054025E-002   1.3337420809209053E-002  0.14155029278273215       0.21295149125447160       0.13390070452411779       0.52361765998120990       0.34984121580121486       0.28366640374479751        8.4628955400374045E-002  0.13072828600978359     
   2.0830549773575431        1.8992851359527776        1.7951001755772795        2.0620336627527891        1.8698390700556053        1.9970392966837747        1.7489069701751474        1.8723333870871297        2.1073345522223392        2.2153632076214187     
   5.4972877648118208E-002   1.5364990038120243E-002  0.15601040346641318       0.22429988561992881       0.14883494846306883       0.53691949934451155       0.36081795872892691       0.29604918881854642        9.5690942588742320E-002  0.14656941628219899     
   1.7603468239613980        2.0742920690708329        1.6755484867720256        1.6193213499738899        1.4910096591293371        1.5471420527418704        1.6869777572311537        1.8153760822568303        1.4938777614146368        2.1328628991656786     
   6.0575471664642111E-002   1.7520390357309040E-002  0.16851120097063182       0.23437381686089079       0.16415478247595575       0.54818511717893292       0.37144011736431998       0.30877823615483635       0.10738325998943483       0.16286717834254674     
   1.8536632060483498        1.4379425862512534        1.9949116846459476        1.8380398122238302        1.7215388957961979        1.4375473304115660        1.6991865202768126        1.7522460039258869        3.0679945778360498        1.6943664060775299     
   6.5620757759513620E-002   1.9670563345816995E-002  0.18061433616637643       0.24441920076662391       0.17991511907026650       0.55906764542206666       0.38112948193710972       0.32259010769908214       0.11776317353493596       0.17960474555991138     
   1.5263186682593672        2.3178760153479629        1.6346361304784769        1.8419996984500844        1.8044588707268503        1.7446761897110237        2.8487054560389842        1.8307329204551568        2.2662217990946889        1.6633495599859998     
   7.0944647145123177E-002   2.1935486535513554E-002  0.19373307436957188       0.25729232537095664       0.19607697141188601       0.57045525410977338       0.39075860931265061       0.33695120985377935       0.12777942618767738       0.19723382067182033     
   1.6741952604407828        1.9123077714205605        1.8653181400055427        1.7557207627952547        1.8123739055332848        1.5198753248440195        1.6841974955541306        1.8087990897684123        1.8963217414618636        1.8099327739519000     
   7.6442206685234618E-002   2.4307127039882619E-002  0.20845923558752322       0.27034122019203244       0.21139905423480793       0.58659983856120324       0.40089122814894607       0.35089400410261634       0.13819135267593663       0.21498823591486846     
   1.7349882675835044        1.5817442038964507        1.7119978988406919        1.6895208258600329        1.8910257722218944        2.0564816445738918        1.7623507917568739        2.4093998059564070        1.7569717328982748        1.9257732141561312     
   8.3667219586263178E-002   2.6763973300570173E-002  0.22370256423285115       0.28247583317384184       0.22744203662122436       0.60095860531283307       0.41092516324018979       0.36418196666340502       0.14930967514300528       0.23232986960643118     
   2.0059698696676254        1.4762957969411825        1.9329634877267465        1.7491546302226957        1.4616988765779928        1.9948890639624597        1.5932434336867125        1.7555342441443083        1.5989469618876011        2.0811734898642102     
   9.0667434406439054E-002   2.9520485997830512E-002  0.23841382664520308       0.29438631705235374       0.24464693565989135       0.61426961007207870       0.42036704867572960       0.37727642449270904       0.16150744697832228       0.24925809588415979     
   1.8185734650389929        1.8093381894951754        1.5071095465441033        1.5491492122425425        2.4896350243608212        1.8863321044430685        1.8709105171730942        1.7189512247179486        2.0775972341196516        1.7355880931814014     
   9.7821584645372495E-002   3.2650877103662469E-002  0.25360030231468261       0.30597027126449117       0.26302584771865495       0.62729616577612701       0.42943909881850961       0.39029848990524846       0.17398457980800705       0.26549545092471954     
   1.7184318132372709        1.6886113310545836        1.8278764392721956        1.9637498453436553        1.9218833035064748        1.8403155696046556        1.8427857181822436        1.9236411470577071        2.1125308912840048        2.4013291231668976     
  0.10412502110585166        3.6046709296356283E-002  0.26853808381847460       0.31750760490617158       0.28119148805775368       0.63904018420884245       0.43778625379675989       0.40314988888506931       0.18637407523168142       0.28033235124511702     
   1.8201510841793189        1.7353443817629959        1.8496661926959079        1.8076732330016572        1.7277174017208072        1.9378539397267074        1.9371188335856682        1.6651670726839223        1.8301045846839241        1.6666819129965844     
  0.10998693474051000        3.9819184710121039E-002  0.28401008532427763       0.32945827707833975       0.29922281230032155       0.64986928097424124       0.44594140255156817       0.41614487763413061       0.19903099168392968       0.29506258214391617     
   1.7330322135169633        1.9968365460745190        1.9089320390405033        2.2035447109744366        1.8080708253120186        1.6954857763698523        1.6749793136743012        1.5407038235614612        1.6485273666857008        1.5194342066994520     
  0.11613781637263521        4.3739623273009128E-002  0.29999392724623841       0.34117179137379228       0.31703197818252071       0.65990947137812916       0.45369179646025859       0.42943990490310802       0.21243816191274290       0.31043625889667970     
   1.4270711440472248        2.0971144580236087        1.8218397281033150        1.7965748873441432        2.2749286351075022        1.4470707722957385        1.5214522506330874        1.5599439686138397        1.6776508612183509        1.6390767378302495     
  0.12243217092879759        4.7401896173379116E-002  0.31560446081365684       0.35196051519432059       0.33461834152305597       0.66976523589453518       0.46186980701639568       0.44229791166881460       0.22792806569902380       0.32608087086029686     
   1.7064267377909730        1.7088649489628287        1.5825660906438941        1.5699833935860754        1.9965972841924788        1.8849449049778546        1.9588434879737244        1.3980705184416260        1.9870519878732793        1.7961794686807331     
  0.13021754091942939        5.1178799298363803E-002  0.33139333619313621       0.36339688692908034       0.35115728288839171       0.67984180663221039       0.47064428705834671       0.45538594839560048       0.24399500903951507       0.34173123089240431     
   1.6241628419415728        1.6224346148552702        2.1833267102858795        1.7043728067214843        1.7742847052677082        1.8642935163689329        2.1908388538767150        1.6095772012164877        1.9947768883093884        1.8417008070451637     
  0.13838164672553524        5.5237549450671566E-002  0.34776943178929931       0.37452728725813911       0.36600871371413579       0.69027420370629844       0.47954460302230206       0.47001899255867563       0.26019506923588326       0.35846970685510077     
   1.7701156655736476        1.4645080244790760        1.7506561752476211        1.4095513281217453        1.6241256688073380        2.2012894566683361        2.2635848455311218        2.0193471979079187        1.7975143246732963        1.8392692199547251     
  0.14601710621875905        5.9890302416318437E-002  0.36405640366632308       0.38632553870421604       0.38035574931558647       0.70098001973426560       0.48745467369911666       0.48471843962481809       0.27632241300461435       0.37294552272439746     
   1.3941169155068311        1.6360446824924133        2.1443189667921723        1.8240908057051315        1.6395244500594581        2.2138503047412827        2.3180682443907235        1.5516847102303866        1.7438329527878995        1.6794246730339120     
  0.15415810691039494        6.5142442516687729E-002  0.38105235944670462       0.39815694812152252       0.39387593344878669       0.71046609913420677       0.49447276842765014       0.49983027854609724       0.29293128729825102       0.38650601292639980     
   1.9338813505299530        1.7510490563112826        1.8337385704017131        1.9197561700197714        1.9071698928639744        1.9091773452266758        1.8586042131731015        1.6979015674242088        1.5662527760489153        1.6076402795024682     
  0.16234474266059154        7.0714808031553417E-002  0.39861188645813095       0.40980995453601243       0.40845278592761070       0.71871147702513927       0.50093155277134327       0.51461792509889781       0.31014650842449232       0.40009114703065463     
   1.9876190341779991        1.5893505243009340        2.8970857305160118        1.8927101236558694        1.6723752270598546        1.9034187223251748        2.0911038261243338        1.5292322321398526        1.9010313553576648        1.7905429648722690     
  0.16960558593365943        7.6854542814453197E-002  0.41652241324780442       0.42111734192977018       0.42358212594825712       0.72620553987787828       0.50734996990217107       0.52975165529010859       0.32772382629884600       0.41432793305199733     
   1.6768029133054003        1.8580992719027580        2.2481529416486703        1.7176298074430798        1.7182424093748396        1.4886538436561056        1.4830087003748305        2.0369272960760805        1.4977807364723270        1.5532136400312442     
  0.17681409576024532        8.3247123132946743E-002  0.43385677583022292       0.43146039821050203       0.43935362924266269       0.73345260080798880       0.51449665940169520       0.54600300371680144       0.34535101847020389       0.43102376477879245     
   1.7111918939190953        1.6040306369019026        2.4676657413218845        1.6545481195574889        2.0727858530840964        1.2480953965015988        1.6772099238050653        1.5040556915377528        1.8325072834833285        1.9446418411181368     
  0.18439318225622156        8.9483658560031987E-002  0.44924465924423990       0.44198700206151920       0.45408482696081398       0.74186076522460664       0.52150735083881605       0.56350923026565292       0.36278915952665736       0.44701405637838004     
   1.6190801082408233        1.3100185776145663        2.0942231265400819        1.6288418684693895        1.5261099184441911        1.3727465419541085        2.3798381776372195        1.6628149465013295        1.6635224658562868        1.7678950854597284     
  0.19207430228351596        9.5728899092396208E-002  0.46430388322359989       0.45248330066830761       0.46701522763848730       0.75068918585585342       0.52849031418469872       0.58214953706284089       0.37996713521370468       0.46306136700981393     
   1.6222015315949554        1.5893424476263764        1.5165473807390886        1.7677975331405313        1.5476090788492756        1.6722223160110499        2.3143288777192605        2.0171823635853046        1.8291862809469082        1.5933856827449584     
  0.20166745081689838       0.10233550383764319       0.47922035006295455       0.46445407705313890       0.48108402219075641       0.75847729999234836       0.53514476574155356       0.60049765787063769       0.39642755446614125       0.47837148636441917     
   1.9164609760818370        1.4942988816963523        1.7414157130935655        2.0747795818683130        2.1897500340016722        1.7404330801496748        1.6043330553298465        1.9370157180850671        1.4813590783532866        1.5792833843095704     
  0.21160056928840154       0.10967319150730410       0.49640526583896949       0.47677712693639807       0.49537515614296906       0.76503149117413716       0.54151692768526194       0.61752151636047858       0.41400263511396418       0.49313506170622506     
   1.8654487722229576        1.6735432633233787        2.0730592973167168        1.6065051185060053        1.7308047528606960        1.6911758269891215        1.7730584984993754        1.7896765482686015        2.0397793483613680        1.6924879589149224     
  0.22116351017978697       0.11827108405105410       0.51312305862873198       0.48875487819970859       0.50980028293078794       0.77231793067730758       0.54738101910659998       0.63401626915891018       0.43200993590268721       0.50777653231466502     
   1.8502798164993732        1.5491554157057996        2.0065013333964719        1.7274782065066323        1.8578744698394554        1.8872142025423431        1.5711366798606730        2.1035192620258436        1.9574097945540621        1.8090531773539098     
  0.23053021740269891       0.12829734801689982       0.52913873784441656       0.49941204351750529       0.52433180479831087       0.77882559132425389       0.55271030277720312       0.65090530052039430       0.45083631690389026       0.52299649351968036     
   1.6997248310619766        1.7385627035983608        1.7451464667904748        1.4271919774497015        1.9951852745274012        1.6110441531675643        1.6327031495830375        1.9143893016418956        1.7913063013559880        1.7996997161443313     
  0.24073920218697273       0.13899048852805829       0.54438898244141842       0.50895252848695427       0.53944291051983861       0.78577268590541893       0.55826546864093651       0.66905288746891567       0.46879793320260982       0.53932409989623320     
   1.7571207313565398        2.2499027056147352        1.6646780548040363        1.4981306297047743        2.0560578304544066        1.5528664232389013        1.5511348656030290        1.6658928371107664        1.7219357398144219        1.5528262794213437     
  0.25205743767623023       0.15026219518065770       0.55977148763527140       0.51851846001346802       0.55526840869841620       0.79242217014879801       0.56419968833084966       0.68779350804914130       0.48693040011804095       0.55728490952550880     
   1.4103559458091159        1.9208599526268588        2.0766913519308607        1.6341099194736370        1.8216815741998234        1.3255037077789460        1.7560082576507541        2.1461512263065541        1.8631420658939313        2.0094929547666318     
  0.26341319219868420       0.16227620099137577       0.57560494339268808       0.52968640109080611       0.57019920097689536       0.79914492121585590       0.57072273711795718       0.70365459112461515       0.50318835485815339       0.57503533668545814     
   2.2394580576588612        1.8085056041505316        1.6832353578076866        1.6570113880071264        1.7961475967259781        1.6054020047161783        1.7759712984934393        1.8769266388164911        1.6468800920843951        2.0456477980189254     
  0.27393733535789300       0.17501099849391955       0.59246852398039529       0.54114583895190493       0.58523125523874497       0.80607213683048029       0.57709521844708567       0.71868223651476404       0.51807838264437767       0.59228494857475411     
   1.6346594563224861        1.4895833440268351        1.9629858305854471        1.4074051008167618        1.9060335505523207        1.9386643117380000        1.7447408668895008        2.0311545443326544        1.9136180929150310        1.9749156402050618     
  0.28478744380472915       0.18859622085048147       0.60971004985663124       0.55192686399113056       0.59760619382254221       0.81313369739049401       0.58310263768134174       0.73308375694756167       0.53272942570277293       0.60903123614338350     
   1.7929179944026412        1.7135718692095905        2.0514174585881881        1.7654109504338085        1.5417428812699050        2.0338501892483598        1.7212217936634291        1.6692216334106278        1.5025338332728406        1.4773237862340161     
  0.29649906005763288       0.20301811188534882       0.62623208083282633       0.56274193950147577       0.61173901814065967       0.81996599202571829       0.58935324115932319       0.74882716424970397       0.54854538660006191       0.62667805613753935     
   1.8084018907019439        1.7914187575090970        1.8362374614627135        1.5598400609221399        2.0047292743228504        1.7594562627599757        1.6147612151527329        1.7536835086215747        1.6770549517671882        1.6418673516689177     
  0.30845860227901484       0.21802017360355275       0.64183840557976946       0.57378290190067816       0.62488034644279822       0.82663834214732090       0.59580289248392282       0.76527266971259089       0.56564582213956160       0.64473281881074751     
   1.7646001018269601        1.9319025212525618        1.5957019068178941        1.6770380367176148        1.6029796041819284        1.7902381490690356        1.4738324996763541        1.8654982635472819        1.6005399517353778        1.7467420718956386     
  0.32068402506359089       0.23323532264125066       0.65728504749040118       0.58509526099691234       0.64034020776880851       0.83361693758590438       0.60169414293760970       0.78067713093420676       0.58250350746083968       0.66257744349407710     
   1.7761197712093142        1.8631436290841019        1.6912268358759992        2.1234740633181310        1.7185629011629051        1.5596181405140042        2.0401844281712749        1.6381957760602708        1.9089904013781840        1.8915717998046737     
  0.33353741705977996       0.24890736845685496       0.67312200449797011       0.59681578103093069       0.65740775612295688       0.84068599170397007       0.60740630043172072       0.79564553367650870       0.59875897133311817       0.68048104964508060     
   1.7176517050552020        2.0355095691181879        1.6254160965169679        1.5866167523706791        1.9735365139811920        1.5261397426921952        1.4724548027807811        1.8743219501937809        1.7408593441072244        1.9004768082037988     
  0.34761798674325761       0.26512109437297449       0.68966432417042189       0.60871639982922732       0.67325199542961511       0.84762836506393635       0.61306094538151135       0.81022622282799983       0.61456231932478911       0.69733046403229437     
   1.9327905996467747        1.5088834228754524        1.7489542736761539        1.3818812392981519        1.7216380658405874        1.4730781543820939        1.5940613925629761        2.0303338118850323        1.6490296885886673        1.7259087073808415     
  0.36286471096653894       0.28304234817885982       0.70575319955868665       0.62090885794114392       0.68886110177632931       0.85426898233840909       0.61969999814309140       0.82491131243327731       0.63017161280542755       0.71336558523095994     
   1.6032853926832897        1.6689600127036464        1.8648084148325523        1.5130575937048838        1.7520850083799928        1.5711791923049641        1.8368108954123312        1.9207304480223719        1.5986999221704181        1.5858634981711695     
  0.37819512753745571       0.30244557365287084       0.72169491681532916       0.63216998046297312       0.70473905406712700       0.86054205336586753       0.62649124706201720       0.83885490050123102       0.64585779336196092       0.72949581445754230     
   1.8522627011133552        1.6342292550863557        1.5029887047921413        1.7970943085361228        1.5594001499503298        1.6785393130060384        1.6617917164560618        1.7587352434428516        1.5470612244047390        2.1787397235876318     
  0.39345997065305643       0.32283433865631445       0.73753968357851984       0.64454381830371021       0.72240626932522201       0.86658488320035554       0.63299725109646343       0.85183654593419023       0.66120940018029273       0.74497514223582106     
   1.9551928955029854        1.6227399881690225        1.9388268136875890        1.6824430761225642        1.9137234161406758        2.0697008352553885        1.7814944771758046        1.9876424909009889        1.6892574129288260        1.7102729759073168     
  0.40863365709757465       0.34621293621772725       0.75302936619532468       0.65716674150605869       0.74118447352577688       0.87255128775433177       0.63933862465843327       0.86435648375484186       0.67680704443199635       0.76106608672311282     
   2.0652983854715998        2.1969951014472970        1.8182565248448341        1.7039800617391856        1.8328164780890426        1.7089630446738342        1.6831248765013918        1.4464012465116902        2.5544157214440570        2.1643980860822127     
  0.42400712357530906       0.37071860788889360       0.76894469637166840       0.66953315664578372       0.75856075040031989       0.87870073001670068       0.64569568760289453       0.87697874304521828       0.69403152825154246       0.77782058059816550     
   1.8862311053195524        1.4426508513300840        1.9213589368351061        2.1960326981984202        1.5088660837508365        1.6249825907359525        1.8683963034095969        1.6820440184727921        1.4238791878133383        1.5153748759703030     
  0.44057290465247440       0.39832606766592960       0.78561424944961389       0.68189903387015971       0.77547867808791204       0.88527977795316970       0.65240342316313993       0.88900163637232976       0.71336486144981426       0.79436885767672238     
   1.8197370648800755        1.7823135994444799        1.9498689922836869        1.9869346405142483        1.6323417647822573        2.1614998545648638        1.7468594434568234        1.9465526903151245        1.8788919854924924        2.6341025944180112     
  0.45902387827863655       0.42449175543158912       0.80272675963818618       0.69349883905278720       0.79238697036278805       0.89190455995539952       0.65970386375718504       0.89948726868748585       0.73278514511715453       0.81040213973107345     
   1.8473875507755997        2.2763247029548652        2.0461163894836094        1.6804834901654422        2.1228989147059902        2.3465634584537383        2.1989280862334342        1.6336776107433653        1.6901636112033696        1.8486701895372823     
  0.48102272587275569       0.44972196672303144       0.82015247564228100       0.70425762487131005       0.80943300250123340       0.89830040636562447       0.66712998150509173       0.90936061185755357       0.75212114732973778       0.82641524907152331     
   1.9675062161109023        1.7416391651142962        1.8922104019662638        1.7390826068933225        2.0113014141245729        1.9948000136938491        1.7793422950650237        1.8627249888806678        1.4601345383803492        2.2061507803611584     
  0.50387030180497328       0.47656014377107053       0.83802472842901632       0.71543256759662299       0.82768923089052171       0.90470525556836534       0.67373134561545645       0.91907053485118173       0.77163313542141987       0.84166754948286970     
   2.0397884142897831        1.6338353461533268        1.9691284650036580        1.5493285474360827        2.2506030327539901        2.2273102276064773        1.6062965701375760        1.9614104026539174        1.5789708120665356        1.7363496238977798     
  0.52641725094005454       0.50486088151717390       0.85483122824823732       0.72765225868923156       0.84529629910026494       0.91101294783642139       0.68059456148046560       0.92704256346537672       0.79365522598757265       0.85579046709356499     
   1.3563737280730843        1.5623667941074091        1.5879013669697224        1.5498591062791534        2.1489499753505030        1.6664617467896941        1.5884239541749925        2.0394232281056190        1.8887134990901731        1.8015425519987569     
  0.55105948169948160       0.53219058845701894       0.87105516897784041       0.74044733500723992       0.86053076237742143       0.91715403712448307       0.68773375526524461       0.93488902996947143       0.81899961789513964       0.86812239459213347     
   1.9182973265229573        1.7956778538977307        1.8924220877683136        1.9083418286250300        1.8422117030392771        1.6207377404923018        1.6215989655191729        1.9451981700375924        1.7478750526994398        1.8504226781560607     
  0.57774355646715347       0.55884616865914860       0.88704086348775291       0.75346007635976842       0.87576651509511427       0.92334569199918293       0.69668170529140694       0.94282055861994385       0.84304778078337117       0.88048080548064367     
   1.9083962723682613        1.4950371070751989        1.9007359927627669        2.1141577056354235        1.7763864030323293        1.9709653534738127        1.9109810327273462        1.3857972726481105        1.7159280898277691        1.5770967723832403     
  0.60829217378902323       0.58733968596661779       0.90291340919693308       0.76696892442317832       0.89141477205307207       0.92950045626264732       0.70585580846816409       0.95160549682440287       0.86427123123963623       0.89337257839051143     
   1.8754369778353404        1.4729323887237402        1.7688339651822211        1.9966685376492395        1.8199511017301080        1.9007967099335623        1.9485697602347465        1.8234695946360977        2.4679052759387985        1.8114661048558431     
  0.63871964605206100       0.62421515890303569       0.91834675313115322       0.78147677123438442       0.90915222987865463       0.93593264998448455       0.71645526781890168       0.96002620227563584       0.88344631590549283       0.90795650451770371     
   1.5571270157513664        1.6079953203238226        1.7014444860665343        2.3891002042166614        1.6241481582616517        1.8281703600925749        1.9370111891529691        1.8142901527852975        1.7871179345140948        1.8736382331992993     
  0.67307017678251835       0.67138945031920971       0.93416030542324813       0.79681387834193196       0.92774069158975381       0.94289495401699774       0.72757699420206534       0.96685548559022427       0.90105015062738780       0.92411596766667714     
   1.7075657150905166        1.8254275850193935        1.7714695844555441        2.2143366411226189        1.9416283018380358        2.0910897994085889        1.9203335125894296        1.4794632412420845        1.3735198476103718        1.7769922574805204     
  0.71738495317592732       0.72614876590355026       0.94828556685237897       0.81448552360962001       0.94243226845565409       0.95066380289013408       0.74087951058337287       0.97275591731582289       0.92018435446810987       0.93982940711521257     
   2.1205030151774267        1.9240805914371484        1.6847174326459728        1.8440437311839366        1.8819324464907705        2.3094448785002166        2.0552563830211747        1.6675312541409060        1.6642115008753906        1.7927340864886292     
  0.77137563318712998       0.78551994320790319       0.96167913896681168       0.83643388196698676       0.95616805100204494       0.95889119754397079       0.75794666799161514       0.97906509616419313       0.94098409229407398       0.95473768344873833     
   1.5099965367841166        1.8664168445456160        1.7934004382015727        2.8198214569054540        1.6400652980831774        2.3721926752140514        2.3644830526292795        1.8355364895785538        1.8682149151041716        1.9031332696982306     
  0.83249269610435750       0.85017817055007150       0.97445053248492841       0.86008574693996487       0.96897290877509945       0.96812868107409478       0.78695443578907354       0.98629764311625578       0.96207983483519433       0.96961617366576935     
   2.1708144662185038        2.1815446925316730        1.9346095225880700        2.4354745268314164        2.1819905715675194        2.1859668829797037        3.0450471132153365        2.2952083046747584        1.3769069424336131        1.8567714749591997     
  0.90600688716261057       0.92046524934461293       0.98711344280966351       0.91304389437212752       0.98421828695365610       0.98241340006594724       0.85004057274517919       0.99305560007287430       0.98105726199970333       0.98390798671333768     
   1.6490903097592207        2.0968567646870473        2.0049444791539703        3.5632480031853588        1.8844597263665173        2.9789343144504858        2.4412994042267169        2.6279865250507792        1.9065674165360089        2.2385757868999137     
   1.0000000000000000        1.0000000000000000        1.0000000000000000        1.0000000000000000        1.0000000000000000        1.0000000000000000        1.0000000000000000        1.0000000000000000        1.0000000000000000        1.0000000000000000     
   1.7393691208568807        2.4928002406138079        1.7258543173198018        1.9485580125665993        1.9750181487726217        1.7873174338430884        1.4488484352692637        2.5083698801850813        1.8869905372459717        2.1430791348445970     
   9.7991501941773507        11.050168214496034        6.7314405740982544        3.4700565419905125       -5.9812731574703735       -2.2186559325558326        11.222269182520373        8.6785169715079942        2.0435864831452424        6.9036536259543446     
   10.146145419272470        3.0215945035791059        3.1107210129784919        5.1160215219193459        5.1543950477736722        6.1745226782739255        5.0876605690106871        9.7981611722486655        5.5177950991271514        6.9474374873628237     
  -2.0054874423470106        6.9392643820001387        2.2653712509681592        4.7634655084816524        8.6895366185139178        6.0638991192629357        8.7234666385076594        5.7104580537670380        8.6145094565916018        12.331831337066649     
  -3.3275169660637094E-002   4.9093711364203472        8.5548701189377638        6.4739696402525846        17.440434535088656        8.0517025916190637        8.4477002406755908        6.0407512344859358        14.240486881226893        5.1506753424297811     
   2.0899239455115617        5.4595518067702082        6.6631775856064426        5.7395512051788922        16.278207914218633        1.7635888635925143        4.4328913610462033        4.7220049598443632        3.4626993424297461        1.2529631171411644     
   1.1421799947061124        9.5068670963355615        13.275318873413500        7.8543498223906001        9.9397998379918544        5.8833637159444390        9.3878906338135373        8.1364982313295915        9.0257287993964663        2.6536465201692248     
   5.9946309902557751        10.093734115276918        4.9317668106603678        9.1183153977572005        1.1973411141601358        4.0647029803816288       0.59563348205271371        4.6021623321914511        5.2135751943821846        4.5253650048581076     
   19.329542675054604        8.1956230976294933        3.2478383616436988        4.3110515392492150      -0.34909746242180278        11.890266873135678        6.5454911851054280        9.5743691059780751        2.0576737611224800        6.3597877485633854     
   11.068324131154109     
           1           1           1           1           1           1           1           1           1           1
   2.9799413546873352        1.1354740837958295        1.0052893422323435E-002   6.4322945217481200        6.7022279037567606E-002   7.0088031738320872E-005
   2.2861773989449493E-002   2.1249565419765512E-002   4.2732336594287325E-003  0.24745505470330523        4.2722147731167719E-003   3.5460492919179819E-006
   5.0000000000000001E-003   6.4287717588882076     
