   0.0000000000000000        0.0000000000000000        0.0000000000000000        0.0000000000000000        0.0000000000000000        0.0000000000000000        0.0000000000000000        0.0000000000000000        0.0000000000000000        0.0000000000000000     
   4.6267601118979620E-003   4.3177271599821754E-003   1.2554771959383631E-002   4.3846823923708658E-002   1.7448291070495444E-002  0.20816599000024141       0.14867677946799016        6.3662540057748185E-002   2.3280282404485684E-002   1.8208852373754501E-002
   2.0100532835505045        2.9676054804263727        1.3269347847989967        1.3614333354822952        1.6597685731705036        1.9616325522527858        1.1577881976667648        1.0807060169791860        2.3318129434712320        1.6143914628277045     
   8.8484703505691386E-003   7.7925084049059075E-003   2.6083195827900779E-002   8.3647169958609005E-002   3.4419957818655873E-002  0.33682670987380647       0.21800072024657857       0.11609849610822036        4.4881268836181161E-002   3.4334767753646855E-002
   2.2489788890154441        2.6383284729270895        1.9801260813090691        1.7295402474677810        1.8482272602863947        3.7104352048779394        1.7040729426999490        2.1251355207489704        2.6160431915896281        1.7685730237372674     
   1.3355919588696032E-002   1.1132007205809435E-002   4.2353227739368920E-002  0.10618909404931159        4.9366959980918154E-002  0.36975083538583764       0.25944225413446403       0.15378148004971845        6.3747261861246518E-002   5.0136005687534950E-002
   1.9612200527775061        1.4428068677386903        1.8387091251793697        1.6631771516122629        1.5879444293329963        1.6252131263343204        2.4262219853787665        1.7335882498199706        2.1914176001616723        1.5234451240187581     
   1.8432151991061574E-002   1.4892502691140345E-002   5.8913407930791875E-002  0.13254415319836474        6.2482964093408096E-002  0.39760407400288489       0.27963238440909333       0.18634324727242693        8.0838567123167268E-002   6.1460389912627172E-002
   2.1931126030580406        1.9576040687466678        1.7197753465904464        1.7046980792883484        1.9756907530309178        1.5557635559029415        1.6120219545944749        2.0933958523956830        1.8325102371463642        1.6061276330922469     
   2.3515941674379207E-002   1.8734691939931422E-002   7.5450791564115882E-002  0.15625073380967350        7.6056227182617023E-002  0.41814948494356069       0.29893001408904052       0.21362613231809507        9.6574005794131695E-002   7.5392229619296994E-002
   2.5585969259550922        1.6208027895832879        1.6423963335899678        1.5823444869503394        1.4272902432611241        1.5198419779222072        1.9339358429424824        1.7351011133415510        2.1998473453528797        1.3348840008828247     
   2.8272043604245137E-002   2.2642388626271354E-002   9.2371422069227146E-002  0.17887193512387758        8.9656010669288341E-002  0.43932689012360870       0.31450239873451230       0.23179513678017954       0.11209264747146196        9.0126654639373499E-002
   2.2655765787380981        1.5706258617505506        2.0374274129629604        1.5481343496560163        1.4928653935960865        1.4741069502024802        1.7152155477093778        1.3505907648230591        1.9934939363275919        1.6520032514338552     
   3.2919840835330283E-002   2.7577123518903644E-002  0.10875605837585486       0.19685422440791894       0.10430140847489680       0.45430975867165341       0.32918484981187535       0.24802566651947894       0.12691485982999279       0.10445850450778714     
   1.6491354174765191        1.7115249829314669        1.4563209857426354        1.7457033301780500        1.4508982520432341        1.3879331723091350        1.7052857269588331        1.9578908349727937        1.7630563346909476        1.6855000791475216     
   3.7505570183609907E-002   3.2889503408705924E-002  0.12623496453322886       0.21288541882822243       0.12026278107425441       0.47121138725994205       0.34389549076227366       0.26199435326499892       0.14233017022245212       0.11993221083858742     
   2.0955543099878593        2.5654066173199754        1.7881949068436211        1.5500309037159756        1.4059633058192362        1.4176376630324385        1.6603795697005286        2.0659161090264497        1.8640857331053826        1.4646323136963451     
   4.2323591553332075E-002   3.8781259202981540E-002  0.14539450924349312       0.22791415146482710       0.13629387417175332       0.48579452647399257       0.35669205387869990       0.27538279986358860       0.15738236073334946       0.13566633212342497     
   1.9690470230547565        1.7865405876734408        1.9692202092978197        1.5038627464387397        1.8336111975566014        1.3240000138695989        1.7709634562879502        1.5278355053815247        1.6078363754857772        1.6932495351526764     
   4.7654032864310705E-002   4.4281833202883737E-002  0.16282701782098505       0.24257416056084324       0.15197011549407818       0.49997230029282069       0.36870613902504501       0.28787525401725328       0.17395440944138799       0.15139153467266978     
   1.5307668642722525        1.5508653036052076        1.4063245185179225        1.5381346320776215        1.4518577162542032        1.6433154442577884        1.8013122378853796        1.4951484906781576        1.7518480627354835        1.5831460868340508     
   5.3298747750497484E-002   4.9958885467866754E-002  0.17702636616492395       0.25724213652104183       0.16702843069401332       0.51369757748438016       0.37975402530896174       0.30041179302690546       0.18939641012957020       0.16753514225220376     
   1.6449516314496497        1.6781898262713608        1.4201945143467580        1.7406803656141994        1.6312400733939767        1.2986167240514443        1.5142271673494090        1.5787733429499109        1.7554813125460298        1.6041566075231488     
   5.8903228025850442E-002   5.5346712145454995E-002  0.19008722738537420       0.27204849217587418       0.18232452027114504       0.52739307887083020       0.38980590049458264       0.31218327738889229       0.20603801901615662       0.18491569888143519     
   1.6980835831991565        1.8574715322101514        1.2867733559403227        1.5638746498333531        1.5778584369964808        1.5865992062965655        1.7874937029744598        1.4914223557123061        2.1158860711277772        1.9634444948062546     
   6.4456292041825486E-002   6.0912040857038087E-002  0.20268187755259440       0.28634012478800308       0.19867041353612247       0.54098164436021856       0.39921619769657757       0.32348015017573106       0.22301479312422956       0.20301780812942818     
   2.1389769893623529        1.8176029722354419        1.5160166785740847        1.8576196821525905        1.5342481096351916        1.6344212976646528        1.2468097996492942        1.7192262248032544        2.0451809246605732        2.1562507515492468     
   7.0406723562515081E-002   6.6632260865134518E-002  0.21807783532039796       0.29993891168967785       0.21546605803259516       0.55485614114413229       0.40873620458655624       0.33387161882069699       0.24097942306390269       0.21980287305041951     
   2.1946827989002302        1.8125684144710945        2.0682410334730288        1.9091645177885164        1.4514449402895895        1.6285068014637358        1.4811102302814025        1.9923034964431312        1.5282402503597987        1.6314907923109576     
   7.7118084526741043E-002   7.2391532505995712E-002  0.23552291225406971       0.31334020125153766       0.23237938792175045       0.56920693160132529       0.41811246545557323       0.34492021528625810       0.25926724759410308       0.23377785114058172     
   1.9871433374613172        1.7480121070066801        1.5734277501918474        1.7600971869797917        1.7584082994797019        2.1319154751232992        1.2825817223647114        1.3625404923689262        2.1564228579531624        1.6376079198465090     
   8.4005853566262320E-002   7.9097737195480161E-002  0.25226092148188212       0.32618783034970983       0.24912024894742940       0.58139654555511056       0.42679359976955855       0.35593698473705410       0.27751370640105488       0.24707265485046889     
   1.8442326104439430        1.9014180479375320        1.3715586783116924        1.6703010590517735        1.3898242537188839        1.7190263609691021        1.7595654443839552        1.5470753197282547        1.5946850377197743        1.3870303509781969     
   9.0367327741048956E-002   8.7227518607519858E-002  0.26849730017776480       0.33880830739513745       0.26574932851672478       0.59253661411964897       0.43488786039812227       0.36752867843528164       0.29574976806314995       0.26127426294356665     
   1.5628730671860862        1.7729045261231471        1.7542328433290080        1.4894017129139940        1.7645139450917957        1.6394994653313810        1.5897964553923252        1.4762672062245643        1.6171410710721326        1.6166491556440632     
   9.6662997824512112E-002   9.5709452331985537E-002  0.28504888567784381       0.35030172454565056       0.28312099397358864       0.60416535791851889       0.44299489627347122       0.38029285312844119       0.31384777231143890       0.27677149134336726     
   1.7870614876817148        2.0814848108383375        1.6581255846125220        1.5517125254535196        1.6413820958851839        1.5772196259774092        1.5915234041191084        1.7952961050167964        1.7288925983876895        1.8228871334169545     
  0.10325040270685250       0.10391330831164897       0.30112461439398241       0.36191329655476251       0.30128972651666364       0.61586341805213174       0.45021813131720517       0.39324276493373445       0.33201098108989890       0.29481397159698630     
   1.5451829649769990        1.5987390703865083        1.9835408172029334        1.4800641422934906        1.7675228182164637        1.7290508372620961        1.3137503489350462        2.0405134909924802        1.8607398381718938        1.5603152572951744     
  0.11010548135898190       0.11182742880096157       0.31317870003256537       0.37378805740072024       0.32011368044362881       0.62837118962130445       0.45577318919349075       0.40572750833175508       0.34945172456021939       0.31306229429764076     
   1.7823858248592370        1.5826385441428026        1.4292472000111534        1.7692800761909067        1.8630116443777069        1.6143409156594888        1.3879748225027277        1.8193935605203269        1.6782384572301847        1.3472114536961712     
  0.11682711914525581       0.11974303996722442       0.32509955071014096       0.38465945077827024       0.33886288009555848       0.64024399468053417       0.46087873018658332       0.41753516261049872       0.36514163921362236       0.32942823353838929     
   1.5533709455850055        1.5948051541216548        1.4094624415359784        1.4222053750149306        1.6422646231788702        1.4828487961230579        1.7628956191285423        1.8374785257116590        1.4802887163337410        1.6478224709478346     
  0.12336667331317396       0.12802901645679421       0.33725841389591243       0.39495971379745992       0.35796581580704423       0.65042080127518564       0.46582211107403221       0.42902888279030660       0.38192416682697455       0.34670784699470752     
   1.6428993795691047        1.5831487243276796        1.3760852454088757        1.5477884266457707        1.9445122066031937        1.5338227838030891        1.3494079720519812        1.3565711555794937        1.6402688995737558        1.4808916044813845     
  0.12971456315734736       0.13681266091213426       0.35009526018042564       0.40557660258526196       0.37626533705138793       0.66009809767282435       0.47256418037139980       0.44100906293317493       0.39868210699437212       0.36630166265447223     
   1.7894626130016948        1.7192960471194139        1.7111977967829508        1.6407077696548773        1.9029550048721482        1.2807464966215105        1.6131841833950669        1.6391334032691114        1.5143007497077243        1.7236009129497896     
  0.13577032798390712       0.14617922235207806       0.36465157238135176       0.41542613633249481       0.39235601374247897       0.66992595990702641       0.48114686622563768       0.45377213516229969       0.41589766338417294       0.38428845927044170     
   1.4398512908066399        1.7487352379847665        1.8020335221602493        1.5694378856047071        1.5690137933901647        1.5961849330086735        1.8141779077018692        1.8431165862340400        1.4751968197113925        1.7852324993215900     
  0.14196726270816157       0.15545018585982337       0.38044132918814821       0.42661637107741029       0.40729893558388525       0.67976097188066664       0.48867397268599627       0.46693370049671967       0.43365026387993327       0.39953472432644799     
   1.2434559781804155        1.3851010081067003        1.4790993850645480        1.4906311782905874        1.6744251166951070        1.3760117165539156        1.4321073296631874        1.7036713754907986        1.8974766467345270        1.6240007412250781     
  0.14817120189848004       0.16447379855567959       0.39573284505768752       0.43742991927236108       0.42254161274053631       0.68992326622588118       0.49498544242187204       0.48082416458297561       0.45041945698006230       0.41497985219906014     
   1.5140850465814881        1.8185540217455241        1.6187488764337443        1.8271672821563396        1.8742348059437370        1.8216254391123730        1.6436384057118902        1.7784725716334233        1.3605694954138743        1.5262870162758639     
  0.15547574942700820       0.17378969356706622       0.41042170750757684       0.44875381898603728       0.43872364969065153       0.70017723032866208       0.50169444850647016       0.49430680207762789       0.46650879660767935       0.43078809356869679     
   1.4251598172971256        1.7888280161905106        1.8491280301998254        1.3777435190747591        1.4091746937298266        1.3974153887498799        1.5368736107750891        1.8109793227182682        1.8506479175587653        1.8010559281123870     
  0.16337418447038501       0.18381580168008399       0.42506818246265127       0.46029140150390013       0.45618297022696280       0.71005633691453673       0.50829704776120443       0.50722232578397641       0.48161283462135579       0.44611429572926448     
   1.6467836963855151        1.3841087280233741        1.6610750618538197        1.3424631887943477        1.9350936596865265        1.6349199676920159        1.7546155542480499        1.6417123832356326        1.4952089422400223        2.2272708825130314     
  0.17119954116502961       0.19447622659426875       0.43913329560072323       0.47214131536027049       0.47486466341547245       0.71977180524552553       0.51560665720649068       0.51966863709643074       0.49644370927207615       0.46004366652890544     
   1.6848441910790757        1.4620317453441485        1.4426883838104188        1.7955914683639842        1.7163870778273327        1.5869073882877525        1.9070364713082775        1.4593778333823317        1.6326117600985122        1.4337965114088311     
  0.17889110799928346       0.20557023407126096       0.45436197321557165       0.48373469043289430       0.49452023480564355       0.72898864622075710       0.52308940988011787       0.53171102068366072       0.51163528779624368       0.47420348107310611     
   1.3292919536050243        1.4661869286843356        1.5875472135145463        1.8414148631285518        2.2035755578874943        1.5616663856702333        1.6149540301779612        1.5779498161544501        1.7504037899127207        1.9449622692093549     
  0.18670295959173960       0.21718000615813751       0.47028859709094140       0.49468926400173141       0.51372660390731761       0.73803171524349520       0.53021871931849418       0.54376201637827126       0.52652991652717784       0.48755679658231227     
   1.5596471305872683        1.7635795754572616        1.9885247539411843        1.7970568313978046        2.3593698906391749        1.5367233872407255        1.5861821940021377        2.0807987145953062        2.0122196922139586        1.6373941819991262     
  0.19525295984966370       0.22977955019502183       0.48592441618832682       0.50555609120209755       0.53295378767108814       0.74722154091339599       0.53724116414525247       0.55692502183312675       0.54241145010756031       0.50216611379098508     
   1.5482093366179812        1.4873291056025717        1.6521235517602135        1.7408136309875151        1.7657132764620680        1.4994835465534502        1.6942623079631822        1.9289919674418610        1.7021175110901781        2.0690989075923345     
  0.20280407006102547       0.24293753682706312       0.50255231597142158       0.51661114817632836       0.55109316109705864       0.75614691782285015       0.54429207144443370       0.57171095010493012       0.55746136970144444       0.51633487544403289     
   1.3234296596249242        1.7361475008713199        1.6958735793705659        1.3766671226473348        1.5741069144605928        1.2804686648718591        1.5087226741398618        1.8015125968023482        1.6982802483575650        1.4723896963563921     
  0.21008879506158787       0.25674450200779814       0.51974229225221713       0.52735065430812278       0.56574844316286588       0.76509644551259648       0.55140634730690508       0.58754446315564157       0.57183406085632693       0.53074785671715208     
   1.4017532814429616        1.4646651542271525        1.5727881302675486        1.6246940361285471        1.3761466002976472        1.4572662835516657        1.6158585154785567        1.9288598911499721        1.4450100935380081        1.5836755273321199     
  0.21741842683732135       0.26939235499917652       0.53906827265658497       0.53735968455826677       0.58088872532791680       0.77410891867436649       0.55857741287828344       0.60339421091534495       0.58551749405108378       0.54489540576584328     
   1.7181821718666968        1.8065253469044011        1.6236299188937697        1.8102228633925306        1.4568093506740849        1.3485997288862004        1.7264317505997673        1.6811207881759136        1.4231650909506974        1.7126855799434069     
  0.22548554219235808       0.28167739920022783       0.55673773811891591       0.54753295495515697       0.59581431623387338       0.78318929811968274       0.56549209222600971       0.61869989069200348       0.59821851293636841       0.55921452851469555     
   1.4528987401970423        1.4255203254039552        1.7218423809626189        1.5492527752464293        1.4526796082134541        1.5779527870415833        1.7256784253914657        1.8445380678768275        1.3907886610856783        1.6756399820435830     
  0.23482106924708401       0.29423922945106296       0.57274955788035731       0.55796157930891666       0.61139323782526889       0.79234245892673927       0.57217421198889906       0.63360796517431761       0.61066192034298439       0.57515811267261185     
   1.7114426700965975        1.4380340758642649        1.5062814816522154        1.3526317176722937        1.7379169080366761        2.2578691380666394        1.7301339444884554        1.6460571182764496        1.5474852623762076        1.8695176200201062     
  0.24413193668429678       0.30747162000451139       0.58892595364589984       0.56867341797465121       0.62703647571146626       0.80127818262465633       0.57885025368638077       0.64794263139889108       0.62329015007448185       0.59165983083789631     
   1.8097235513637466        1.5418157143282505        1.5444887835770094        1.5204847945643003        1.6696423701021035        2.0094905486677508        1.3001646252703254        1.9492894712632449        1.6413544176174666        1.5115669637957849     
  0.25433719668817628       0.32200397217603610       0.60338751649692290       0.57926919180150926       0.64278532677507216       0.81026641577821834       0.58535571552516519       0.66211565972549014       0.63645439693263139       0.60708989582490380     
   1.2629384647727002        1.4563451291613085        1.5210256348875502        1.3736383528704501        1.9312390028467796        1.7753423700878850        1.6744324870519895        1.7519950213931061        1.3552404576549071        1.6655350460245684     
  0.26610575747180337       0.33750390685693116       0.61843230649380043       0.59013967992195560       0.65834129271496311       0.81966630464483792       0.59176638539811699       0.67629758035134080       0.65044186409822957       0.62108908179564648     
   1.6100234243217240        1.4265784559153976        1.8127456624305260        1.4594366827745755        1.8039226450763917        1.5426790779284059        1.4263991437345345        1.6308182523417918        2.0324345726895539        1.4273864355425669     
  0.27771166707119177       0.35500538587708536       0.63371392069274235       0.60151425426424043       0.67412760890084944       0.82773732655274779       0.59789497141623515       0.69040170406643531       0.66310811532330394       0.63508571849397688     
   1.9823366821162551        1.7169035220703797        1.7251541348520318        1.5019589987671331        1.5723812965013531        1.3682588286251656        1.5085520830192909        1.9133316299607734        1.5854657872049558        1.5711010302168307     
  0.28926724385365105       0.37399889420909072       0.64998213946377770       0.61233894324970006       0.69110456846647483       0.83508575680898323       0.60366388304423391       0.70400182113498300       0.67411737029430940       0.64831954080838805     
   1.6545882023445719        1.4063416828048974        2.5702947127499010        1.5993430364361496        1.8181254191080658        1.5890680777948525        1.5521312953371935        1.5977583572280394        1.4545783991484986        1.3747533254745250     
  0.30096252232196236       0.39343005783369706       0.66604092896584866       0.62309096871279890       0.70858827398452184       0.84279984161790666       0.60925914078491228       0.71753489517753966       0.68536945316647835       0.66531202320029736     
   1.6150621889494745        1.7244790626106188        1.7442244242195875        1.2015081126015685        1.7795401988185973        1.6484711367007445        1.9209630744449164        1.7303992544125579        1.1941813441661289        1.9462220412585303     
  0.31318888368045861       0.41369871795927260       0.68143050650001513       0.63539655795687189       0.72763109985570906       0.85079069482204328       0.61489232647197956       0.72826045569063136       0.69706885680005459       0.68230179294447879     
   1.4841070795454796        1.3437168932321377        1.6407769977752311        1.7617856981015365        1.8365150325620068        1.5666080241768492        1.5126295134268553        1.2787630045273106        1.6052794048736090        1.6889954341387339     
  0.32596946515584996       0.43803254404479935       0.69650682570659528       0.64875871895913384       0.74559925394450755       0.85913064594664879       0.62085746894582650       0.73858109142491601       0.71032313947090697       0.69883241843563804     
   1.6606094868783310        1.5958046702436532        1.4893766009749481        1.8952874323940596        1.4482125865535971        2.0924225278089943        1.5949351707941681        1.3530505965924453        1.7608064984019682        1.6627318854045483     
  0.33913036855186179       0.46218810189803106       0.71161677729155015       0.66133356865340021       0.76339581566907577       0.86735548054717837       0.62754153870402507       0.74885279103904923       0.72612061547987283       0.71571071577962631     
   1.5904195390878408        1.4711481094698498        1.6075893436473727        1.6347315813920866        1.9668976113686529        1.7374613211042678        1.7018524389157221        1.6410443595901987        1.7668370115123002        1.4219918574918298     
  0.35242476445201132       0.48619613314919535       0.72710325303853141       0.67357911369989021       0.78006432742656229       0.87528012724720772       0.63440231584385132       0.76003655498329492       0.74255053484203271       0.73242179439540134     
   1.6008326029884321        1.5709745261521932        1.5556482056327043        1.6150074643381764        2.0158311561822329        1.5862692725372922        2.2107157226580472        1.4923153939019458        1.6724079534715466        1.9362237839103245     
  0.36566627725214840       0.51024502708831443       0.74316039566298786       0.68639884020684871       0.79482322552903650       0.88299990245516957       0.64090892830710910       0.77425544099488863       0.75903940878428378       0.74847244820959180     
   1.7426623276728275        1.4539769443742721        1.8291007569034627        1.5205032096867166        1.8150688021016796        1.3649357944584513        1.7850719557154306        1.7038951262445496        1.2966561843340845        1.6044644889962447     
  0.37887789301782926       0.53448266668233402       0.75952874537824144       0.69914257597234053       0.80975892424786600       0.88945180276253488       0.64749238267728826       0.78910888545610491       0.77566874167658517       0.76368199679992710     
   1.4232630510132860        1.4761355851134761        1.8430864413327004        1.7793199831739881        1.9610358937705821        1.2796993834016348        1.4287129130933534        1.8877873746121676        1.2392528018257472        1.8548120576924088     
  0.39241060343880652       0.56039988993543899       0.77750820794180164       0.71128312452822284       0.82445576324297731       0.89531776921727169       0.65436597087316017       0.80325609047551394       0.79303926565466309       0.77847583044274393     
   1.7140246890943442        1.9471737152484667        1.7834765762940152        2.4209034778649716        1.5435029719105000        1.3250338064206895        1.3356736401769169        1.4143611892204431        1.3875421719492498        1.6358676623295945     
  0.40691781116566783       0.58859400013405327       0.79602872771547473       0.72271641616861249       0.83923743163348985       0.90101988698473323       0.66127112102637819       0.81731882582891924       0.81106861810182451       0.79284676807574417     
   1.5118137216241323        1.4961332105793499        1.9277277345735762        1.4675481255809113        1.4813960838802360        1.7193058208889371        1.5096222421456189        1.6990135672018345        1.5044263176622497        1.5012785091283460     
  0.42321626629962783       0.61990578826105369       0.81200791507390135       0.73496627162887840       0.85435001621680062       0.90602172701123329       0.66922197248508064       0.83098187699115345       0.82886885655165465       0.80864655124470619     
   1.5804980534238551        1.3889985074645645        1.5628517348261590        1.7650137848480973        2.0204532451942585        1.2320118685428829        1.5852588255529987        1.3595973448775640        1.6241734534330274        1.6647011669325509     
  0.44039972230081154       0.65054899591202664       0.82864409328173783       0.74724307106443066       0.86999784695978422       0.91244535548225048       0.67736482332853276       0.84482710165095665       0.84638104033111583       0.82517505705858796     
   1.2210485885870823        1.4333423916388328        1.2897045370273774        1.8762880638614112        1.4805454012720527        1.5937300500257807        1.6024373972431167        1.4686947529625791        1.4784519995552832        1.6924488280584653     
  0.45822256068985945       0.68216730060191233       0.84301671724194860       0.75988591604825584       0.88204935116307459       0.91997213624248220       0.68571215607261571       0.85906522102301153       0.86390624488339396       0.84112656363420546     
   1.3871678852060692        1.4027768255873967        1.5586029823798333        1.6090493310655438        1.4766552424278612        1.7195628443952478        1.6513469713052755        1.7161344352690115        1.9171044641313797        1.5619955577858202     
  0.47706763405652725       0.71475720707972334       0.85755526474898525       0.77335986442311955       0.89204527242750831       0.92653928111315786       0.69386088223746067       0.87258406478644679       0.88086066816201225       0.85548468583015091     
   1.5883989460768868        1.4339199713406601        1.7020035815412116        1.5479602411554376        1.7682030047606863        1.7443845546290266        1.4853852486075820        1.5271614519858585        1.5033111639598822        1.7482039973363166     
  0.49808054425250342       0.75249742020682531       0.87232428020003849       0.78673212075208332       0.90204734293180910       0.93253325880638593       0.70250011424619718       0.88617101846201740       0.89469492911598514       0.86777181934411529     
   1.5931932723327071        1.4070746854671980        1.7179290454384288        1.7242045347861219        1.5449782559239944        1.9876938905012438        1.9629452627821180        1.7239250833951445        1.6657333293432988        1.6465506200841831     
  0.52134854908757133       0.78959252560980353       0.88858331598892748       0.79927385430465814       0.91241287507956803       0.93860064298079970       0.71057063783181162       0.90012057650291577       0.90600268599275025       0.88228155093916327     
   2.0097971558250340        1.6645184226642757        1.6243015728710204        1.5334617554984826        1.4354808746573828        1.7777964369545847        1.6049357283804995        1.5411392621252775        1.3765840923187593        1.5332794305891504     
  0.54633291847471077       0.82728095591427908       0.90444629951267197       0.81238275470728716       0.92464733191714088       0.94462724596844549       0.72037873310303557       0.91398532330269688       0.91805391318307117       0.90005755396924791     
   1.2291839598633614        1.6790599756188527        2.1590595498825191        1.5281536866966468        1.5556605975135820        1.6327492267448149        1.7719671738895226        1.6308598137401467        1.4878148763519476        1.5976907547687720     
  0.57354517238857516       0.86509742408288637       0.91873646136255982       0.82611182528847094       0.93551668396006904       0.95184152931378974       0.73031208413472704       0.92919938462434415       0.92964520196941935       0.91775059244505119     
   1.4849853985884058        1.6835032865989372        1.7319273834648778        1.6062785146260925        1.4249768233268878        2.1676204281110834        1.7639491761679129        1.6698751670845717        1.3469022682047260        1.7840468707875898     
  0.60825313835267414       0.89993291090453698       0.93264213183339550       0.84731175734757658       0.94705479877686083       0.95914903843918020       0.74315540549259163       0.94340275066712398       0.94512628471507387       0.93684848659814568     
   1.5064385563730265        1.9220548354060287        1.2677467979692743        2.3779859192302424        1.3521576215058762        2.4670546805157172        2.0823777087056698        1.3068477135129812        1.7276187696620666        2.0910232141317855     
  0.65144226798079741       0.93353731394969519       0.94892984674214464       0.86835467266743949       0.95930400069161370       0.96810855104971938       0.75723451674491493       0.95668368727155206       0.96062674759030386       0.95419893870395822     
   1.5963230138627993        1.6555867824505526        1.8410418464301428        2.3515537363108705        1.4309060337021051        2.2047666030371942        1.6609024272422741        1.3738732039264423        1.4668784665949444        1.5293339042330774     
  0.71327059863540687       0.96061695910792422       0.96523297183381052       0.90021000658106820       0.97104099947090305       0.97719744441990009       0.77364732360148458       0.97005501920555659       0.97560570873784380       0.97033999274796912     
   1.4363464685842113        1.6654628676186529        1.4212983879253487        3.3981750125485970        1.5271124012313932        2.0911445269998548        1.8621972283915456        1.6000079507675682        1.4571511741332817        1.5985022341785013     
  0.82002080911637931       0.98111892916154608       0.98241791668179534       0.94823036400771898       0.98537950047618061       0.98850606961875376       0.83283130042343800       0.98444964849490446       0.98794115047914366       0.98541842112682820     
   1.6721592851285523        1.9832259108514223        1.6990099602119597        2.7711941554810253        1.4672090473413537        2.6010641446851626        3.1296711560852093        1.8182721048266897        1.5788902149218287        1.7153801227439194     
   1.0000000000000000        1.0000000000000000        1.0000000000000000        1.0000000000000000        1.0000000000000000        1.0000000000000000        1.0000000000000000        1.0000000000000000        1.0000000000000000        1.0000000000000000     
   1.5869838808184402        1.5358490816420356        1.7358236126278339        1.0451847419298825        1.5022437410046789        1.7940699821043891        2.1704185089526256        1.5103935941371824        1.5143970566565332        1.6648991051350630     
   15.568163287875082        12.887017446892516        5.5071142856786679        1.0670701090431909        12.406404953784889        1.8261937165560449        18.752269478178892        6.8682414109206276        4.9297475715640910        9.4387855948630790     
   6.6680411226509779        9.3589660886789243        13.767786615232858       0.26574660180836962        6.4023342569416801       -3.1632501132942896        9.7440570838521339        9.7897078480406865        6.4489450580696861        7.4153720320311240     
   5.0310367282792834        6.1392031031075325        7.5740005834850885        8.6211635306173715        6.0892911884576986        3.6956244237860409        7.6997249278511486        10.298885608396439        5.0327258761487412        6.8522765334250337     
   7.0559351190314734        6.2149062817595002        6.0017385444364511        7.0258741600800638        7.2045318039195809        3.1014208081960177        10.678688787370202        11.437177239680954        8.3724531153551620        8.9947194159109678     
   7.7395962768492614        5.3468323065929866        13.511629790543388        11.059854928829525       0.62933863859632289        5.0597336133670510        8.6815573686085106        11.537256679827966        9.4230812884668786        10.053822780034944     
   9.6501628566066167        6.6660672584148228        10.387496480306311        9.2365003884170882        6.1735385488351344        9.9954959415437852        9.2348485316153237        3.8409536406891065        9.6822330171254798        11.855452295828327     
   5.0409843649682058        8.8133783471425300        10.121244631924096        12.507719243372133        11.714525562993646        12.582118616934196        9.8698662648191657        10.970585812934932        8.1860271077452378        8.5733571476585819     
   11.910780836601457        8.5000252678761807        7.2849078332037731        10.730186583093179        16.005838243130864        14.208410574280840        6.0538591131651200        6.5065676383764561        12.866007523345749        8.9201503656058030     
   3.2133966786928294     
           1           1           1           1           1           1           1           1           1           1
   1.5047723974121812       0.71086350185126645       -2.3439329669852167E-003   8.5064519210888108        3.0549116878279412E-002   4.7655755034452681E-005
   1.4726941256290912E-002   1.2423863316835187E-002   2.3002911073264853E-003  0.16205940491219684        2.2997973411310901E-003   3.2051487595582392E-006
   5.0000000000000001E-003   9.3077028554329466     
