   0.0000000000000000        0.0000000000000000        0.0000000000000000        0.0000000000000000        0.0000000000000000        0.0000000000000000        0.0000000000000000        0.0000000000000000        0.0000000000000000        0.0000000000000000        0.0000000000000000        0.0000000000000000        0.0000000000000000     
   7.0420984974707834E-002   7.5826633719318082E-002   6.3357324852808929E-003   1.6931832869178737E-002   1.7131151688956851E-002   1.0086580191804062E-002   6.8241077029308978E-003   1.5112054042278732E-002  0.20223027222771522        4.3114991953835557E-002   4.7084114732240542E-002   2.0460317514734625E-002   1.2927699422837780E-002
  0.23975297736406170       0.23975297736406170       0.31384287159589769       0.32906753512214709       0.32020398029176700       0.25577999491515108       0.31352678611933793       0.28721417451701786       0.23975297736406170       0.23975297736406170       0.25288330725908442       0.25591314161799150       0.33782815754764828     
  0.14084196994941567       0.15165326743863616        1.2671464970561786E-002   3.3863665738357474E-002   3.4262303377913701E-002   2.0173160383608123E-002   1.3648215405861796E-002   3.0224108084557465E-002  0.40446054445543045        8.6229983907671115E-002   9.4168229464481085E-002   4.0920635029469250E-002   2.5855398845675559E-002
  0.24116539481591923       0.25417420895287413       0.29670156077110199       0.33127147415058111       0.32915390227061464       0.31992145719666787       0.33856523637141522       0.27017560647394540       0.23975297736406170       0.23975297736406170       0.25288330725908442       0.25747843715094626       0.27220625360488410     
  0.18495046024565698       0.19276753279013525        1.9736878521963080E-002   4.9355713743401766E-002   5.0545577314132853E-002   3.1054653852254394E-002   2.0359304374120164E-002   4.6092877178872380E-002  0.52347552189870150       0.11403961084579883       0.12493815069223173        5.6863968353208103E-002   3.9068693283024668E-002
  0.25288330725908442       0.26786018965622815       0.29399586286489443       0.34359103199502156       0.31242068361651953       0.27929830581569781       0.31458921176301863       0.34716193153383557       0.23975297736406170       0.26821325875755109       0.27177647504076852       0.24259754355491128       0.29301291683706809     
  0.22905895054189826       0.23388179814163432        2.6802292073364375E-002   6.4847761748446059E-002   6.6828851250351998E-002   4.1936147320900660E-002   2.7070393342378533E-002   6.1961646273187301E-002  0.64249049934197267       0.14184923778392655       0.15570807191998237        7.2807301676946962E-002   5.2281987720373777E-002
  0.24277532086022033       0.34334283137775795       0.26959592940217070       0.29686235043288106       0.31034847823033845       0.27381215009353743       0.29723555240598304       0.30066778380234171       0.27099554815247201       0.27179429837689856       0.29484011055620901       0.26858057016290982       0.29112999823362817     
  0.26214592708951934       0.25939003552077711        3.4064253693077452E-002   8.1035343435083701E-002   8.2949516853279670E-002   5.2307897710604380E-002   3.3750536056536065E-002   7.6771332109376172E-002  0.66309738180103339       0.16084065288128965       0.18226830103670866        8.9881920750301103E-002   6.5303780037834713E-002
  0.25960325009602692       0.28119093751469432       0.31250143774872902       0.35797940578862314       0.31003318910550803       0.25809407054137651       0.32771495513961102       0.34011088872891820       0.23975297736406170       0.26155520587100867       0.28469568436950310       0.26071181295068263       0.32013923055387888     
  0.29523290363714039       0.28489827289991987        4.1326215312790529E-002   9.7222925121721329E-002   9.9070182456207342E-002   6.2679648100308100E-002   4.0430678770693604E-002   9.1581017945565030E-002  0.68370426426009412       0.17983206797865275       0.20882853015343494       0.10695653982365524        7.8325572355295664E-002
  0.25026946642235781       0.29389233607923648       0.30597902521156961       0.31042867124679246       0.27760550710936110       0.27773016565215503       0.31642124938640226       0.31141611878747177       0.24622474499494448       0.25315170901629802       0.28624633217357137       0.24297375831557552       0.28953372064880262     
  0.31435433816939429       0.29458239403747172        4.8540035543962495E-002  0.11532224996325272       0.11574614625629578        7.4293616016560399E-002   4.7626621793832521E-002  0.10747751252423393       0.70218570585996420       0.19329418405671620       0.23423994520848945       0.12740079730442333        9.0053302976995514E-002
  0.26852100443588828       0.29094176431710955       0.31539188049235983       0.30864928025149918       0.31528721261534220       0.25288330725908442       0.29725258283469891       0.30537985357623321       0.23975297736406170       0.27834387256113630       0.33155194002608290       0.29438493758906470       0.30494152636438998     
  0.33347577270164824       0.30426651517502357        5.5753855775134455E-002  0.13342157480478409       0.13242211005638421        8.5907583932812712E-002   5.4822564816971446E-002  0.12337400710290283       0.72066714745983429       0.20675630013477964       0.25965136026354396       0.14784505478519142       0.10178103359869538     
  0.27039043620150272       0.26200139747884255       0.30869393755712460       0.31830059763968094       0.31716913406835179       0.27790522553899522       0.29881336362036837       0.33565428828491761       0.23975297736406170       0.33043027585145485       0.39800715770868117       0.28134063910511065       0.31067561447311159     
  0.35209636650603560       0.31393806675889518        6.2581734206476544E-002  0.14759194716951957       0.14999009015341225        9.7718271008607985E-002   6.2133561597253320E-002  0.13511913611649895       0.73806158403694333       0.21622782898751508       0.27928814816148628       0.16791945867131053       0.11780807653974879     
  0.27120347807903705       0.27686107047023639       0.29643628486928653       0.29124015227211986       0.28459003901553087       0.30126388427353434       0.32890721411117907       0.30939672763648957       0.28588270045017361       0.34714493803973262       0.32594855445030457       0.26629004117506744       0.36415952300387122     
  0.37071696031042300       0.32360961834276680        6.9409612637818641E-002  0.16176231953425502       0.16755807025044031       0.10952895808440326        6.9444558377535201E-002  0.14686426513009507       0.75545602061405237       0.22569935784025050       0.29892493605942855       0.18799386255742961       0.13383511948080218     
  0.30090905704095622       0.25500499256822412       0.25258739788175716       0.26669087741333958       0.28176415110331604       0.35526892148551964       0.28119620633031311       0.33084270872604982       0.30743788562018420       0.28176540321033977       0.31678633646956983       0.28302965726707835       0.30273572413412791     
  0.38872502498059824       0.33282214882206573        7.5506010210075275E-002  0.17329914816418182       0.18629049364468986       0.12097461441221632        7.5838768057298667E-002  0.15668321656509410       0.76995690509007586       0.23452766227620098       0.31478982542743195       0.20774118247355039       0.15012090546959997     
  0.28902220898874803       0.25288330725908442       0.27635545442143838       0.25824330259175582       0.27002434346725074       0.26836414493198746       0.27091190392144404       0.25288330725908442       0.27374653353137729       0.32508130800493307       0.29090149129154325       0.28360328373137372       0.31521529179391189     
  0.40673308965077343       0.34203467930136472        8.1602407782331909E-002  0.18483597679410863       0.20502291703893943       0.13242027074002941        8.2232977737062146E-002  0.16650216800009315       0.78445778956609935       0.24335596671215148       0.33065471479543529       0.22748850238967119       0.16640669145839776     
  0.31478033337126299       0.25748335627839769       0.30364467460553446       0.27677739565286263       0.30711830864188577       0.29152171775849650       0.25333380413772488       0.25831069175660448       0.26738127071639867       0.27468576132709682       0.27044826705384173       0.28811580553354238       0.30630251887830179     
  0.42487351817648988       0.35146477964481826        8.9089480832073215E-002  0.19634861216577754       0.22302612018360041       0.14411585311865682        8.8868798864636736E-002  0.17611452590352503       0.79369948412404434       0.25326827726728118       0.34857263858687382       0.24799577079753643       0.18279187732150903     
  0.25596871489362588       0.27651592851777557       0.29371390304874145       0.28678051441519370       0.34276237576478985       0.29748512026607338       0.31039406005536213       0.28134063910511065       0.27931852769843213       0.29763355886336051       0.31450595879577659       0.29553945692801931       0.34950532710218768     
  0.44301394670220640       0.36089487998827180        9.6576553881814520E-002  0.20786124753744645       0.24102932332826135       0.15581143549728427        9.5504619992211326E-002  0.18572688380695690       0.80294117868198944       0.26318058782241088       0.36649056237831235       0.26850303920540164       0.19917706318462028     
  0.27315229164327481       0.30211763483020904       0.32189007405275405       0.25755035495131928       0.30540395151458366       0.24177164989922886       0.29761122282520741       0.26735387968934193       0.27471634431308745       0.40261750906601373       0.29401328425302303       0.28134063910511065       0.28780753942995335     
  0.45401200621223831       0.37051077121741349       0.10437682364251966       0.21879584970745725       0.25818097846193566       0.16791907935455949       0.10288096017216340       0.19444331390218045       0.81143395839097232       0.27198696885005369       0.38574650373340735       0.28776900617511247       0.21464169638806085     
  0.29090149129154325       0.32885400183552144       0.27824520247664969       0.27237055486816736       0.29529523552098269       0.27647360793858622       0.34780770375872744       0.29447422774114368       0.27606778461806564       0.32244745063344610       0.32298632458165882       0.27301162266487766       0.33481904219955738     
  0.46501006572227022       0.38012666244655513       0.11217709340322479       0.22973045187746802       0.27533263359560994       0.18002672321183472       0.11025730035211548       0.20315974399740402       0.81992673809995520       0.28079334987769644       0.40500244508850231       0.30703497314482331       0.23010632959150146     
  0.25288330725908442       0.32762625457581374       0.31716975959873561       0.30986738996269503       0.30846095616085006       0.29682102920945475       0.28227673488127158       0.26673273380536722       0.28470917987061367       0.32757102500113189       0.35339887543425097       0.27833046979668497       0.30463414927637983     
  0.47413238263770108       0.38905958673303920       0.12004933398413954       0.23957851496933386       0.29279739208678407       0.19284413367536521       0.11724575561635775       0.21320993268897434       0.82734174292805718       0.28886093832756632       0.42262666727251419       0.32692886659938947       0.24438071830576411     
  0.26923434070359231       0.30235875623647318       0.33986461162515980       0.26473468917551624       0.30601710529252951       0.28196466759590827       0.28869314656992945       0.29905864902386547       0.26517411530441443       0.33022519877055351       0.36866843659267373       0.31775888529520541       0.27112719132850882     
  0.48325469955313199       0.39799251101952327       0.12792157456505429       0.24942657806119972       0.31026215057795820       0.20566154413889570       0.12423421088060002       0.22326012138054466       0.83475674775615905       0.29692852677743614       0.44025088945652602       0.34682276005395568       0.25865510702002675     
  0.23975297736406170       0.30481621871807735       0.26380359590968711       0.28134063910511065       0.29984853850360049       0.28671076833565606       0.32264806114843414       0.25563220758079302       0.32065271733648215       0.30101259133832653       0.34239484024862477       0.28681178808680136       0.31733661316985051     
  0.49333793740860998       0.40703067437413265       0.13902152501085835       0.26614087173576118       0.32421739922375359       0.21862768573821009       0.13365552777433770       0.23436450234263134       0.84206035295692383       0.30441780953292685       0.45419329888860682       0.36241062374994859       0.27191799491823032     
  0.26761162572154407       0.30474331725118087       0.31391492826377343       0.27903519673763960       0.24385655158686928       0.32218667760218711       0.29983353340293539       0.27423432731676750       0.28087562504036073       0.30950974748719756       0.28892373566317503       0.32006156218844989       0.29730195054582281     
  0.50342117526408792       0.41606883772874209       0.15012147545666238       0.28285516541032263       0.33817264786954893       0.23159382733752448       0.14307684466807535       0.24546888330471806       0.84936395815768861       0.31190709228841756       0.46813570832068763       0.37799848744594150       0.28518088281643383     
  0.27012705766437523       0.28250367137315896       0.31954495196101501       0.37523299181282921       0.28559344750233745       0.27600897462118096       0.28865508057909223       0.26787443039284575       0.28849322190071613       0.30597179739286667       0.28385002939682291       0.29681902393493537       0.32220154290965569     
  0.51361326462601287       0.42486959763994708       0.16678412400709089       0.30001824569036789       0.35315905033009315       0.24380379323816098       0.15523388261562515       0.25656633289153552       0.85482024838320081       0.32004798289068570       0.48148084478235104       0.39621882858037044       0.29731093697617361     
  0.25520165115161242       0.33645763470756929       0.37663244986956440       0.32941473293099349       0.26955388577830292       0.32223237362486001       0.39836788642555671       0.26325872481336277       0.28735931131516429       0.34556463105948509       0.36960079154242215       0.28332517694160514       0.29293309799693557     
  0.52380535398793782       0.43367035755115207       0.18344677255751940       0.31718132597041315       0.36814545279063737       0.25601375913879748       0.16739092056317492       0.26766378247835299       0.86027653860871289       0.32818887349295378       0.49482598124401445       0.41443916971479938       0.30944099113591333     
  0.25970950821101157       0.29665728467221447       0.39803944682867221       0.33517341161686803       0.28492085676418460       0.32125189427074841       0.29561429060732031       0.28149510213065776       0.26948117960659596       0.28785216033795924       0.30335661941295838       0.28830120255814484       0.26074470818472678     
  0.53280701782700168       0.44203798878274270       0.19882735049076281       0.33420706799546879       0.38358186201581174       0.26933395254419923       0.17928334374444815       0.27877138657290179       0.86405280408840890       0.33499843704436255       0.50920696488700401       0.42973866818765910       0.32216792151153095     
  0.32832231544855545       0.29721682279339479       0.41036175364864530       0.39900264091928361       0.29811756160130942       0.29255609038153785       0.34960142592612531       0.29545361865748854       0.29361654001815385       0.30507091567960687       0.30353076395253453       0.29795565407449165       0.30404865875837356     
  0.54180868166606566       0.45040562001433332       0.21420792842400621       0.35123281002052442       0.39901827124098610       0.28265414594960092       0.19117576692572141       0.28987899066745060       0.86782906956810490       0.34180800059577132       0.52358794852999357       0.44503816666051882       0.33489485188714851     
  0.27912514568678826       0.26868431828595796       0.35495314572638081       0.28781796683366911       0.31877739740258104       0.29321765375296444       0.31838419184221267       0.28022184169420478       0.30083859249709888       0.32381310239778410       0.30481540778590288       0.29849674826972467       0.29769363426286777     
  0.54901552011132526       0.45865427295393951       0.22756984228321728       0.36712729744728240       0.41449446467085499       0.29629649895192495       0.20274855309147910       0.30106710563583339       0.87115981800624764       0.34850512705077674       0.53604158663818358       0.45747750620330085       0.34720535959734511     
  0.28053690731169240       0.26575629317950311       0.33287658968539136       0.31867070841273670       0.33708987070356461       0.26323045029452374       0.29921510161000475       0.30963552188880034       0.25881629130301576       0.28921767566964485       0.30367165984469408       0.28609651874921854       0.28428399007410737     
  0.55622235855658486       0.46690292589354571       0.24093175614242834       0.38302178487404037       0.42997065810072388       0.30993885195424897       0.21432133925723681       0.31225522060421618       0.87449056644439027       0.35520225350578211       0.54849522474637358       0.46991684574608283       0.35951586730754165     
  0.29902179928862410       0.30135861370839345       0.36027145851353681       0.35281071945791359       0.30573000079344187       0.34300485874470860       0.29991216673739934       0.27100176111148194       0.28011029341191807       0.27394199573435879       0.28279636419157195       0.30211891756016546       0.30744006412689145     
  0.56325781696666399       0.47543093945288989       0.25681017976918152       0.39723349018586773       0.44553938100838819       0.32158846878710312       0.22704847557893568       0.32724987279905138       0.87834741959731422       0.36256075735595317       0.55837263435043893       0.48210431546360372       0.37202223465782602     
  0.27046498745861175       0.31552792347875491       0.34118459348498381       0.29886974468345667       0.32747985586381123       0.29219795873147558       0.35871103279756672       0.31872321290189065       0.30647802070215324       0.36373605555282712       0.25697860894612834       0.26001054803398055       0.27686041355309571     
  0.57029327537674301       0.48395895301223407       0.27268860339593476       0.41144519549769509       0.46110810391605245       0.33323808561995721       0.23977561190063454       0.34224452499388652       0.88220427275023827       0.36991926120612428       0.56825004395450440       0.49429178518112460       0.38452860200811034     
  0.28081765328259412       0.28642111705266921       0.32830352077844399       0.32133764315493729       0.27784050901437468       0.27772538273763769       0.26164319672458641       0.31307264931685913       0.28913883835945464       0.36715258443399457       0.33084293592518882       0.29531794428405966       0.31306725620447262     
  0.57772886315684968       0.49267680831838612       0.28717183351634190       0.42422354864284606       0.47654961076929825       0.34310647316750498       0.25275548811452936       0.35585104544159774       0.88580892414792611       0.37648949360271639       0.57723651956151112       0.50619625190053474       0.39781763879149562     
  0.26367996908600982       0.28234486390110780       0.33936546908940979       0.29607037939556147       0.38991999014592105       0.27563579109333447       0.32482079748239412       0.30121275162617522       0.31458661325842874       0.30115855700032373       0.28840549465889098       0.28689185398362582       0.28033056473474810     
  0.58516445093695635       0.50139466362453822       0.30165506363674910       0.43700190178799697       0.49199111762254405       0.35297486071505280       0.26573536432842415       0.36945756588930900       0.88941357554561384       0.38305972599930849       0.58622299516851784       0.51810071861994478       0.41110667557488090     
  0.30206443945301992       0.27523940132885860       0.34709441413021636       0.27889618018623291       0.31102369782457201       0.25895091438645174       0.30762088499493084       0.27085454882831195       0.32455251861002232       0.31031153256083893       0.26676302272476460       0.27422321315454851       0.31006071162690135     
  0.59337497346847701       0.51226463814884382       0.31468686384744338       0.44974591598565578       0.50649706566904207       0.36602617237038360       0.28037192693883045       0.38443434387355491       0.89297156706970937       0.38929195498810998       0.59688937424228361       0.52860504770515238       0.42568917852957233     
  0.30754965034997672       0.36101873794715306       0.40895268987818412       0.25280386860481813       0.27843600404351682       0.33557500816692842       0.28927944844179704       0.30038991524074166       0.34523247622413927       0.28347850808684044       0.30048624281020420       0.32484977938302906       0.27516385833643481     
  0.60158549599999767       0.52313461267314953       0.32771866405813760       0.46248993018331458       0.52100301371554014       0.37907748402571445       0.29500848954923675       0.39941112185780081       0.89652955859380490       0.39552418397691147       0.60755575331604927       0.53910937679035997       0.44027168148426371     
  0.27429472854336145       0.45691842655426806       0.32775733796584156       0.32681255256634600       0.29037503034711265       0.28574605053497137       0.34197599495873526       0.33544889647810461       0.27288883845333722       0.31468076108506482       0.31269105464444402       0.31089167322623518       0.28593012903028725     
  0.61264790112165524       0.53402789178410903       0.34105735398688808       0.47613562275334376       0.53470510640703151       0.39148245544859095       0.30738309814320847       0.41403358818081037       0.90022702950034295       0.40198943331864412       0.61756118034739294       0.55106859823919518       0.45430727712625629     
  0.27814707286916335       0.37327447940747360       0.33333025818150297       0.30248579338909548       0.29835447524092679       0.28744801055511582       0.27498997603840852       0.31888476422024536       0.27918086635400630       0.25687607946750918       0.26564330299183880       0.31200433875078581       0.30351694240431776     
  0.62371030624331281       0.54492117089506864       0.35439604391563850       0.48978131532337299       0.54840719909852287       0.40388742687146739       0.31975770673718018       0.42865605450381999       0.90392450040688110       0.40845468266037671       0.62756660737873660       0.56302781968803040       0.46834287276824893     
  0.26570450533116013       0.33243633705444259       0.25368971146843017       0.28506799257240895       0.29680537021329895       0.34259799044357009       0.32527895241812926       0.31514090418861995       0.31316027190416929       0.30580147089513027       0.26247430923048881       0.32052710883439189       0.35244037819672097     
  0.63603417088197611       0.55587892292038310       0.36838298638199879       0.50063368610171022       0.56339935675450437       0.41829514302491461       0.33331070091194281       0.44392438402161916       0.90716918196704355       0.41597667055719989       0.63813660551777229       0.57661751637066327       0.48269831379835432     
  0.37622270507607503       0.33678318091536558       0.36885856981670390       0.35001274741326976       0.36360745126400679       0.38978631562736971       0.30538391973958057       0.29736012344340257       0.24691817387150525       0.29616594746982094       0.34034135096315049       0.31699835497416085       0.32970128811078403     
  0.64835803552063953       0.56683667494569756       0.38236992884835908       0.51148605688004745       0.57839151441048586       0.43270285917836182       0.34686369508670539       0.45919271353941837       0.91041386352720599       0.42349865845402307       0.64870660365680799       0.59020721305329626       0.49705375482845970     
  0.30636492264411408       0.33696553914948596       0.29925027192608666       0.29674856206373651       0.27686107047023639       0.29439068885890718       0.28585621625501290       0.38516670763532385       0.35682218680227257       0.33877596831633289       0.29477025322596973       0.32925561998534275       0.29803816353806661     
  0.66034270720784738       0.57826252553723134       0.39863296056428948       0.52490340894750842       0.59357363195485058       0.45161357666985080       0.36381797884450207       0.47654421614410281       0.91371716250860446       0.43192502780197467       0.66042809502019528       0.60660446440993376       0.51501265457504464     
  0.34013888281017091       0.36094640020908064       0.25159048760390468       0.31382843589232939       0.29699647836662874       0.34259757506529748       0.29689584430994564       0.42282053041449807       0.31414349492697924       0.35104359739851815       0.29813583384504433       0.35254613587524691       0.33047203989922452     
  0.67232737889505512       0.58968837612876501       0.41489599228021989       0.53832076101496940       0.60875574949921529       0.47052429416133973       0.38077226260229879       0.49389571874878724       0.91702046149000283       0.44035139714992627       0.67214958638358246       0.62300171576657126       0.53297155432162968     
  0.38133542640882029       0.35127742366750553       0.31955679615744115       0.31509340929270385       0.37146369134557206       0.31874542130459493       0.28632304299425093       0.33227606823032130       0.29899960027130251       0.36622688316558227       0.32519519388494195       0.36940077467875798       0.31215949782622854     
  0.68293742003655722       0.59981592975361953       0.43480085830977527       0.55307631925611511       0.62242403218327613       0.49217801425465335       0.39842989425006803       0.51317167907295103       0.92048902562714496       0.44822048666396586       0.68320892685078793       0.63691866432249800       0.55383146851257647     
  0.34018288943906327       0.30353317875785452       0.33377290185675684       0.30113441391181994       0.29058421998923623       0.35244684438509100       0.30527994844705020       0.39204467038220686       0.28144357219459493       0.27637047614589799       0.30650987137535951       0.38171950509529973       0.38093792749861050     
  0.69354746117805921       0.60994348337847404       0.45470572433933065       0.56783187749726083       0.63609231486733708       0.51383173434796692       0.41608752589783732       0.53244763939711492       0.92395758976428721       0.45608957617800550       0.69426826731799340       0.65083561287842484       0.57469138270352338     
  0.33183682942107934       0.33966756931427128       0.28417967327097277       0.27638887954517088       0.29971658116318123       0.34921602934973572       0.30666895230722191       0.31107359032740861       0.40130026191995993       0.30620279584654564       0.26673273380536722       0.37319265974553989       0.33660283761518167     
  0.70516707019771097       0.62236672736079535       0.47347218805897939       0.58200805001489386       0.65146870428665327       0.53648622083070063       0.43374071690710203       0.55378885647703857       0.92727934996214745       0.46410371627005548       0.70569310361165372       0.66465892983853991       0.59537914395346203     
  0.36094034599780384       0.34726362084478296       0.30460698399331965       0.27953200363895508       0.35340950790013437       0.37700103176688232       0.31288450395531886       0.35542154538954684       0.32678116270759017       0.31355427245430989       0.27100376590511716       0.31972302863594287       0.39835068579502586     
  0.71678667921736272       0.63478997134311665       0.49223865177862813       0.59618422253252701       0.66684509370596945       0.55914070731343446       0.45139390791636674       0.57513007355696222       0.93060111016000757       0.47211785636210546       0.71711793990531403       0.67848224679865499       0.61606690520340068     
  0.32261247272636157       0.35428585251509953       0.33264329842718221       0.28345548703804724       0.30195483103611154       0.31227680137490910       0.32605492124174862       0.32282212142529387       0.29480032114545024       0.26030941013558845       0.32323467956050672       0.36776083255451081       0.29844110721422606     
  0.72788748577315421       0.64654196371584804       0.51176243071843941       0.61150710428292288       0.68153211843133188       0.58113849797229467       0.47088011472424784       0.59576498697075975       0.93379420068637287       0.48062216443730077       0.72902205783351548       0.69227333574129202       0.63678368841934418     
  0.35105598737372634       0.34647715999337758       0.36932728907055623       0.30711960387416709       0.32684304496495592       0.35031720193714500       0.32861372621824342       0.36499671860056981       0.30782445264924740       0.34606220672105970       0.34350344802188659       0.32854888451938274       0.30707348057921752     
  0.73898829232894570       0.65829395608857932       0.53128620965825080       0.62682998603331874       0.69621914315669442       0.60313628863115476       0.49036632153212889       0.61639990038455728       0.93698729121273827       0.48912647251249608       0.74092617576171693       0.70606442468392894       0.65750047163528769     
  0.33659629105631705       0.36544315745739586       0.28994642200879955       0.34075587668400159       0.30819826918286802       0.32156884174957684       0.30139157206479955       0.36401397090553961       0.29626229546460081       0.33725942460656122       0.29669351700403740       0.31412065844020165       0.35959606089532692     
  0.74967605344549049       0.67019622440492344       0.55007538881373763       0.64528634591231049       0.70977766787904706       0.62398563003440133       0.51213822042572221       0.63699026377405343       0.94018148554672254       0.49920724813529260       0.75104320760222487       0.71942549997268856       0.67767249179340361     
  0.33813571752547467       0.33361753831748520       0.28866697460712754       0.33700251529585318       0.25581157061436349       0.38714697306125351       0.38975797568418608       0.35409702235849949       0.43174859948529959       0.36985588446489653       0.29659900994227839       0.34576451952766030       0.34800769758804601     
  0.76036381456203528       0.68209849272126755       0.56886456796922447       0.66374270579130223       0.72333619260139959       0.64483497143764801       0.53391011931931553       0.65758062716354970       0.94337567988070670       0.50928802375808913       0.76116023944273270       0.73278657526144830       0.69784451195151942     
  0.39586609697592323       0.33724999529550548       0.36101051474500484       0.35079391751779304       0.34235997921473937       0.37265636451226197       0.29307582732329140       0.33530076404100306       0.38747650316295768       0.35119625337434485       0.31457310152052331       0.29150978643185271       0.34168336949765166     
  0.77014704483677754       0.69381018695488794       0.58498062259557027       0.68201092249435136       0.73807041874740320       0.66495750183982805       0.55798117520345092       0.68061929535988486       0.94638111214864440       0.52120825532005677       0.77201609599026266       0.74738506017568396       0.71834509939861202     
  0.38095079151981359       0.35900782792173519       0.27543147666662854       0.32418168312746820       0.33808565599729812       0.35142889468221039       0.31565141139694614       0.32833601011984259       0.34789270773649122       0.39429741836905169       0.31118524698134364       0.34450218656195875       0.36999244469655018     
  0.77993027511151980       0.70552188118850834       0.60109667722191618       0.70027913919740037       0.75280464489340670       0.68508003224200809       0.58205223108758641       0.70365796355622012       0.94938654441658210       0.53312848688202452       0.78287195253779263       0.76198354508991950       0.73884568684570462     
  0.35853146993782192       0.31256934083837246       0.25840938428241533       0.31470763341564961       0.28269891693275900       0.30658815756875696       0.37066888581609664       0.30736097852755873       0.37015858912053462       0.33540267147695207       0.31691396047665782       0.31603535442808067       0.34187993005592965     
  0.79020995795805260       0.71767091662092608       0.61955240079142437       0.71768056154590854       0.76666077011237355       0.70407229866702747       0.60521729822823600       0.72456218175443077       0.95245478416950458       0.54558550444627252       0.79697368194752582       0.77834441583236202       0.76133972317540466     
  0.35823681168007332       0.34148620814902958       0.27667640268142374       0.29717057576001360       0.39158929754285160       0.36227380169965340       0.28977335728206599       0.31867430948442171       0.33997392791968595       0.36979378200949281       0.44834939780016220       0.33217160613006963       0.32987727747142320     
  0.80048964080458540       0.72981995205334371       0.63800812436093246       0.73508198389441681       0.78051689533134050       0.72306456509204686       0.62838236536888548       0.74546639995264152       0.95552302392242694       0.55804252201052040       0.81107541135725902       0.79470528657480466       0.78383375950510470     
  0.32220322708979726       0.35681442427990251       0.27882139714155635       0.30850627812375070       0.32426950735144849       0.29681730891950414       0.33551764134522777       0.35029647389555768       0.36312392276926986       0.34102918117874181       0.34970807429704648       0.35656791399811782       0.36433307768497558     
  0.81085079325730014       0.74307470903887429       0.65739303182474018       0.75123062795470741       0.79505628048237953       0.74078993454202324       0.65160219275569031       0.76511413428395891       0.95860353272239984       0.57081194427930160       0.82450201889185015       0.80946716063677693       0.80150017158653342     
  0.37558224200686458       0.36525400311347322       0.35107509974434109       0.30005795383017569       0.29712219130924267       0.35706630015448432       0.34296580469640325       0.31574401687166459       0.35401104679594830       0.32043065892235800       0.29674528761588675       0.32331932918525336       0.32697280250289684     
  0.82121194571001499       0.75632946602440487       0.67677793928854790       0.76737927201499812       0.80959566563341845       0.75851530399199973       0.67482202014249526       0.78476186861527619       0.96168404152237286       0.58358136654808268       0.83792862642644117       0.82422903469874931       0.81916658366796213     
  0.44040992607385454       0.31820139160251393       0.27565833720615335       0.34851444576721763       0.38451494456278623       0.28368052100084784       0.31855944630704897       0.34805117912151756       0.40191804632880618       0.38598428423871878       0.31787380004773474       0.33146712121360017       0.27415748663535505     
  0.83227229110216672       0.76985809247840375       0.70225365646144089       0.78661375451260651       0.82260453740627337       0.77737462683774394       0.69783879810569061       0.80344161429262306       0.96455211117176454       0.59629493076985840       0.85145674722785358       0.83711424837171378       0.83703302854375872     
  0.35704970998795382       0.35838748376072416       0.35266974328988243       0.28978074384198343       0.27317658190379651       0.41865713832909052       0.32206619643871393       0.28191127093577756       0.42194831868481564       0.30848579688923550       0.33738757989226859       0.33853369220042201       0.43001891722869445     
  0.84333263649431844       0.78338671893240275       0.72772937363433388       0.80584823701021491       0.83561340917912819       0.79623394968348826       0.72085557606888595       0.82212135996997004       0.96742018082115633       0.60900849499163423       0.86498486802926589       0.84999946204467836       0.85489947341955530     
  0.44964752024131377       0.30025464243552646       0.31412258774568647       0.35163394508876022       0.33330345970347663       0.44414913513458754       0.29343965249219317       0.38153091693476388       0.33428731102385484       0.33794507282819242       0.39591759065223153       0.33097468601543206       0.36294290232181131     
  0.85379049940622398       0.79622810256575849       0.75492804960149007       0.82492037521363071       0.84933025138779583       0.81810069061729807       0.74357484824500275       0.84110944406586330       0.97045126806408177       0.62233300731963515       0.87840845398458667       0.86427246085303566       0.87262246473207705     
  0.37515113767465252       0.33212062441766271       0.30510224116954926       0.34199831016304805       0.33172284076408420       0.32041702619313234       0.31646772366617915       0.32408886742897253       0.38728972987560983       0.33912878759116871       0.36279210829511954       0.34412388422835655       0.32367483453743268     
  0.86424836231812940       0.80906948619911412       0.78212672556864615       0.84399251341704662       0.86304709359646359       0.83996743155110787       0.76629412042111955       0.86009752816175655       0.97348235530700733       0.63565751964763617       0.89183203993990734       0.87854545966139297       0.89034545604459869     
  0.34715907828161768       0.28091725810621898       0.33115140426793094       0.33367437855934018       0.35940484233184627       0.36862829614956566       0.33410455676991413       0.32775236016640868       0.45906311205926537       0.33211514798719605       0.39461350506550491       0.33656689314442945       0.29203072915910916     
  0.87779974976797082       0.82541856494968879       0.80796254834396564       0.86348813616191600       0.87873711773858743       0.86033807632725523       0.79237977067858201       0.88079465837479964       0.97618151070805859       0.65068638765205067       0.90577092853539509       0.89324317070741932       0.90660962038283044     
  0.40908480340308373       0.40055299958459728       0.32414330331293628       0.31986036434333948       0.40721770671690832       0.33086846681627324       0.28925306546049051       0.29731272643990442       0.36289967572121146       0.32748656992090691       0.36376633204183495       0.32667447746361411       0.31290780551409925     
  0.89135113721781234       0.84176764370026336       0.83379837111928512       0.88298375890678527       0.89442714188071137       0.88070872110340259       0.81846542093604457       0.90149178858784285       0.97888066610910984       0.66571525565646517       0.91970981713088285       0.90794088175344556       0.92287378472106207     
  0.51074866559224141       0.36849047277915237       0.31924181341411945       0.37569873943963145       0.33094967088967137       0.37116746937523826       0.31316543908616840       0.33326351900703943       0.39429713363241420       0.36511731258438607       0.34836999827897919       0.36643002820498971       0.28737645320584893     
  0.90633182389163747       0.86006794367729478       0.86198852898182921       0.90343711514832048       0.91127120913724002       0.89913414071916398       0.84818520886740523       0.91751999006938578       0.98201261048042321       0.68284985481532789       0.93385948907271676       0.92345113069104157       0.93520688608533287     
  0.41818505173609621       0.28254069123586739       0.33963451282945212       0.38277891078796689       0.37631198111924469       0.27982029404703301       0.32520217179116573       0.34432012997205669       0.43900018742686464       0.28756342275679492       0.31692102426467883       0.38589139064284977       0.29449910190135936     
  0.92131251056546259       0.87836824365432620       0.89017868684437318       0.92389047138985558       0.92811527639376867       0.91755956033492525       0.87790499679876588       0.93354819155092883       0.98514455485173646       0.69998445397419051       0.94800916101455057       0.93896137962863746       0.94753998744960366     
  0.40000174357539864       0.29179637937985015       0.29540859575413597       0.34910570487582693       0.35806406152333370       0.28038010841496086       0.37169124457899666       0.27266802096029608       0.45062608383985042       0.31625441207869887       0.47828404299345700       0.31115411773527035       0.26102869606175266     
  0.93814178793938496       0.90417986990444044       0.91670222227257547       0.94347409094713131       0.94376123853929217       0.93887245599962421       0.90567134646302927       0.95068178556788485       0.98874547188667417       0.74215870002423967       0.96030578901084795       0.95512527119749668       0.96124461031316366     
  0.40467938180076773       0.33050240534318531       0.29279445597648790       0.32015257287166737       0.29259767641922690       0.36071311650728932       0.28214674404324747       0.36413726482736164       0.42673924075243319       0.38307119141535434       0.31032262157454127       0.41659828776934799       0.28045588245207542     
  0.95497106531330744       0.92999149615455468       0.94322575770077777       0.96305771050440692       0.95940720068481555       0.96018535166432328       0.93343769612729255       0.96781537958484087       0.99234638892161176       0.78433294607428883       0.97260241700714523       0.97128916276635602       0.97494923317672366     
  0.36737490585811844       0.37527708410457394       0.27733364276226735       0.34883334005722788       0.29908740930611999       0.32478543732445492       0.36047248861481890       0.28039781194274860       0.37424205618369560       0.29139690063331714       0.31662923085998546       0.41432385195090421       0.27075164087542591     
  0.97748553265665372       0.96499574807727728       0.97161287885038883       0.98152885525220346       0.97970360034240778       0.98009267583216164       0.96671884806364627       0.98390768979242038       0.99617319446080588       0.89216647303714436       0.98630120850357261       0.98564458138317801       0.98747461658836189     
  0.38294854125889061       0.29987326206053105       0.28206923212160745       0.33299000188924366       0.36606240038632432       0.30293621459444703       0.32295742503605929       0.34106539890426102       0.43357876879945056       0.28983306962863853       0.26940587894941603       0.48638665165441469       0.28413359207995559     
   1.0000000000000000        1.0000000000000000        1.0000000000000000        1.0000000000000000        1.0000000000000000        1.0000000000000000        1.0000000000000000        1.0000000000000000        1.0000000000000000        1.0000000000000000        1.0000000000000000        1.0000000000000000        1.0000000000000000     
  0.25801388726809454       0.24982723362167164       0.29215150645164523       0.33222299886019874       0.29547496507675836       0.39055003489460904       0.33637397357685322       0.37026466356584470       0.26091497278840159       0.23975297736406170       0.28443267498488428       0.33484796152287427       0.34524832855512244     
   2.4328413266900339        5.9733038376238081        7.0037409799160795        7.4796316845114283        9.4926122490354121        8.7971902072200887        11.761263670574801        9.0361374826833636        0.0000000000000000        12.405690538154110        7.6305648965637296        10.107490266045053        8.0521770470546929     
   7.4873431489604245        7.3300525936241705        8.1556474213588004        8.0800007178968425        5.4982403054044164        9.2904675088156630        7.9536007729722424        10.359879971996371        0.0000000000000000        7.9722168255929109        10.308383965882024        9.4720250058426156        8.2496658802374512     
   5.9073363855507495        9.2796939261436791        11.394459678594808        7.6184064340222379        8.2193584630078291        8.9653517151257986        5.9820509639549719        7.1139076430287087        8.1338042083263620        8.2641503567733636        8.9033138355041075        6.4493035578119935        10.535454198569653     
   7.4518973589130013        7.9577655472142368        9.8917353469939133        9.2263110672899771        7.3272635798375925        7.0898443622078196        7.9594040575295644        7.6503897223329638        8.8389331644383251        7.4318750848904118        9.5849745058859579        7.6227588001637558        7.8772174725389430     
   8.7610417629930222        8.4609707334014637        8.3991322666384782        7.1141456150213918        7.9800641056823318        8.4420856993765714        7.5387051874156983        7.9271887565945987        9.1668592619735207        9.5379364221822662        8.6542716418285526        10.107825658882495        8.3601596760889407     
   8.9594083189015024        8.5023561340418414        7.6809674172790388        11.515404300615067        7.3200022993604872        7.8936625993370342        6.6695129127353363        8.3990392651589936        9.7195573183766459        9.6006141931796769        8.2250792705722624        8.1872216248733416        7.9757233039089224     
   8.2642568066112680        8.3481874446981585        9.2324624839576348        9.5171311788737452        9.9737147195814462        8.5406603394970730        8.7075855533899666        9.7341198941242677        9.8263404555960960        6.9089510423820117        6.0285267984309661        8.8120065695613512        8.8581474149011736     
   10.578112151982618        7.8116117182076295        6.8830770324866872        8.2796190423731133        11.658396732270377        6.8559877103208278        6.9402866491012780        6.4976635261722890        8.2266543792905917        4.4309201920904746        9.2199535374525219        7.1978091684408971        8.0572094787496109     
   3.1465234409460312E-009
           1           1           1           1           1           1           1           1           1           1           1           1           1
   8.7311795420700204E-009   7.8898037138673158E-009  -1.4778770398847412E-011   7.2715786598882426        1.0522511584972091E-010   2.7548125737687614E-013
   1.8224931069054482E-010   1.6311577128344889E-010   1.5900473902388811E-011  0.22525260352399878        1.5895608455980585E-011   3.9220622392025642E-014
   5.0000000000000001E-003   8.8953882686813941     
