   0.0000000000000000        0.0000000000000000        0.0000000000000000        0.0000000000000000        0.0000000000000000        0.0000000000000000        0.0000000000000000        0.0000000000000000        0.0000000000000000        0.0000000000000000        0.0000000000000000        0.0000000000000000        0.0000000000000000     
  0.23384291852876019       0.29245388457084404        3.2404777330705356E-003   4.7007836822564163E-003   1.6310289995563138E-002   1.3660165196097761E-002   1.7350901029507447E-002   1.6976893596624253E-002  0.59832865540737845       0.20114768124969035        8.7810752285405858E-002   4.2892793996258206E-002   1.3077786815933285E-002
  0.37199785336200880       0.40278514968242690       0.41806364973757465       0.36677166320026999       0.36449698362068444       0.41993388949645716       0.43661613898304930       0.42410610302532109       0.35328001389482905       0.31490149376303966       0.33340764955986285       0.37705113847465327       0.34266383451111510     
  0.33709069745745501       0.38768728610426151        6.6612322821854265E-003   9.2658640801146584E-003   3.2591273041427116E-002   2.5903339580969190E-002   3.3302334833856070E-002   3.3339483990438665E-002  0.67683137208444422       0.26540609760267769       0.14596266983083814        7.7006113368463081E-002   2.5273128458070969E-002
  0.32228179990788969       0.40432037170893836       0.51615634070332883       0.39727655666634049       0.39471509015412176       0.42519975920571146       0.38207854190022916       0.49005956175394599       0.44470093031526459       0.40330097611797322       0.46452214074955045       0.43371484817495509       0.32516521328941722     
  0.39728323044330333       0.44437231068390881        9.6262450957650403E-003   1.4935765734307355E-002   4.9201461889398168E-002   3.6047876747351007E-002   4.8162670414960175E-002   4.6213711646873046E-002  0.72674931383872821       0.29885196901708283       0.18535538422451592       0.10382308684847244        3.7521627057935221E-002
  0.37526336181639730       0.37651737846619748       0.48851519767904794       0.46334320727636308       0.41819730858087817       0.44452087397736845       0.41659506405801294       0.38845486253755668       0.39746902176356164       0.41869780384707944       0.45440456459523249       0.38810968379246391       0.38175548422705025     
  0.44065371208713938       0.48247095299705173        1.2304155476033909E-002   2.0251886432188580E-002   6.5404163151043609E-002   4.5800670465752910E-002   6.2627522003282282E-002   5.9461154641398888E-002  0.76314855102853874       0.32073880438950403       0.21711416783489118       0.12700552664908596        4.9489497038059445E-002
  0.43114769477847908       0.36384929684849593       0.46570400904284653       0.41440667465243958       0.40563568284307211       0.37291789677197157       0.40041889026746819       0.35668117937546950       0.38448733084486342       0.40808534533432050       0.41032195356884382       0.34267749761158600       0.39635561220598930     
  0.47800668208567099       0.51316006161713779        1.5022548768380660E-002   2.6228484772093517E-002   8.1471332474847627E-002   5.4781149854710609E-002   7.8077728913544753E-002   7.2992571077946822E-002  0.78819063049893223       0.33893900729431803       0.24347850487900119       0.14729242484232224        6.1765385084954799E-002
  0.41327695883117410       0.42792348899772270       0.36980427983716752       0.40519597897383847       0.37238959031805213       0.37777039174844290       0.38617440428045291       0.38639106812992335       0.32904900199529946       0.46772618769070251       0.46540640363527025       0.39450595332069327       0.33454538421619018     
  0.51144651467135205       0.54059160318296351        1.8094225470317055E-002   3.1962067699480463E-002   9.6523303551653575E-002   6.3213223788543452E-002   9.5231590316089465E-002   8.8684176356179575E-002  0.80672829493314535       0.35387182153294028       0.26596956600318350       0.17002995763128209        7.5172726039736432E-002
  0.41573871867403311       0.39929383039539840       0.36914002712716509       0.41247836923683551       0.39201562792509748       0.45070253218063472       0.50071501756019066       0.36510040864430621       0.39012139239291521       0.40987747140581271       0.41211036058832984       0.37136116800068031       0.33655320826417262     
  0.53661350256865581       0.56405681843283539        2.1337684694956647E-002   3.7600683292006956E-002  0.10943655792508419        7.1221857855019721E-002  0.11220491727907442       0.10513552136073046       0.82301831273530113       0.36761454822657785       0.28690596544513342       0.19430132624993401        8.7947546930130072E-002
  0.45652623457421182       0.39792975070996400       0.42144488301048710       0.40718848583701345       0.35909724100743923       0.38014115114347352       0.49144616838970351       0.39591946121158372       0.36484431503351700       0.41328602501651623       0.41065543594027948       0.36038745665010274       0.40973798312163373     
  0.55786135779132706       0.58454118601592486        2.4819185932399401E-002   4.3286018294596988E-002  0.11963779123461697        7.8846706742731018E-002  0.12984703536968575       0.12124543602280048       0.83729376604281724       0.38018780093224180       0.30551280963061372       0.21753400248651600        9.8965438562209920E-002
  0.39339694171650397       0.36390531111374869       0.43293347610899297       0.42472317347215421       0.35857681035672273       0.44522021544505064       0.37923130583384695       0.41006075690210142       0.40371421317811257       0.36441173695393381       0.36549095249430169       0.41999129413120462       0.39044907856078859     
  0.57631362051802593       0.59974042125640070        2.9447347919215404E-002   4.9424189898911765E-002  0.12975980848146929        8.6141547151284539E-002  0.14814573141380277       0.13808129713954923       0.84916001091496074       0.39083936252458035       0.32405395528603981       0.23912573551530983       0.11137081622319243     
  0.35110546825165206       0.36575032379454131       0.38624318686061909       0.35324508573751295       0.39043362512640656       0.37015695954072531       0.39007458749604773       0.37223398663035168       0.34488577572565571       0.36815838392917516       0.44214899381641459       0.46592363219475669       0.38564395014758857     
  0.59231519252305864       0.61425706745224595        3.4747678837628575E-002   5.4844069576087250E-002  0.14099393630306689        9.3917627998798048E-002  0.16629836755931482       0.15560205592601739       0.85913915868756496       0.39995578753752364       0.33978201116360784       0.26023354341366595       0.12517023313691228     
  0.31705682805700502       0.36988315855378290       0.46060841413505116       0.42835460353244847       0.47385877576100921       0.40100542593793354       0.44938996185777402       0.36583798465791911       0.37239355433984273       0.35864349716909183       0.37262777415523046       0.42341511027016776       0.38965495571236292     
  0.60696086843618702       0.62813372256501998        4.0144533772109595E-002   6.0342858124086803E-002  0.15441107973660520       0.10210136353539703       0.18395887687604234       0.17299497731093244       0.86724397550372179       0.40787846078897200       0.35693873063045861       0.28127484249970358       0.14154334272514654     
  0.34698529033643416       0.46722514589152153       0.41289476153959148       0.38079667284978180       0.39141489175936228       0.46105070926792907       0.42941985880596334       0.43828819743047143       0.43477415090944832       0.35880104380885963       0.37799967680434260       0.41078425071757646       0.45089815438370118     
  0.61973340988234815       0.64417721266369143        4.5093083932071530E-002   6.5952245592405534E-002  0.16939796171180105       0.11102917073720518       0.20115603984298058       0.18995860858256386       0.87420031013107058       0.41619767139493824       0.37348463192793191       0.30096091939578279       0.15695046978165642     
  0.38895287136074980       0.37580725254252301       0.41309436773468949       0.35148146413222997       0.42704673946281341       0.49139817838297434       0.43328061447214222       0.38339012768987635       0.44757698618955333       0.38597238770381975       0.41082660618515460       0.43473354055048286       0.44784817621982226     
  0.63199650602011859       0.66051978252764765        5.1008441958878790E-002   7.2356802308837911E-002  0.18419185235919752       0.12001972796974603       0.21740264289743483       0.20571158332648129       0.88024548993692575       0.42412124599894563       0.39068603359811443       0.32017204500507263       0.17170181738483201     
  0.36583815451230239       0.45682960628141084       0.39732526750081770       0.46757721078766412       0.43768043400342244       0.41639623930974567       0.37502363341347283       0.37461356213322677       0.37167436539045590       0.41067472010415013       0.41477578363200251       0.33056115193642471       0.40604729710401727     
  0.64374206894898045       0.67620951771814253        5.7531641946288396E-002   7.9604446587503402E-002  0.19786510391615006       0.12836312850736842       0.23222894135145308       0.22115535504054173       0.88600463417258113       0.43169105292124349       0.40650226835248970       0.33971946444227408       0.18654000955995986     
  0.36844290891611464       0.35391817296474787       0.37509028614773704       0.36435220078591302       0.35854367446945612       0.47186503509462713       0.38894489397284060       0.39098934047766831       0.37328789950655056       0.41963296315565646       0.37558501117074045       0.45590102153043727       0.37021658824788789     
  0.65542431099181742       0.68962285600807860        6.4516026413005759E-002   8.7898310609954428E-002  0.21110806418381267       0.13648989107257400       0.24638672500378614       0.23650108171111359       0.89165943473296960       0.43913409039157492       0.42046142589655755       0.35821189345331489       0.20122246168153454     
  0.41643717008103331       0.37133757160978137       0.38356226002805138       0.36880046376428427       0.38844910493308116       0.52576956338935765       0.35303962325592142       0.46501308098126254       0.40579033717860519       0.38540437756337514       0.34833859764420666       0.34966628537031813       0.48597210094655918     
  0.66565671769513723       0.70109152831305299        7.1513019349437199E-002   9.6741210861347779E-002  0.22499157183289242       0.14488413628484367       0.26227983815741435       0.25198499864428692       0.89731616049761986       0.44656617784225522       0.43335493040154549       0.37496453312865219       0.21494353222775453     
  0.37566354617108455       0.34414949037369968       0.42163251452126571       0.38029264930688400       0.41338264786346179       0.44566048597226993       0.38567728369851711       0.47362771795843356       0.36681092030383966       0.33235588630616703       0.40080892847090455       0.38778881232963236       0.39019288203009250     
  0.67734590273562267       0.71173783666274026        7.8546342175355666E-002  0.10423542188455662       0.24155185273695051       0.15336568380766383       0.27981133699110583       0.26520439037387611       0.90295596147203960       0.45401696894417082       0.44668827094326224       0.39080608529212996       0.22872254293308875     
  0.39106243147102404       0.39050168762795306       0.35265032150530268       0.40270343385410090       0.37142856057537538       0.46037005441923307       0.45359283421711427       0.36793272771521740       0.40688585255561582       0.42569359654185940       0.37087312031229464       0.39458605777510242       0.35687396052180220     
  0.68948240914025771       0.72240260212261131        8.5813974203973020E-002  0.11286915693318107       0.25747967718034881       0.16221803619984823       0.29635284427474623       0.27830882882825675       0.90812006703547621       0.46138645641720172       0.46064237812984893       0.40694685696984007       0.24337642252185773     
  0.34946860105690958       0.35380324323555690       0.35865858169430448       0.35775125509762884       0.38182890781165391       0.41910630164994322       0.43865862173944842       0.40072628994033427       0.38948174437541222       0.42427726980720387       0.38349154770823929       0.34228239378487085       0.40669672628950965     
  0.70081996275234093       0.73342281155316624        9.3889810033462515E-002  0.12264107692420591       0.27247343378272482       0.17113116621904298       0.31034250722631118       0.28867737368118884       0.91282015230354974       0.46877191957024306       0.47286785190321029       0.42264005206136540       0.25867024324696547     
  0.33668040496462609       0.37182286857174152       0.40777752232625319       0.40709217805656894       0.41483812625740196       0.42756123841132554       0.44384629146115923       0.37137690447892469       0.36441386994448305       0.38332596904789845       0.37014070974766416       0.41082717966208648       0.39003024635096728     
  0.71174833512364255       0.74435047418862488       0.10316544845490844       0.13302100743496115       0.28813110347275778       0.18034527198096775       0.32792286810072013       0.29999990260916748       0.91721217680711065       0.47614137960093084       0.48593175687111761       0.43789986967342998       0.27566992539100382     
  0.40382592491287694       0.41887080313463276       0.41826030484100779       0.39092485690215817       0.38840056603044093       0.37292893103672492       0.34558470830504090       0.35425758913140859       0.34327965962248252       0.36171028439023467       0.37632639310145694       0.39446725471279964       0.39745095482868448     
  0.72310344618615208       0.75441995335959222       0.11359300433253645       0.14407335173871166       0.30413974735582089       0.18877117114511863       0.34525904549554381       0.31145079697803790       0.92109143261405746       0.48317875244219499       0.49942652450234037       0.45376362044217855       0.29334134058436273     
  0.34619647773315859       0.41038373342660861       0.44448276116634000       0.37109515866001763       0.40405324171267554       0.42718149386154003       0.36915455913003625       0.35876794542667895       0.33493683743911751       0.37200351007709226       0.35532936017625066       0.40679901874723434       0.39435355749400297     
  0.73392654785016864       0.76361439207340287       0.12457255072806048       0.15499194847244355       0.32036328737577552       0.19641542871957748       0.36285400717827343       0.32346023004784991       0.92464955494156664       0.48954060025908741       0.51457095009856735       0.46983469345092804       0.31045177106653393     
  0.38874056288438147       0.34148757700016552       0.36733083428023594       0.46878408122994097       0.39861511317857923       0.36125870123992632       0.36737301033138869       0.35095636213065851       0.41723208263138617       0.35339847805538666       0.43344231511576092       0.43069674074505360       0.47581494009805808     
  0.74468316444435367       0.77261761650330529       0.13580416121983602       0.16540521176600295       0.33462949071069409       0.20385493922498138       0.38045087493281393       0.33788773695235114       0.92801880861905661       0.49587730886808290       0.53101523979294807       0.48365048565501523       0.32679165259914494     
  0.40901250772918202       0.39986520824658556       0.42155414994837703       0.34978961740241160       0.41978470762978148       0.42914466455338307       0.48244579716171165       0.47549962102443821       0.37637960518180358       0.39820573748104116       0.38414199114107461       0.34673648111146577       0.41088167384003549     
  0.75483602676718875       0.78202546106692805       0.14677027128528472       0.17568685121714572       0.34835038716739314       0.21126871245381282       0.39856055418175967       0.35215268548465101       0.93153479322390220       0.50226323886689483       0.54727532694867509       0.49660460952029317       0.34249507123270462     
  0.38059350269758868       0.45637576762280679       0.40530897721368464       0.38777050456228840       0.40375377126087242       0.33553803237002189       0.41847169958091063       0.40344353766637064       0.47376690659894344       0.41001726229928509       0.43464743255915045       0.39217585974986802       0.40235539434089962     
  0.76485666313424094       0.79102825203596117       0.15757180563323292       0.18630771425235712       0.36224422129506600       0.21912689133055765       0.41516500630838959       0.36656298775511459       0.93504391368442219       0.50817685392406486       0.56113917852637507       0.50978963187004067       0.35818839327518215     
  0.37690962713459619       0.38129204691878427       0.31373967323834662       0.40911712939678480       0.45170437770506416       0.40868040246387632       0.42845338635421198       0.40473759982173912       0.40428241117687119       0.41062180575402724       0.50082391108321167       0.35765140295164516       0.42604759756145644     
  0.77494302356611389       0.79934994550868743       0.16862427912747111       0.19791835111671738       0.37711915254081801       0.22758470633343272       0.42997817661996796       0.38171128127590287       0.93836914210872058       0.51394173998257908       0.57332645527767612       0.52314654000038263       0.37507511665487886     
  0.37762461679469778       0.45438035091236106       0.33697491580933614       0.39677471733663749       0.37699277536572123       0.37229252687748571       0.39880388669056749       0.43209037789270655       0.34999871576254266       0.36725907083672177       0.38641104750957933       0.40834545102462272       0.35952009557740522     
  0.78481565628132410       0.80736256381095473       0.18035647291742354       0.21053851239344396       0.39368346096796070       0.23666564493369105       0.44495653125458923       0.39764899488418481       0.94154977166675946       0.51975932579098361       0.58579218323241267       0.53654568811297021       0.39151197822702888     
  0.41722911531095658       0.40735031383313502       0.43320947597334092       0.38431967417240653       0.34698385708828727       0.38252251245683500       0.36838305971718510       0.43782012813758331       0.36445878796962333       0.33885093428987434       0.45893147877826684       0.40800036939285289       0.45372684221408366     
  0.79422395399289381       0.81535372152801555       0.19352531186973113       0.22322819663126464       0.40951743924885786       0.24532222202119497       0.45848550288190093       0.41345436567686000       0.94466536329372452       0.52578841611418259       0.59746644777979230       0.54927514710783942       0.40784276977832129     
  0.42896895203624591       0.39776082025419446       0.37093380021477018       0.38842027988392236       0.38762120715533122       0.36346240144876579       0.41366247786095206       0.36767614314866848       0.40827196237001140       0.42067312167088960       0.37840763994590504       0.40761560123057400       0.47291148857305704     
  0.80323196164358746       0.82363185750674195       0.20723816610181964       0.23688365060521904       0.42732668624504089       0.25436205920240618       0.47191703467347379       0.42822181925679359       0.94759474431175794       0.53172260094209167       0.61004836468672852       0.56197747771928752       0.42349285860809582     
  0.40615991403209745       0.36122571024986444       0.45142578213037587       0.42814823944348862       0.39690643881617288       0.38479955293870188       0.35620373232758679       0.40777824595351619       0.34855286665336932       0.39373608113706665       0.44570737063704874       0.41237411383707745       0.37385439136362902     
  0.81209124069267691       0.83196664374657381       0.22112839297495207       0.25234639088819466       0.44424612217667503       0.26413714339797745       0.48719809056316260       0.44351661716688762       0.95026805539309533       0.53764199400737966       0.62251126696826276       0.57402090747809265       0.43835790499436694     
  0.46363098014215764       0.43907514866167097       0.36505238365132392       0.38577810036548255       0.39417039128999998       0.42134414418080796       0.42694857190838265       0.39711344105803748       0.37776996572828153       0.42952625732847194       0.39453146593356592       0.37858021136949699       0.33402703241093606     
  0.82058868267053053       0.83956855346618531       0.23551959430295694       0.26841578255340637       0.46073006685170620       0.27495504859245851       0.50207363321784670       0.46066441028971095       0.95278220056029383       0.54399540265651436       0.63452764703853815       0.58715937691306952       0.45515009102828163     
  0.36989699531304249       0.33585766180726806       0.41035555193457501       0.43047663725403057       0.36125211792199702       0.46208018641386528       0.40316279286315626       0.49026237291933211       0.40587524636818917       0.41749193515739236       0.39558951965531203       0.37599460039660504       0.46238325577492595     
  0.82914232330101434       0.84627873564492972       0.25051751651216325       0.28536821128706147       0.47747548220094371       0.28605726393381725       0.51723110737374201       0.47690757251645299       0.95510492154499671       0.55052656481010576       0.64664856440652430       0.60089181878243947       0.47153472156340287     
  0.40318892365394898       0.39882551356589213       0.42258066051668847       0.46397026790778478       0.44303035937557173       0.47257207956306224       0.39847525636961367       0.39150081135915743       0.37762467818386664       0.46506325255138087       0.39759501756599314       0.52238835608840384       0.36481616652538135     
  0.83779201508021950       0.85309335544914344       0.26642160063896331       0.30228104767360847       0.49441768976676820       0.29731057334175559       0.53394956480108668       0.49370107884407183       0.95730798559524999       0.55693088803792201       0.66051362564411753       0.61368978332810975       0.48838499389844270     
  0.39439359971280724       0.43917372867613585       0.41694858721040640       0.50952909605799290       0.41326979252112428       0.38752001650432361       0.40015805018131195       0.40222320184871552       0.36865145808773031       0.37372984365659262       0.43827393727695196       0.42144577082400381       0.35495451492453078     
  0.84610551291051883       0.85948092153590083       0.28350080185204463       0.31750618326835151       0.51108905055842302       0.30835887215746621       0.55022416937990415       0.51260859351087673       0.95945438314891418       0.56337262185205927       0.67310242077821758       0.62576528756588878       0.50497960325499558     
  0.38079474283942538       0.39475858216275478       0.49599816017353626       0.36150744095107595       0.45753785316233181       0.38445056615820095       0.38860491545278802       0.49263930832820652       0.41167853434462132       0.37492137940066822       0.37826028855633864       0.40394195904572550       0.37773166834430305     
  0.85381292951842769       0.86577301641549187       0.30172410479860412       0.33251007209177963       0.52831118353245565       0.31849428355960369       0.56490671131383685       0.52859195378217039       0.96154957730851665       0.57001596284394895       0.68365625313216538       0.63805247115469177       0.52086459966482501     
  0.36049347416293065       0.43741238256034704       0.35011190314794399       0.30105830229118780       0.38663681118818199       0.37477603419917499       0.40328390722929092       0.42045908780606978       0.38269292954670503       0.40441285506343727       0.35105672085267497       0.44207112624954581       0.43815162673948199     
  0.86117721042702933       0.87180514446473001       0.32124316653177282       0.34816387944592964       0.54568328872833116       0.32790088581287880       0.57838295512250204       0.54561663938384353       0.96360640524669405       0.57694715299797528       0.69330217754880930       0.65053036358636684       0.53672054072504372     
  0.36426622279361848       0.44249275312867337       0.39090546097579681       0.41003212122611993       0.43224281145244087       0.40861478897410236       0.40326219784148737       0.36285477074390898       0.40158103393715344       0.36462469015590260       0.39068787016892864       0.41774288650582703       0.39620859845692408     
  0.86861896132834548       0.87733345330554258       0.34167407289218804       0.36333696469556009       0.56331891038144910       0.33807844781460600       0.59169713676215363       0.56196992907826226       0.96555059026228141       0.58424048627679037       0.70295343073545213       0.66327497812870251       0.55329895482940994     
  0.39399792891569452       0.33738589569085098       0.38625482883119272       0.40765303772830008       0.39828401620069520       0.37326101563876896       0.45153211161223022       0.41507811884322376       0.42869211791938155       0.42615683615582722       0.36010495786264007       0.41619161197438248       0.40888381127923296     
  0.87600367924364697       0.88293906830655877       0.36114149961720055       0.37868436232866093       0.58094393375570497       0.34987313342118587       0.60668142316695428       0.57987174621925297       0.96736417118547302       0.59102260648203209       0.71278160980529159       0.67643543369599013       0.56957314283889082     
  0.39555351740273015       0.37567413460140736       0.38170649991834632       0.50568799716486523       0.49874651288696681       0.38723572638615011       0.39820165554512410       0.38157118222156949       0.36928197457102835       0.37845415538810728       0.42294006525239541       0.46406660520329479       0.39554657840046603     
  0.88292666608144399       0.88893871195741636       0.38103840677827894       0.39314086403867865       0.59815013181642862       0.36259484643103962       0.62304631380665532       0.59763799797104999       0.96911985688975888       0.59789443373713458       0.72431033824567048       0.68961690981716428       0.58587626271634075     
  0.41428309106652067       0.38773176955141680       0.37054646137267350       0.39650914173038943       0.39520974435049733       0.35036295554620606       0.38268484798789837       0.47892549939900758       0.43266594564829353       0.40204482298984495       0.45093723515193596       0.36518555504222172       0.38649450956803194     
  0.88940049823588430       0.89478384260093091       0.40238922542040534       0.40861326836699779       0.61482189349521288       0.37570297662005619       0.63801822316656487       0.61337003291695302       0.97083225934946915       0.60447919637660619       0.73645960381647013       0.70267314478536891       0.60432832311195439     
  0.42381306980067934       0.39872339706032345       0.43684855806394557       0.42992927673500286       0.38470447142763203       0.41878520337973280       0.40859195060859138       0.39065018641070764       0.36276168068098630       0.34643958164029964       0.40042991998038124       0.42866941699539363       0.41937973865106337     
  0.89559177932563661       0.89969529872565779       0.42460976443286047       0.42580802104836590       0.63151617083392542       0.38858682290032642       0.65175603128682613       0.62961884031061299       0.97249151852618443       0.61105537390664599       0.74740131084406791       0.71598002515138348       0.62589983224845414     
  0.44598663678489903       0.37023707008428991       0.37468637762166551       0.42072518014341126       0.42573321177278717       0.35226752135001760       0.35738195894546448       0.38271710935368619       0.35286469890207600       0.39659990414490548       0.41394701820383373       0.39580518023518568       0.45402205495229331     
  0.90170675633909836       0.90481694543283941       0.44825374136358254       0.44413304691361793       0.64876357553586639       0.40085652877650590       0.66604772413101099       0.64691917304581248       0.97402132120329743       0.61775980202039549       0.75821253761362084       0.72996017973358385       0.64531560956541678     
  0.40860491672625532       0.40461252736217312       0.45346939859401197       0.39918531037368804       0.44106295004372309       0.36451559126867966       0.38479815018055258       0.47331398086607346       0.41908729565502228       0.42792726574381962       0.43009273011508514       0.45043396715903511       0.44044680701057881     
  0.90784922623196851       0.90925548896162933       0.47317196791587479       0.46188428199504283       0.66554004270871447       0.41225276226877455       0.67988988777512016       0.66405858216760838       0.97541195529208968       0.62451899786772891       0.76832645159837809       0.74466167706274189       0.66542744089246908     
  0.46087004385066876       0.48767496329492971       0.48409553565389113       0.37821636483691906       0.45144753296188900       0.44168864747681597       0.34321970356620946       0.34384184193917883       0.44581825584962348       0.38356527698182036       0.37663705418989696       0.38807757729171177       0.43785687235300480     
  0.91367540132362568       0.91387001339094853       0.49935131603240202       0.48195256498827838       0.68109312088106866       0.42320159441097494       0.69429247505294311       0.68066052411178257       0.97669767557993892       0.63127018782944311       0.77803300288041333       0.75970472166208625       0.68084620055817757     
  0.43858769808344161       0.32450227415424160       0.47927099404935131       0.42709110602052591       0.41062170342211524       0.37785269209341998       0.44443734937014850       0.36879910629783363       0.40063525153814938       0.38783241054264189       0.31392947002623328       0.40181362255577752       0.42447799237410616     
  0.91925913887528377       0.91887486231441229       0.52680084972733721       0.50182275240309249       0.69535487732913737       0.43509436722790723       0.70974087204787761       0.69736652089714313       0.97792744962838507       0.63812010241969830       0.78853711488025768       0.77368299808671781       0.69610315379603038     
  0.45158673680090389       0.46257760389903979       0.36109016268919542       0.44571352981780749       0.33493683743911751       0.38623934729845472       0.42716463843919167       0.48253270322425740       0.36142328302737731       0.41641487298273289       0.35278869406507662       0.36286997859305198       0.35277264391854923     
  0.92432072736023840       0.92371400755274458       0.55448762246943728       0.52506288226529718       0.70987969034173459       0.44821359749581857       0.72493467249748000       0.71318027479242907       0.97917783821663285       0.64518337936587811       0.79775023480246499       0.78762328659930236       0.71279999118233373     
  0.41756206715752114       0.36041045309500158       0.40007912672093576       0.36905330879564591       0.37907238851745856       0.39249191877595352       0.36723902695478100       0.43726395927069678       0.40510025351540818       0.40795476757486143       0.33541011807383009       0.47024333948730973       0.41074975187179058     
  0.92909146962323330       0.92784087481538235       0.58359744503264110       0.54837688762911041       0.72492397163616851       0.46214500036034567       0.73946444763419339       0.72770994385895438       0.98043326630580518       0.65230050415343999       0.80721688218772614       0.80064240779384499       0.73144754657457611     
  0.34841492795430523       0.45484143931174242       0.41418935604370671       0.43093080057689803       0.42007848602768544       0.38046116835362603       0.40031319932839132       0.37107168703849275       0.44573313897469263       0.49220266225113679       0.38638075548354694       0.38306164700800160       0.47486586765587485     
  0.93378097857466513       0.93198554793107680       0.61330673173071570       0.56938527614856871       0.74063413088268748       0.47759085276727598       0.75612918014581421       0.74219046170096048       0.98173019928041061       0.65942228628264599       0.81640296986082617       0.81352319562469189       0.74936012203993962     
  0.38239216377680746       0.39759249627414339       0.36539884738883444       0.48757693857831969       0.49406779152061503       0.36860544989393329       0.38592682837362202       0.37043572087543836       0.46516179319680429       0.55135802268140577       0.37687044269170422       0.37017130817392302       0.38892681256816497     
  0.93817457925787962       0.93589568710367255       0.64159470191559731       0.59037343374259899       0.75648302237904819       0.49401189872076301       0.77022421320385182       0.75731301171663401       0.98317378709976078       0.66646870106046463       0.82634711728962196       0.82593397624144349       0.76520990372034503     
  0.47030156523137923       0.38677508923071291       0.36683873654952476       0.49147457322133808       0.36911697692891443       0.42829807434875522       0.36051811945866147       0.49519229381284313       0.47161490040675708       0.37851831776813954       0.38218663664474606       0.49762839921248303       0.43115337072456084     
  0.94249795508302781       0.94005160668239929       0.66963098745983440       0.61563485205666146       0.77327316568402060       0.51137550692041711       0.78424269210276343       0.77306731753799751       0.98454636496079351       0.67299891415290702       0.83565730156552109       0.83800300470617417       0.78043089177484160     
  0.40891209271851386       0.41980930676701078       0.38744923895207045       0.38222669844730539       0.39244732143669847       0.44040130434551644       0.38071942931325087       0.35547162724017684       0.52613917086253859       0.37346758472236602       0.38445516910800459       0.37229462306211286       0.40057611728156395     
  0.94670479449762812       0.94438456769561152       0.69696332299793207       0.64106704499235723       0.78958078232496443       0.52895712125205818       0.80008855360006959       0.78915371122697553       0.98592992728968432       0.67954510010350222       0.84452708130085552       0.84959435052588905       0.79528095923372655     
  0.38279804908136311       0.42143301195525473       0.39410011922688259       0.38287970255357001       0.54518367985524496       0.44284038934200021       0.40549330875964940       0.39689304067813203       0.48202351234845664       0.34064632842317266       0.38049313951069069       0.42173602113247793       0.44856731041541997     
  0.95115702600517082       0.94841505962147499       0.72239842421733447       0.66608762155551726       0.80638788124287952       0.54680160934128630       0.81699571276275496       0.80563295618865971       0.98724039113956064       0.68593959353733613       0.85484322520971745       0.86091165785140067       0.81072934851920320     
  0.40429469433193865       0.48376598500131984       0.36934678478043864       0.43642673789871878       0.38244954195822373       0.35560209471069626       0.36641397514920432       0.38020676434687145       0.46925354379573286       0.39539949220944715       0.39893014106165053       0.40358091793524525       0.47607329825760719     
  0.95653096099251511       0.95209359967947604       0.74724126629045573       0.69106283597183915       0.82378146810987518       0.56755396767160604       0.83453903550055109       0.82192681677765700       0.98852295959289804       0.69286801336048076       0.86503639051407633       0.87237962328518526       0.82646631448980357     
  0.53115818598989717       0.37612494100004473       0.43775813189953444       0.43141320434168107       0.42006024093159117       0.38171083768916653       0.34409164092180294       0.37830224665676049       0.48437669585618182       0.40693275535647438       0.47683641013141459       0.36372984535451819       0.37355904827170289     
  0.96162046979230598       0.95579482908357594       0.77196846058091773       0.71832760920520033       0.84187536002481789       0.58948185680635901       0.85109565498213868       0.83794069936962545       0.98960089396410278       0.70057873090316192       0.87614641281312111       0.88392740998640396       0.84282542475504441     
  0.46361213523279765       0.37939512155620003       0.38083396381342499       0.48314259724061953       0.46181056746607019       0.42061160389230856       0.43112738560448699       0.37009527971015821       0.39816062555864251       0.50410694256823907       0.47703604938862360       0.35876622713121953       0.36834300397999298     
  0.96573166254336906       0.95973548120318408       0.79822757730122462       0.74310458820025893       0.85977227872460804       0.61639916233505820       0.86751802829800750       0.85424209043457133       0.99059659509126163       0.70835953623925818       0.88704313449353334       0.89569538918368286       0.85976143521074766     
  0.40966400199041891       0.49141908919849803       0.31851190036002103       0.41011001638755679       0.42803404334982176       0.39663505859376108       0.51313263394777964       0.45335547777959850       0.49814789352003230       0.41344021421336979       0.46152097251885099       0.37085831364700972       0.42997565325544568     
  0.96941193228578248       0.96381827795720398       0.82630625259174140       0.76478005225440293       0.87542627558907027       0.64469257390631818       0.88347236662639728       0.87130742478925260       0.99154313147570072       0.71646836524366175       0.89846894971485936       0.90782052090250376       0.87655267583699215     
  0.39092250648852844       0.43723110924691611       0.41993391349680559       0.35201613572345003       0.40976809461124142       0.43391810941987857       0.38356785413244682       0.47301018170981712       0.42644591340062610       0.47955575236870179       0.44571344236482485       0.48683585320600820       0.37576183046516881     
  0.97295053769063089       0.96803437877353982       0.85204074102743288       0.79256843184951264       0.88991168223145989       0.67455703368129005       0.89800575566223462       0.88988597615420195       0.99243137980643836       0.72527392330257712       0.91101327755261396       0.91993049911512037       0.89291390848816599     
  0.52250158565353322       0.46244387572375828       0.41409660253249730       0.40486086399446919       0.41188378112568724       0.47350579586648861       0.38381738929262776       0.39582211947997437       0.39019299586200484       0.41625579594789203       0.43060642501051649       0.36377619363704272       0.35367310871079788     
  0.97665397537703302       0.97208289410122184       0.87833075412293371       0.82516616577917157       0.90457378854510750       0.70449506099174553       0.91245606492383124       0.90837191478709545       0.99329195875352894       0.73371006523093740       0.92374670108709200       0.93195027968935107       0.90912727181480857     
  0.46442554041273298       0.43015427725933664       0.43556310208668836       0.34747042745965828       0.39243825146756761       0.35708275730693528       0.39279585680128992       0.37797766701551350       0.43366955581419203       0.36062363000921555       0.55550346097121739       0.50125286282863746       0.39569626899742655     
  0.98054182436230808       0.97562355486811214       0.90288952854877513       0.85573041602063304       0.91973624687540656       0.74041348061105983       0.92705189751326178       0.92455675615000499       0.99415163670427042       0.74577266435376599       0.93631201234618133       0.94353651474746703       0.92600311448693062     
  0.47770297729952810       0.39832211616731589       0.39879241109679658       0.36262245284627737       0.34602558330743871       0.41428584125953033       0.40318711260618367       0.41677213130659907       0.58022872264648873       0.50571433240566832       0.42113741402007804       0.47066562388317379       0.41982793800257551     
  0.98438505871695836       0.97947698425811880       0.92417013212861487       0.88728535147782106       0.93527340341543408       0.78168875941986049       0.94113682482010663       0.93972876959426466       0.99509828352805674       0.75935628433707103       0.94884513052089270       0.95437234054712705       0.94160785337718045     
  0.45036179536641330       0.47749716886318427       0.45803010788370335       0.44100067547853822       0.36255495416005007       0.37124765314142910       0.37736147756980554       0.38488997336524661       0.42038312511488846       0.47407072768415071       0.42871954578035509       0.41203372689640749       0.42500042380112024     
  0.98808977490017336       0.98382544908815606       0.94525216569630532       0.91230104559752956       0.95123544667337656       0.82807267445779986       0.95528042155107751       0.95338748229824788       0.99608796160688884       0.77686402646155051       0.96136713796080331       0.96543247207741523       0.95609043485272682     
  0.47653037863349307       0.38423370619203440       0.37067398712262578       0.34312491088564678       0.40146633011138266       0.31874929464595120       0.45826257757886102       0.48002811176687676       0.41345577003097023       0.52624717273152832       0.41752886853688570       0.40838362398610556       0.44873135400464143     
  0.99182259039911758       0.98837575037066994       0.96523191216298576       0.93653261533512289       0.96797216298029753       0.87894488818224126       0.96951073988756609       0.96811408587591818       0.99720204964755199       0.80136394508631192       0.97403117148184204       0.97687950502492971       0.97131183727207882     
  0.44421415610821913       0.47067006197587274       0.40504918488442698       0.39341432266863174       0.42497895813586339       0.43972980214481172       0.42148314424504724       0.33694817638402447       0.40876864777395933       0.42069382053022908       0.37583309818649563       0.43991364336571437       0.44649497889640749     
  0.99574661650467233       0.99406409094427828       0.98311600990621184       0.96552059789498701       0.98202877059158311       0.93650665787341492       0.98474626997568504       0.98295001403404225       0.99851290749486288       0.85061356099234775       0.98704928155826055       0.98821399853719638       0.98602147678003227     
  0.43770497390138358       0.53092726308566496       0.37845060814233472       0.40766462522547214       0.31758752655916861       0.33608949176771408       0.40371778569459349       0.40200095199359531       0.43451669049260411       0.46987573312827052       0.41282171200469636       0.38334412010102231       0.46722141789419513     
   1.0000000000000000        1.0000000000000000        1.0000000000000000        1.0000000000000000        1.0000000000000000        1.0000000000000000        1.0000000000000000        1.0000000000000000        1.0000000000000000        1.0000000000000000        1.0000000000000000        1.0000000000000000        1.0000000000000000     
  0.39643489212623678       0.38521994903988938       0.45183884875345387       0.40031733568938305       0.46950903063274241       0.39605104914750411       0.44648337085196904       0.40038757602546460       0.37262777415523046       0.39495149706898269       0.40916156750804655       0.38048226500719445       0.40201712429810316     
   10.522446936716852        5.4898256038530207        18.102536726146752        12.683583607649135        8.4822083076669124        9.7193869608506773        10.380671076165907        13.881626985788950        0.0000000000000000        7.0153486016240691        8.7210093973529830        7.8500784073908862        9.8694615925869833     
   8.1087267251048889        7.2047748929234761        5.7242688227226006        5.8898984010812372        8.0194483824419809        11.578554982013888        7.8152460849260903        10.344185836884520        0.0000000000000000        3.9177038104560009        7.0468316744290398        9.7027725556780453        8.1389708403077350     
   12.347507188998321        13.404031377527604        9.7191651323272730        8.1839694751082064        6.6328082250867428        8.7905861265634577        6.9716607104116886        7.5151980721187561        7.1570465291083618        8.7378387154473476        10.470030358818626        11.302529607973081        8.4584325127814175     
   8.9911641932093289        10.136966290531873        8.8464924947601045        8.4367207208111878        13.253664029275862        7.5406460495523060        10.239595744768570        8.3372186113429425        7.8359318634799404        9.0092930410623229        10.889836389669306        12.167266480132859        6.1235513580399630     
   9.7272766772588177        8.9891644304092289        6.4201147390462339        10.987569806079073        7.0076852332039259        12.964225003331185        6.5583194485738581        6.1768041252384860        8.0982715234176776        12.809320737225653        7.0841537244566331        9.9296923801792332        11.090396087601235     
   12.923568469334597        12.346165719191543        5.5588117499549181        8.8731959751239931        10.504701867080879        6.7357519697117780        12.833481280430194        10.615767062976118        11.448368647950392        10.190970231613921        12.468635960077894        8.9436433556993755        10.049861927903745     
   10.862481359533657        9.3745472980435078        5.9351989393886964        6.0904415197654354        11.219365555606547        6.7383593164859024        11.851181151106376        10.308805731336685        11.064030713668863        5.2270413796000321        9.9797511565073300        9.5198896738921697        10.997606256669531     
   7.6447837346697183        9.7803890114048730        9.7378617903047804        13.344725818976281        9.1550092708520268        10.186964219618899        9.9654250555485273        10.598551549095506        10.475331991893206        4.2416642342249329        7.6019773290461652        8.1254448369814547        10.624493793048892     
   8.0828347093697027E-008
           1           1           1           1           1           1           1           1           1           1           1           1           1
   1.6240110491742904E-007   1.4545642969062235E-007   5.9756206384188826E-010   9.0785518965674790        1.7597622808806758E-009   3.5498435099606405E-012
   4.1310395236512751E-009   3.9881691498963584E-009   2.2144994853548777E-010  0.39914522619498372        2.2132250012570706E-010   4.3277879930106011E-013
   5.0000000000000001E-003   8.7471183406846720     
