   0.0000000000000000        0.0000000000000000        0.0000000000000000        0.0000000000000000        0.0000000000000000        0.0000000000000000        0.0000000000000000        0.0000000000000000        0.0000000000000000        0.0000000000000000        0.0000000000000000        0.0000000000000000        0.0000000000000000     
  0.22804314275336077       0.36779219095394999        5.5332669975494651E-003   2.8471040590047181E-002   1.1917498302763044E-002   1.9680663780279734E-002   1.7604455247830834E-002   1.3388696013835740E-002  0.65323927871225007       0.19476500073096858        9.6999814193274803E-002   4.6007221687264510E-002   1.6608554213035781E-002
  0.39331713015622344       0.37289512710552869       0.53898671824802646       0.47585543790947821       0.42487556868855336       0.57681647281888437       0.50754478249979951       0.46708259329585178       0.41985637197085307       0.38903639498024473       0.44736276568574990       0.40198933553028554       0.37289512710552869     
  0.31940549769298232       0.47264853100146825        9.8961030563825027E-003   5.7500094253569486E-002   2.5069068834741269E-002   3.8436250407331632E-002   3.4653115163214718E-002   2.5290016602742205E-002  0.71825603720096254       0.25117039827571347       0.14218456404502844        8.1741946904283644E-002   3.3495023016491501E-002
  0.38731189650459641       0.40648509300391183       0.51448132991067808       0.46918091697843672       0.42179970261608385       0.50178111085974220       0.49583086721429603       0.34532524899097439       0.45466661065872660       0.37825705751436361       0.43528022807075123       0.46624263633056340       0.44101500411322342     
  0.36644269669357998       0.52244551660974881        1.3716909739811019E-002   8.2925966423753800E-002   3.8591801045985065E-002   5.3268991753474312E-002   4.9529030793949387E-002   3.6799050461842626E-002  0.75378813877673789       0.28681877741180839       0.17500407649079597       0.11595359910039837        4.9605713996378836E-002
  0.44927535211092939       0.47410399139147791       0.56983127095106656       0.36367435685751398       0.45058360467629766       0.47540975291814830       0.55096560015881768       0.37770691670392581       0.44901148607055574       0.47000812350969690       0.44198996233906951       0.43910520687681398       0.58305112854090302     
  0.40126714992646334       0.55686808190187020        1.7430200858234532E-002  0.10865705746917034        5.1718276226522072E-002   6.6489547384336711E-002   6.3943339683959988E-002   4.8793797089781037E-002  0.77195762927712497       0.30911429207727931       0.20604820007611860       0.15078198899799833        6.2176740690454910E-002
  0.40475752726649944       0.50100804143498900       0.46247025877340803       0.47537535437550488       0.47797403700205038       0.46433181524693162       0.47019371454733189       0.42887000386250274       0.42761446362348854       0.43128942700922163       0.41140291087114994       0.42778009367905728       0.43757768738673730     
  0.43388118545018012       0.58713405982498257        2.1244510922259582E-002  0.13567259160920053        6.5487678347144473E-002   8.0514650521890385E-002   7.8077983390881567E-002   6.1692237625021344E-002  0.78508277919149894       0.32622704308027750       0.23553773787044224       0.18152879845569908        7.4408473213477530E-002
  0.40115199467642570       0.41146289194739200       0.53501822072133398       0.42391565762103850       0.40488035419215518       0.38183246272530919       0.42655675669373200       0.37305830624285891       0.39576494241538251       0.39014514189238853       0.55127653062856508       0.49724637913261804       0.38651266251294070     
  0.46233156727978464       0.61167764637345834        2.5098030138269271E-002  0.15599858083415946        8.0447010174160297E-002   9.4182582527738756E-002   9.1355284140010110E-002   7.4449600527127666E-002  0.79782213960269244       0.34087684352269260       0.26067191589983563       0.20779960310174370        8.7657637536995098E-002
  0.40587961003121631       0.43290162279418681       0.50250788135826152       0.41594276685341341       0.50714543823066527       0.46690964396189039       0.42805364800210399       0.39848540836421131       0.39879284378433538       0.49173346762241199       0.45112410029249528       0.56110431814634654       0.39826074576578369     
  0.48620514182885466       0.63372727332745682        2.8556255722178431E-002  0.17857977043867154        9.4898474958804782E-002  0.10843175654786794       0.10426738791962811        8.6077998218029889E-002  0.80939401637669006       0.35435882253532164       0.28217900068480828       0.23006438956976491       0.10136333111031297     
  0.53976121305884972       0.41439794804862223       0.50582899277261284       0.39457300624885921       0.35527160944277558       0.50189146921579675       0.48924510492738693       0.47592011324613648       0.45437021123389204       0.42089477377974677       0.37905606337047293       0.43108791586844175       0.39709514225177178     
  0.50637380475641569       0.65214035954646976        3.1844667713112645E-002  0.20044576751831233       0.10974180015118444       0.12278636328665335       0.11837669011209973        9.8760651423458246E-002  0.81861420597711887       0.36736010388010176       0.30163904479732412       0.25340535243834861       0.11869949652073242     
  0.37696307983268701       0.41600349690882832       0.45299194137548343       0.37739594137756305       0.52558156505121145       0.47235383646226353       0.47969211505663312       0.47121808277090832       0.35845724306155158       0.42079172635436662       0.54278441367258923       0.45583874582438033       0.45663869765379961     
  0.52708502504549370       0.66940088542941312        3.5264065835851725E-002  0.22335052836723884       0.12564233698108565       0.13673558221349044       0.12989409142193645       0.11227001876005382       0.82664902712159638       0.37992805682594338       0.32224795625384917       0.27609185876214642       0.13646710440367824     
  0.35978087232164530       0.43278973423610040       0.43756503736861463       0.40289787303498836       0.53080356596502298       0.54032884897138178       0.40921888345611135       0.42711904528121375       0.38943752771112355       0.37289512710552869       0.46506531542432494       0.44670669549589975       0.49069289553839407     
  0.54732527092217986       0.68484513985822959        3.9056559752218542E-002  0.24946080378717142       0.14042375822288811       0.15032395777297627       0.14078075544258070       0.12524212006351382       0.83422373262152127       0.39152771479027398       0.34467531810162172       0.29918958292722697       0.15356396148292026     
  0.52829981103616497       0.42759334410321248       0.46573542534592471       0.42562300407673204       0.40688770721987588       0.39300345373940354       0.45111117531913242       0.36715681612463652       0.43282960236190898       0.42964365984104652       0.43832346578619219       0.41826228976947694       0.47729458392724988     
  0.56343204985413553       0.69869465946306919        4.3860225945376981E-002  0.27825091709309346       0.15478900913206545       0.16420316452288752       0.15140399227839982       0.14037695941974090       0.84140461340112105       0.40219394802744812       0.36638407826356062       0.32128381787821031       0.17093514947675542     
  0.47681627795639914       0.37010365502571774       0.41021723446746322       0.50932453505586317       0.38002014858783695       0.40625188507498045       0.37289512710552869       0.41197118809225303       0.41938006803203182       0.46818739679970645       0.44982992880080946       0.45429619516766567       0.50019531629933034     
  0.57597262016874573       0.71240743091378200        4.9122904109722934E-002  0.30410019856516457       0.16993297362990994       0.17953813527017598       0.16342550014531423       0.15612938669425536       0.84854976693222983       0.41181342848957525       0.38611768855436146       0.34205105179284451       0.18711140056374770     
  0.43092044600026130       0.42888838521730221       0.44233570204373995       0.41782793055137368       0.49583016383982220       0.46496319905784267       0.47212942787579171       0.50359113210220641       0.40059846580265274       0.45432121956180477       0.44642430337730160       0.50053680884382334       0.46894983939447732     
  0.59016747091893162       0.72563448553599474        5.4574258798260514E-002  0.33014042356164169       0.18704008214075996       0.19438906120643196       0.17647898724712349       0.17104999936590082       0.85539413440640288       0.42057685885380292       0.40478127694341332       0.35974508185032711       0.20286459286280079     
  0.38544794702690810       0.38053603043469364       0.50262682695785355       0.44414839166508363       0.47012222101235035       0.43946723828151918       0.37702590174847445       0.41993864503876227       0.41148480796717612       0.39499850721915747       0.48898473984890439       0.41106523694784697       0.49934197642656769     
  0.60458174154692523       0.73811843201301242        6.0177208196876268E-002  0.35373356986880983       0.20486096620342265       0.20722167344473646       0.18950264521104604       0.18429879946085428       0.86157093731343937       0.42871798556602170       0.42273113079794450       0.37546005674827415       0.21778716329602205     
  0.49048836293422993       0.40948793283223861       0.42819714158563604       0.46168020833183260       0.40793490913096120       0.40372855240709749       0.60799625110439959       0.36271279919963295       0.41178219576711256       0.42505481229976616       0.39718071803462529       0.42068927920307980       0.50795052306174904     
  0.62015920233949384       0.74961399353378699        6.6188774615320398E-002  0.37501873177068434       0.22177618442803393       0.22002359236697280       0.20167873035982214       0.19958688722317502       0.86714526091837429       0.43579299746110722       0.44068360259546085       0.39213702359134622       0.23262858837095762     
  0.47452443457970805       0.45150700885527756       0.50269305947915977       0.37041588620489979       0.44714564021590208       0.43128648075997622       0.43859337705445617       0.46280580072882488       0.40452825051597191       0.35650250971465702       0.42556435039453433       0.40861652158347700       0.44369622651214541     
  0.63414162091507775       0.75986110208850899        7.2728862702836169E-002  0.39458180055654624       0.23803713346339264       0.23217303005009224       0.21349291161912740       0.21516743338064170       0.87271303796627697       0.44303775885677055       0.46022631143077913       0.40894678959839048       0.24965212443696089     
  0.42578004867751246       0.40659885056308381       0.57784934753831707       0.41670690922487630       0.47952413973116154       0.52853029869704382       0.44783089453103203       0.47385809131973983       0.40873431401935451       0.43969418071328081       0.56121074065518994       0.43520839109884790       0.48960006477664181     
  0.64697540421107802       0.76687631523683331        7.9383984318806652E-002  0.41317594867359658       0.25378927319617356       0.24489956435195973       0.22494755762055965       0.23119091894154195       0.87830159743769143       0.45064837024405119       0.47502908906924884       0.42648089818710722       0.26714437222394249     
  0.43225677900566573       0.38970290696317827       0.46330420133284944       0.47161610721652086       0.45830509545213477       0.47284687436068795       0.41881556607298670       0.47728208500674041       0.43572906062456274       0.41127495861162827       0.46205671218572675       0.50311212802816385       0.47215982532854384     
  0.65960048810831451       0.77448987810434022        8.5962970418513598E-002  0.43282338755575606       0.26955226090932205       0.25629550366723769       0.23938771425981614       0.24716935097607587       0.88351520140461548       0.45752349390917812       0.49034389261751071       0.44404710968414857       0.28412453403919452     
  0.38843931403244886       0.40802780320102489       0.47310808360627921       0.44411787780052475       0.42390881304295996       0.41695368635339980       0.44990772778154831       0.48050395413444585       0.49080951131595912       0.41485756618790093       0.40908376110269373       0.53792066426733720       0.48959578993001451     
  0.67248056681894375       0.78197065388112719        9.2323438686816028E-002  0.45223941940251827       0.28600141280477087       0.26847777199836381       0.25479167456597335       0.26290557327506070       0.88825240019596174       0.46355053914596223       0.50393766321021194       0.46106988898483847       0.30134902563880805     
  0.47010826060531008       0.35421338374536782       0.48961596241010863       0.40365085681634999       0.49471347345161276       0.42116677464051072       0.49809723931531918       0.40390127746713622       0.45799853416436159       0.41431996597210613       0.42910995930075929       0.44428363750316718       0.52052844263474585     
  0.68587933741815754       0.78879170926301012        9.8642227633049806E-002  0.47277369575805800       0.30299566441832548       0.28206511803496459       0.27047461581919147       0.27958812890560747       0.89271845147397921       0.46915440239595335       0.51650565847601182       0.47756632282363881       0.31754408249793387     
  0.44059725095605229       0.39925284731739985       0.50891838952054747       0.46975591331598693       0.44436660884689677       0.50310542715123308       0.47974426761302535       0.37047894027732686       0.40244873464182973       0.40076847710832203       0.45245351510796250       0.46398247472703813       0.49185994950899131     
  0.69804613405543459       0.79660492513423886       0.10470953520278883       0.49202352321527537       0.31935884251190605       0.29490074114689996       0.28618274901898644       0.29773461806664453       0.89708840416258362       0.47488451028770723       0.52979662079798406       0.49373999535723839       0.33437503720733214     
  0.40501934020518449       0.46976174951982336       0.45477440569536193       0.45524025762082715       0.49154093555107381       0.46847497149536799       0.43138083442236108       0.42639028838621923       0.41883634085710142       0.46154210048082145       0.45963070995785704       0.51155307835493979       0.58672320859178451     
  0.70885552655737560       0.80451686002953515       0.11124808899694839       0.51156221589288120       0.33673688383554429       0.30706013813347777       0.30172679932427399       0.31519087885605973       0.90105065996520639       0.48211699523457108       0.54369919449157511       0.51065337743938222       0.34972040164770851     
  0.37255853957186996       0.48586060189725083       0.40088507505025212       0.41422784101268961       0.45651047931751354       0.57456122455657277       0.41810968964633521       0.45845786378227327       0.52698946652837841       0.43712028505538308       0.47577352928771555       0.46216899365557240       0.47129809743828527     
  0.71927904494101691       0.81170786973968778       0.11841125116525966       0.53188987536812216       0.35440163836677424       0.31973159749044139       0.31685583944120810       0.33143191679594319       0.90428396670719013       0.48924211061794587       0.55790886117918037       0.52809595975748458       0.36349057029399051     
  0.49461460392927564       0.44675449045634436       0.39818048406016937       0.48831595266171962       0.42352423997292754       0.45609408372816218       0.41160801884364112       0.39268563941624407       0.45912852723656622       0.43463500018674739       0.40771329746408319       0.47335988886390734       0.40292441180243710     
  0.72962467050592816       0.81798851604769618       0.12595633279932464       0.55269139955833435       0.37100338939061628       0.33283241373961298       0.33207004650674216       0.34690662607732586       0.90711805680575885       0.49774929134037232       0.57191312925703652       0.54423779647637860       0.37644139980446806     
  0.47305017262177673       0.40828129055500628       0.41338198162360407       0.44882982785655695       0.43625231032124673       0.41351606044341394       0.41743513536569787       0.39515937967487852       0.38758677808110203       0.47834970613581934       0.45726703685635789       0.50566543660458196       0.42610154338704431     
  0.73974182706345848       0.82424292998802262       0.13212850082208921       0.56872803726428034       0.38918902655397369       0.34551636505790895       0.34860509471169920       0.36193579024761169       0.90969609473457236       0.50580577534878013       0.58605346690456739       0.55886284803761277       0.38933983628925622     
  0.45980161144271303       0.40667399191109727       0.47525573653056019       0.47364664276211849       0.45831193382465735       0.41462587326968031       0.47581041827817422       0.41504245331863615       0.42815771003978292       0.44923700074776224       0.42599565479990781       0.40710703125019998       0.41786001565951214     
  0.74983124609273211       0.83048763484221200       0.13791914542485378       0.58354482011273912       0.40572450138219279       0.35966466470296332       0.36516815684513887       0.37638164203100405       0.91238163684386098       0.51337737036102948       0.60064074412649848       0.57291134334706106       0.40291300751773002     
  0.58554101745302822       0.40670521800692361       0.38394777390838863       0.51230349895862570       0.40043484487490488       0.42064932676158168       0.40028022408371194       0.45758498878948306       0.39051107310204269       0.40432046813985978       0.45941032861018299       0.42221086267716557       0.47615043099194582     
  0.75985423438733590       0.83667243566501259       0.14419360386410335       0.60100585027544684       0.42183861108214205       0.37243546831992769       0.38216782267808180       0.39089934860950881       0.91567639605047502       0.51981740240679042       0.61494733192723161       0.58641350554077754       0.41622790485024957     
  0.49524300398756649       0.39621216414049643       0.49222269915633682       0.43450467679130761       0.47313021631447988       0.37712137470253293       0.42738527386762054       0.44797167836076957       0.42772664665390525       0.44361084256883354       0.54414451555254684       0.54957651286884290       0.42808875914484740     
  0.76936087272855813       0.84326120926564208       0.15065119090169973       0.61841582042961896       0.43914718044986895       0.38442425113915357       0.39890821877261717       0.40490286533825776       0.91911017125421013       0.52706366538772120       0.62851920345325185       0.59864190666672046       0.43134777624320053     
  0.43560759592820097       0.51677590738417500       0.47299090429471752       0.44724732382063859       0.48159673391701041       0.37289512710552869       0.45755419315833795       0.39042605461879570       0.45436826955519499       0.46686935825589859       0.52422048607212313       0.46183294181766427       0.42807481493547717     
  0.77833532895345880       0.84980451200509954       0.15802074862510299       0.63618309980363641       0.45584076358956099       0.39708638096938831       0.41706289163880966       0.41799359272010161       0.92230386206823256       0.53432741494429081       0.64022438397629744       0.61058199996748108       0.44698739314163488     
  0.38645101557771716       0.43620407243996367       0.44334005334754284       0.44718196209975120       0.42605270988499988       0.38929821509603074       0.44375895176674723       0.45779150638255489       0.46962105350831979       0.46709599575101562       0.40807808499910603       0.44227798976412980       0.45417717296341176     
  0.78755748123138547       0.85506711941680480       0.16539811115414205       0.65448710165303647       0.47039499033037363       0.41173308700539740       0.43575111892851059       0.43151922395296488       0.92536189394470947       0.54146998169532079       0.65146288536457253       0.62259756524472532       0.46191173721917961     
  0.52577384123345505       0.47248216465474374       0.42752107683867985       0.47873403701678729       0.45526811107008952       0.49203320711733389       0.48549073077444843       0.47764295177291188       0.51142573542171044       0.45283678518814047       0.42292088192182103       0.40116768152239562       0.49036180134211393     
  0.79584221943797784       0.86005307719743151       0.17258640253292098       0.67072624783728452       0.48612415952364674       0.42696160938866806       0.45169499458639045       0.44626629657177880       0.92823381536868776       0.54820623994979412       0.66237698506490728       0.63494870539984027       0.47729310616045073     
  0.43307014103708202       0.46915747061405111       0.38684840811071086       0.47178946075230410       0.46857190427024509       0.44837900359946742       0.48016083469195209       0.43829110953861128       0.42840275174055154       0.60317681726925310       0.43166668985269857       0.45518401770371075       0.47975786149412786     
  0.80468603823041807       0.86528593599109538       0.17952082661326160       0.68691420939838654       0.50171761246955215       0.44152026902796043       0.46697961263087906       0.46110301045130975       0.93106941163721590       0.55504073754949912       0.67452762440113789       0.64804200593430905       0.49321218863414257     
  0.54817869970985900       0.43856001586274729       0.45310460448575773       0.41100085459931757       0.52417814057333445       0.43714095962136262       0.44511521140300209       0.45909880509107859       0.47340725794247090       0.46223276168318489       0.48130014980923225       0.50385397551618205       0.47963675313979592     
  0.81238196491933279       0.87031352011359919       0.18651500266184229       0.70263542239053545       0.51683988202198938       0.45690496349672405       0.48154812428905247       0.47730787291344812       0.93382835666089303       0.56187530276209008       0.68766243825786755       0.66181344085100624       0.50972213392983157     
  0.46825762567875556       0.39119955642688170       0.43457720849256892       0.39122922480413347       0.40528836944674795       0.42125788618303744       0.35897344377668317       0.36077709021743687       0.56035949833941578       0.50113686170084659       0.54274604320817266       0.40830107239502322       0.51348011432860141     
  0.81946178500700306       0.87514121736258754       0.19447340046455827       0.71959482324455482       0.53060023540413226       0.47376313661472930       0.49575359033927557       0.49480457975924247       0.93634026348503419       0.56916413248630682       0.70033225720750625       0.67468054704269864       0.52512396266050554     
  0.43331036312160431       0.45589032487776066       0.42257708951427708       0.51149942244282764       0.42101462298716730       0.45582752930070725       0.43347265591864914       0.42311371878597609       0.44876781111023983       0.40873099733575774       0.41123256217136678       0.45038482027420296       0.45420926091523506     
  0.82614504630232133       0.87970424225976152       0.20325442722897991       0.73786618017923333       0.54685199924684091       0.49077322215032149       0.51038920473486971       0.51281675222894385       0.93866897524958803       0.57681964179043532       0.71217449880428674       0.68577745075876484       0.53936588529103180     
  0.38484108057825589       0.43948318872772346       0.43707565273871796       0.53363881658844925       0.53842955791961478       0.46669218623868164       0.41101934206976082       0.47520885187361989       0.43007230956947445       0.52710290847658814       0.45694600878040842       0.48758031584685074       0.46365022379984738     
  0.83227537180150934       0.88475542606320501       0.21218596591297603       0.75569840478072203       0.56176983411131542       0.50877248212599679       0.52521132412733174       0.53025715280470376       0.94114365720943594       0.58422271118254376       0.72347848200618758       0.69823212630568909       0.55209337428175742     
  0.41117685003243665       0.39365341887874278       0.39895189114110924       0.53757713467327883       0.41151500216989317       0.48462716169684344       0.42926343671833822       0.55114114424849048       0.47395980206900856       0.48641689279114203       0.47432229792534969       0.42383671560396707       0.48468327972836084     
  0.83778109553083135       0.88924204701230458       0.22208296599449071       0.77132639552669102       0.57770778689449709       0.52763992585696573       0.54148175408560317       0.54658657969424873       0.94376165394514955       0.59078254615745007       0.73417397002814477       0.70980168997151893       0.56832191100299656     
  0.38530371981828576       0.42956458608103543       0.43046042550623137       0.52596102728918115       0.45405374070891458       0.48140704702776599       0.49531474672620662       0.56250323786672529       0.47017508685896081       0.46507809244088527       0.45209948644530457       0.42506778300409553       0.45749420122628104     
  0.84354167077717190       0.89376219373037691       0.23229602077962308       0.78388970390150092       0.59434596066503442       0.54511128857427360       0.55907759453410666       0.56236708855884099       0.94628813912378784       0.59662431328372101       0.74443694680165817       0.72135398823189545       0.58620809808479934     
  0.47699861272091282       0.48395573343897680       0.45013401868827529       0.45447753681309977       0.53736678486385958       0.42199834656987217       0.43442214497946202       0.39983267713414822       0.62971919930783538       0.50665536654929688       0.48187631327770775       0.45592216520015882       0.39020185695315313     
  0.85007819313022215       0.89845367688790034       0.24243415972381208       0.79593246916319993       0.60957439217882903       0.56214644035678163       0.57621086274341593       0.57830740864885710       0.94836600945681560       0.60240060174249954       0.75454843463747912       0.73597567526962271       0.60255019459610892     
  0.51532142594149977       0.49918298547809237       0.57144178988760230       0.45458719567117889       0.48113961829727891       0.49890863573266331       0.45263726156003847       0.48638343185944038       0.45600008872086267       0.48607902337327913       0.54103190707685800       0.49335807141439092       0.42574734935215597     
  0.85657165072025621       0.90292187565457338       0.25186726684626837       0.80732430321910098       0.62487297386146978       0.57979824560260351       0.59320743667570042       0.59478224879312358       0.95037346987129800       0.60825011939810136       0.76526000485831613       0.75009106654907909       0.61782048344864371     
  0.50807849496043611       0.38776895729074201       0.39385873079998956       0.39102863695881845       0.39678227030602170       0.44402544843379110       0.44887877082550098       0.49067227101772293       0.43447251186565633       0.46728473345383231       0.46148434275840167       0.54073885196202376       0.44555868649664010     
  0.86246434583131937       0.90735527897267276       0.26158799994507459       0.81774556301762436       0.63848993097183893       0.59793019574627126       0.61014236474031358       0.61151592387155163       0.95234417340900313       0.61377878121221796       0.77581056696149620       0.76343397080756659       0.63271127645853154     
  0.42150810224765639       0.44424109726686939       0.42569049155034183       0.39979438123436500       0.45859487252303049       0.49864094470400777       0.45542178772791198       0.47119111534628066       0.41511933748059476       0.53551978669864908       0.47771913910785552       0.50585882527292558       0.46788287810105567     
  0.86789486248315195       0.91169333175000788       0.27240777094322643       0.82850349597524264       0.65115078030120999       0.61581479037945874       0.62682577206688117       0.62617343611209508       0.95428673334216785       0.61891269604727628       0.78554542644189851       0.77562274523905250       0.64809287806374249     
  0.46070173879767506       0.54133864376418106       0.38150892648752632       0.41637453153185827       0.40371074404103674       0.44930158617290672       0.40272104391843117       0.43190849092733574       0.40304315332184865       0.42350105364619334       0.46819377638558873       0.42436068028145824       0.42683304985110704     
  0.87341282582323498       0.91640420535588418       0.28598021535677948       0.83889340538015711       0.66252856955390393       0.63306094668787904       0.64234632596974028       0.63955073754251590       0.95628841935475117       0.62389908462768207       0.79283297900327332       0.78769296772058572       0.66597959690123454     
  0.49731928035455875       0.55243728591138086       0.41121084495747057       0.56045660095173422       0.43337520828651205       0.44764226588792089       0.41060573000466871       0.44328510109872998       0.49244150104607104       0.50413988496720852       0.38095655403821288       0.45637716534071715       0.50875610872652122     
  0.87886127376270906       0.92130546409931147       0.30218196275407616       0.84853437467996040       0.67456321059105950       0.65032072326705193       0.65736483173329152       0.65489039891359302       0.95835222467864423       0.62850098344207816       0.80049590908201684       0.80030571935910011       0.68465832773813395     
  0.48216895866818826       0.50754167301002628       0.59019930239622453       0.45607274067568043       0.43829282374467571       0.44683133676638542       0.47635803577371588       0.44625308214990300       0.52749206867505061       0.41513044562894286       0.44003270878714079       0.44242632402905413       0.49160096907196954     
  0.88462896088575460       0.92611906680772227       0.31859387350998319       0.85692699872156641       0.68824551715334670       0.66787659603924809       0.67345685389722898       0.67164014981388920       0.96047088589872742       0.63384156507619649       0.80883748797970068       0.81245030116986483       0.70453103809461715     
  0.40837831798165719       0.46732525198684827       0.45717628008303746       0.43555761693211031       0.48169785569985857       0.47757224175189272       0.44908282318308890       0.41658370439789638       0.46724901397063884       0.47637366828938099       0.40897384470717835       0.44248426236260052       0.39843081367172239     
  0.89062518672960767       0.93064875651621348       0.33484765001130423       0.86463210132505064       0.70180487504843869       0.68765331812370512       0.68796511379529013       0.69027784914786805       0.96256501947610806       0.63980413957589899       0.81782733507343119       0.82422276324779786       0.72465075826027392     
  0.43430507322395268       0.41309692224086536       0.43774736230678524       0.39905909730163369       0.43861171927582004       0.52818300499682691       0.49990973403770211       0.46851503991446125       0.45822215926152798       0.53900461766361352       0.43719773051573013       0.35800769454575532       0.46854192270412454     
  0.89646175317292098       0.93479408300639044       0.35150823600596942       0.87355399204776130       0.71507167574453145       0.70837340834761076       0.70228822234324717       0.70848552128774878       0.96443501514752972       0.64627098872614031       0.82805523866072461       0.83587460966254945       0.74234300006535525     
  0.39715683199112817       0.43629194810323074       0.40217840656900933       0.46751607757770347       0.36921711185775352       0.49074512305547169       0.49528698739109145       0.55768119852597597       0.47449132691799101       0.45902236299031918       0.41754325568406275       0.43982284706939245       0.42233310797470042     
  0.90178263657965263       0.93844252406496131       0.36937438713453152       0.88148362136006220       0.72893670393322640       0.72785724877391600       0.71672195558872320       0.72633626395729356       0.96606637199981016       0.65316813317252986       0.83808512964261861       0.84740935279382390       0.75672310872634208     
  0.51866189204633029       0.43007991684559227       0.41652518507284059       0.45129693607271643       0.43054181527546082       0.48798814030189686       0.40993131967563051       0.55158137054842304       0.40997816156298345       0.48681895045525397       0.46054642125110645       0.49568368944942637       0.37605825603685150     
  0.90665145543956949       0.94187087665112801       0.38806612814357849       0.89002142434920051       0.74449010810637040       0.74611838401401520       0.72967782257129599       0.74386885149824322       0.96778987252440618       0.66035482965842707       0.84782564001671334       0.85830778662567042       0.77026228263826746     
  0.39667413657108941       0.43905896547570550       0.42919929704616255       0.45677117885237617       0.45053193932450752       0.43297828246697662       0.41237781447465915       0.40341688165400041       0.52875699398090803       0.44638796440311324       0.51307986139724637       0.46899258466199645       0.43416530526393077     
  0.91136889998729242       0.94546872277155036       0.40706114964559814       0.89775894350343111       0.76135570140575437       0.76363589019846201       0.74342787243902908       0.76157446815307039       0.96955558094100569       0.66756842685216389       0.85563218654388318       0.86914630250914215       0.78407442108878045     
  0.46319160042533941       0.39579413713531597       0.40332651915361339       0.42166927523906245       0.51500980781591854       0.42839955104319383       0.41959100553657880       0.48565584421634517       0.47295268747536778       0.52713732617388076       0.37324215108122871       0.42993235473885660       0.47293990951599818     
  0.91613577034805949       0.94922357558698522       0.42641121039765417       0.90537952799582500       0.77835443915908498       0.78153461830721127       0.76099479390034519       0.77911898066830199       0.97118778537510886       0.67493141702713788       0.86271665158722377       0.87918079155084605       0.79878084005263361     
  0.39836491633100618       0.46848641891791409       0.38666008517091927       0.53398443250002603       0.43941986483212880       0.47589540963458360       0.47975138091125114       0.61171031890086347       0.50776984051676022       0.42285371051753901       0.42698689592711830       0.38119040657430098       0.46491489313932255     
  0.92127552930283252       0.95299430103107141       0.44659924249744182       0.91261190572765749       0.79576180033440935       0.79935056972218876       0.77864119020168077       0.79503798112873458       0.97266205834981290       0.68271838565801035       0.86953687806601720       0.88852044247418260       0.81503843856882041     
  0.45042660260460693       0.47072176834382884       0.48426489765405489       0.40428868149605757       0.50942618368486758       0.48759228583553627       0.43932481249571348       0.48780291533325260       0.41453169502408393       0.47275409328886603       0.41080759452841809       0.43761768259077827       0.46923576927697203     
  0.92663493944768327       0.95684021234317962       0.46925456573665086       0.91995418155339925       0.81319043201712227       0.81873874783956824       0.79552883695767052       0.81149882643870352       0.97419536269405671       0.69069835936572155       0.87772373538175985       0.89758723264720530       0.83200078974306169     
  0.46145067086943747       0.51037095942841815       0.48710777244679826       0.43865505234829200       0.50689897001319373       0.40715476671973955       0.49523003444807556       0.45965833468540834       0.46293103135292968       0.44952486467354713       0.40021266914604364       0.41291020800033623       0.44008363595163996     
  0.93225455639121135       0.96082750982954657       0.49603590828889443       0.92828115474854156       0.83048474945295980       0.83828304965904954       0.81210939603374777       0.82619702043478482       0.97586579719108346       0.69962782528509326       0.88651050902473638       0.90622782948566549       0.85020112810378945     
  0.56686869967995723       0.57105117497410129       0.48732903846164427       0.48221667823277747       0.51135918072395647       0.42901904746039571       0.42584648373612038       0.44416691709193712       0.44771714084434755       0.47666267281202496       0.42609129978293042       0.46010794628141510       0.46419987360204507     
  0.93787663522809050       0.96482671210316484       0.52591813274949262       0.93676141948005309       0.84762512022996739       0.85689272990458243       0.82874564904754877       0.84089561676727032       0.97759143845254504       0.70956476581941996       0.89659369278012735       0.91539805656157669       0.86836173143001183     
  0.54606345493015007       0.65843738155125453       0.47492891218766026       0.47497811831934228       0.45152591297194505       0.37849237645226902       0.47210876970523213       0.49821157735439314       0.55754461772355601       0.52163879117697909       0.43811541360727402       0.42811937496042096       0.45703070869371926     
  0.94360266780770208       0.96872824619041253       0.55580041827336324       0.94411970616798591       0.86462328271739530       0.87613634908225613       0.84657807045872868       0.85594189550543143       0.97932427781679365       0.71940645496465006       0.90778641630487344       0.92394832995736043       0.88520088254740559     
  0.52480682211390473       0.62101815282501982       0.41713254163297048       0.53760060566174428       0.45017737402759850       0.48292744695710094       0.45812099093192454       0.48140021710114400       0.54636758772929817       0.46033349179384098       0.45797023780818330       0.42308935520369639       0.39849922774133734     
  0.94929922859373894       0.97242974308049179       0.58511353170159441       0.95092509604640230       0.88125943406992779       0.89604286019755164       0.86662413395611071       0.87239058330027042       0.98109006011166255       0.73075222098227421       0.91877894296864349       0.93276639877120349       0.90006838552582991     
  0.47125984280089800       0.52410956918083018       0.45578036027138291       0.41750534731019695       0.47783967107297620       0.46550770404578001       0.56361179384451054       0.45915259163429556       0.43884398688419746       0.49507494709525346       0.49380039026273320       0.46981456060925247       0.43340496156842212     
  0.95485190070035664       0.97585393101117290       0.61811313637685372       0.95683621378814976       0.89839126972639061       0.91413179747180551       0.88761036750068367       0.89088661398168911       0.98306342145497760       0.74257467271590616       0.92932601485529231       0.94122632723213617       0.91420289070161354     
  0.45695537555852322       0.50342490696980657       0.44623691514131364       0.38862282769803802       0.49832529052128066       0.43583836762882400       0.42062904175293070       0.53873612894990552       0.44390474189567325       0.47023763443557764       0.44768561429933879       0.41969795838424245       0.49230125902871941     
  0.96008967296032655       0.97916177052630748       0.65638561434253917       0.96267040454196218       0.91546093385549332       0.92989760524895271       0.90709212677623519       0.90979494474868550       0.98535796860004166       0.75412548917640010       0.93961952445167796       0.95027059015735393       0.92798079773926556     
  0.50621976186478801       0.48449334618742496       0.42717449364895549       0.46584935468903488       0.44083177816675101       0.48274467970382695       0.44300586990229701       0.50089050626756326       0.48658450587350549       0.40267885606392662       0.53055128936548990       0.48318267057690722       0.39856261644760232     
  0.96547469786558882       0.98254225340271806       0.70218411366808631       0.96992912638212836       0.93379087781988335       0.94410489905435291       0.92474805429500129       0.92892319289146574       0.98739320841706024       0.76607742454351702       0.95099390123998429       0.96015713474386177       0.94171301921656858     
  0.47022834635928246       0.54414050700873451       0.40497029992024797       0.55786308477698687       0.52665350883883955       0.39223293595631098       0.53851903306666782       0.49250079506483668       0.65543100746819916       0.41540865590062603       0.43836616143484541       0.46136417921556017       0.39582056008352035     
  0.97118662384369481       0.98612627718206514       0.75552263115677021       0.97800123293137575       0.95219805326666562       0.95675756253320376       0.94194025198713527       0.94810870370894207       0.98989838487548865       0.77935692114876132       0.96329311891012637       0.96985581364211937       0.95553706281574002     
  0.53456205400993595       0.50263937475834408       0.47005474077894893       0.44994531258912890       0.39713131909869115       0.45059767760381458       0.46885130002971398       0.58777445244220095       0.46153673350832009       0.37853542205982110       0.40790732657939199       0.47467854968807954       0.44375353315699795     
  0.97781236636727131       0.99041445078643031       0.81915495982464459       0.98576776297103097       0.96944397503098489       0.96938192490094188       0.95984995052578359       0.96653361346521038       0.99296877377263848       0.79658149774569376       0.97525998963759830       0.97910134693532735       0.96972172900773712     
  0.48399724201263816       0.54740654179762194       0.44129488082864321       0.51135884033524903       0.40166431094598815       0.40095549960235999       0.47557071804883788       0.46252832548532857       0.49474159209260715       0.47345775398317425       0.50508137832086430       0.43508736748467641       0.43686769422729566     
  0.98774506403497531       0.99503756469626092       0.90314145618493902       0.99283623600592608       0.98401582175037372       0.98370483312675039       0.97961945520629867       0.98224143678865816       0.99643268526708251       0.84021414706430653       0.98749130812289831       0.98964856994211547       0.98466642269254934     
  0.46533167092282968       0.55230571453417376       0.43393077551574510       0.56569407774026026       0.44930352677567448       0.45874708773221351       0.43663776006530008       0.46548117004916723       0.50389390725484362       0.70479197983651165       0.47709827951145434       0.45051132745713546       0.40831552794760861     
   1.0000000000000000        1.0000000000000000        1.0000000000000000        1.0000000000000000        1.0000000000000000        1.0000000000000000        1.0000000000000000        1.0000000000000000        1.0000000000000000        1.0000000000000000        1.0000000000000000        1.0000000000000000        1.0000000000000000     
  0.47772276014482240       0.49325277991552396       0.42056287185972546       0.51114753683393310       0.45779914755233436       0.45540405597888284       0.51288987683206433       0.54622213241159923       0.38078504262009494       0.41298976677487104       0.44429397475245463       0.45831773696459166       0.41520148155799158     
   14.016783829878101        3.0133061355049895        15.980492210726233        10.372025557701326        12.987169511991917        4.7613202175344540        11.609150299274653        9.9745009426634077        0.0000000000000000        6.1228054869140101        8.2432376911805463        11.311081900659378        9.8094526664677932     
   10.007764552234585        5.5130100056110045        9.7410931316289968        10.802661121323291        7.4292867253772261        8.1664793495074672        9.8367213706506451        9.7861056500993211        0.0000000000000000        13.022162936623102        12.340397060135237        9.2067845303312090        11.544218737443757     
   9.9947495140554441        7.9608912830489027        6.8781676861101344        11.329088717022364        8.3479170734225967        10.379959315048490        11.902522975817927        10.291474582269467        0.0000000000000000        9.7724689292179647        8.5843395215632405        9.6756375835255941        8.1324287848545040     
   10.510370571080283        7.8752027809485154        10.636998687148942        8.6466658002438876        9.9090458795736378        9.1374575023617801        11.172106865529260        12.014234894305835        9.1779173432219441        10.581768107821727        9.5692685077791868        8.6714679251354010        12.636473303516714     
   12.331530640651104        10.085519411103117        8.1648611218193707        10.655557495612639        12.713281880109921        14.167258508408995        9.0309993683862722        11.532644525317808        10.805310301800972        12.253567541423845        9.9817807328260475        10.387179610418444        11.128340919639049     
   11.340842184255347        12.678053435421146        7.2669589372819487        8.8980438752449977        11.285315397301515        9.7851500083399383        10.639481022918588        10.162692684382003        10.443098157775092        7.7111885527617936        7.5253713019313064        11.130664617368607        12.502536720971095     
   10.636821084037747        11.472418423399272        8.4611975472960399        11.177395923152451        9.1362994898856016        11.350086404047735        9.6268556114234176        10.669589169935097        10.575763915761074        10.490146431935754        11.745455539221139        12.497223891651936        8.0735528244070451     
   9.5765165932062981        10.029421392903441        14.039684618583488        10.544366085607869        10.213655161259469        13.479876811097368        12.852799221576982        10.238375461857991        10.676354050231890        6.3192236927152861        10.822236488019920        10.166690111631757        10.537158487972908     
   2.7919632634048345E-007
           1           1           1           1           1           1           1           1           1           1           1           1           1
   6.7610406935376957E-007   5.8932615994117932E-007  -1.4857287950557084E-009   8.7298640710898905        4.4922192072530250E-009   7.4492012973623619E-012
   1.8317076414538188E-008   1.7629643668268300E-008   7.0521728249866164E-010  0.31104296938882303        7.0510151005818097E-010   9.5347501418462323E-013
   5.0000000000000001E-003   10.222466872796234     
