   0.0000000000000000        0.0000000000000000        0.0000000000000000        0.0000000000000000        0.0000000000000000        0.0000000000000000        0.0000000000000000        0.0000000000000000        0.0000000000000000        0.0000000000000000        0.0000000000000000        0.0000000000000000        0.0000000000000000     
  0.25132729526203407       0.34359362241120839        3.6691117660107644E-003   5.7573391663575642E-003   1.5339869473446165E-002   2.2726644524137002E-002   1.8256714870905098E-002   1.4421731087501180E-002  0.64350717382002787       0.21111037687548326       0.11717878614774728        3.4075606356285829E-002   1.6425086605952339E-002
  0.34828313562793473       0.35429109390016272       0.44553902904729897       0.35986834541627349       0.47197055409975758       0.37508483515513247       0.45532525198013069       0.46536902841339306       0.43971928830270851       0.39768471267111316       0.45516019947287595       0.37758042729968855       0.42657327713097454     
  0.34632533647792457       0.40036358842903458        7.4346806310824388E-003   1.1561126212942037E-002   3.2092970222499621E-002   4.2876667447696373E-002   3.6062130146523735E-002   2.8963478047546377E-002  0.71754974188969411       0.26647024107592809       0.17723979763680289        6.7872772528684011E-002   3.5222183024886722E-002
  0.46364982282027883       0.39413117384140667       0.48161771666516945       0.44803640402450834       0.40573388670568306       0.41245343288579156       0.44562799970302608       0.44249679078740595       0.51153241035440555       0.49003525945651888       0.44830972660627705       0.39365144379791417       0.51367041855314521     
  0.39901710626252868       0.45411339013526086        1.1111961792116426E-002   1.7439295328644404E-002   4.7945291785893088E-002   6.0606542988778468E-002   5.2851070716827465E-002   4.5814031890842252E-002  0.75275058250933891       0.29697529345551327       0.21415814231858615        9.4598325646380599E-002   5.3276108707525985E-002
  0.43971928830270851       0.39218057502580622       0.47982368143431342       0.44471439179682365       0.50438153540696040       0.45248478103919804       0.36785083214506731       0.47130680890861454       0.44626987120660483       0.39220330931890790       0.44858167726259113       0.37416860690440717       0.47870125821399312     
  0.43645318603938976       0.49840712275100540        1.4899784314374952E-002   2.3697612588322554E-002   6.1133302029216720E-002   7.7304399506209834E-002   6.8383465446637287E-002   6.1965230972906356E-002  0.77329040756135659       0.31534536661113893       0.24435654184630937       0.11874627493092862        6.8630453247143786E-002
  0.41034123922239174       0.41473178659713683       0.42447802663351175       0.49156517798482685       0.40308757596514178       0.42643815422908088       0.41204818500063889       0.43425013510423099       0.37113892521876934       0.32677021304686032       0.40745197764686797       0.39172617195739384       0.46754023849179210     
  0.46776553686807160       0.53235389137267841        1.8781639458781748E-002   3.0522289049999391E-002   7.3065208704908097E-002   9.4202063266404595E-002   8.2834112604214638E-002   7.6683263392023568E-002  0.78813916308843868       0.33191736579569026       0.27259373379246210       0.14401093423738803        8.3028587386604971E-002
  0.40285135066442412       0.41603894848979234       0.47067337679147891       0.37089519101018842       0.35927224597196622       0.40517648942558937       0.39155605322673248       0.40948425715164466       0.39329995222643105       0.50137719596036756       0.44999519553167489       0.55053240690205940       0.40343800643052707     
  0.49578615023088318       0.56064757423529310        2.2590909021977447E-002   3.7114075385972875E-002   8.4672296076339179E-002  0.11042277008609044        9.6779506207461424E-002   9.0810250780207699E-002  0.80220605592491012       0.34718610591374882       0.29733839906075060       0.17011073705825747        9.8273004993882973E-002
  0.35757668674177467       0.40501899348812370       0.54805555995684441       0.45854957871630975       0.37459822938550585       0.39609787434126659       0.40459923432275835       0.35137352596600968       0.48920154888350897       0.41688796986102139       0.50703458734406459       0.44546357478506599       0.38087139963464961     
  0.52063508583592688       0.58412297496247823        2.6368717778075625E-002   4.5432717965176853E-002   9.7362727363616508E-002  0.12788698501597531       0.11130556201597863       0.10502757643947262       0.81353934994420851       0.36095149820398736       0.31897882455578797       0.19852776146892059       0.11511342013997915     
  0.40883210277319509       0.39524211022374062       0.41999029452938980       0.40505067055495814       0.44388951542342814       0.49519383363214187       0.40692531841411678       0.39381453340936878       0.51971967838865984       0.49447037286271750       0.41242111390168928       0.38121595892041588       0.56364930327288976     
  0.54203361044395193       0.60303822940239915        3.0120168077463261E-002   5.3924023778610365E-002  0.11271282763385751       0.14482534584103735       0.12762149884691115       0.12096098156483689       0.82309870462190426       0.37375849905442488       0.34013991657787873       0.22711162094361786       0.13162089855626605     
  0.41688796986102139       0.36887394629043191       0.43815362343872150       0.50278148734659112       0.43915834117477254       0.49847430059292974       0.41315210713569367       0.42371038661008903       0.37148786062516592       0.40558174112113921       0.41474419870777540       0.44371813869188220       0.37281193457159967     
  0.56191931927372141       0.61868801201530277        3.4011676766494435E-002   6.2483406901435473E-002  0.12637980908283264       0.16189385124034128       0.14559350051873721       0.13760643727866989       0.83244779236110378       0.38531234163136702       0.36113548473535872       0.25458021284974608       0.14690137801080685     
  0.39007315795737951       0.36630713374214346       0.37530078764370262       0.46960114309809392       0.39203837969431404       0.37472015742309284       0.50826870299053906       0.46236677517830099       0.36559169701069227       0.44364561322876650       0.50003489970999482       0.45096815956001557       0.44451757370327594     
  0.58153146268629441       0.63237759993520759        3.8145306917485543E-002   7.0639386097601758E-002  0.13958744368738979       0.17897968476083378       0.16191201184095827       0.15393524799918093       0.84119289771548256       0.39568372283288528       0.38045503662239455       0.28086182900029788       0.16217626185604381     
  0.45136547398815974       0.37708608247433839       0.54628183416845755       0.39090981846755835       0.34661955141421147       0.46771382942750739       0.44586241299108825       0.52565317672980871       0.38836460497296749       0.38607767127176557       0.39492524786068051       0.44916031550966717       0.40918816972830885     
  0.59891879163383832       0.64882347628008408        4.2475130469700535E-002   7.8721426551512860E-002  0.15427179050674955       0.19595878680545425       0.17705706192563275       0.16906773193643393       0.84930553424964361       0.40536081281810299       0.39755718037742616       0.30627283600912969       0.17738282119522131     
  0.43400481465744495       0.39672247537350513       0.42658719064398365       0.37133351943237269       0.49440581860030880       0.49244027608034407       0.44694150942475092       0.46412704172092289       0.45842712768306321       0.45153273223597662       0.41530740511521586       0.48751740800571453       0.40598401214705032     
  0.61440686105646236       0.66434046436828442        4.6998310448759961E-002   8.6680512601763501E-002  0.16979879004859316       0.21182894754216089       0.19209607889889899       0.18335180029818404       0.85674426685640093       0.41389207258010802       0.41496739537164745       0.32904495254619437       0.19192135221794751     
  0.38611591480370006       0.35976592236848787       0.47030352462957070       0.40953347492510372       0.42091382450459330       0.37906568870174356       0.48301325725258154       0.44231087363066496       0.45110656865092730       0.38910340781875002       0.35340149886581640       0.39226129396469661       0.39633359223965220     
  0.62932967138975560       0.67735300940661602        5.1725122112874340E-002   9.5059860903948051E-002  0.18503032980956741       0.22498610973246000       0.20716144738614684       0.19665344431227341       0.86346718600252625       0.42116505495861634       0.43296670817618726       0.35082555504828161       0.20513064562348898     
  0.37037738223224786       0.50110217333299778       0.45982827781270574       0.40327867227764463       0.43893536253089244       0.45103123394781924       0.38067510584532571       0.39341815603753688       0.39851607843830239       0.46114022021686446       0.56959032826075329       0.47553663798730944       0.40962134517701532     
  0.64288482781280321       0.68877712031612859        5.6676612894179509E-002  0.10429623401989679       0.19994031597407094       0.23679580465871708       0.22273889560790031       0.20994783474840747       0.86978469179185203       0.42798440427548201       0.45021275313080789       0.37107364085817607       0.21749318799577538     
  0.36546487013595208       0.35930394183928743       0.42326091797213711       0.50315832545057670       0.40821749826794834       0.41695595965655496       0.48454267469808987       0.37538589656302390       0.40269830994521305       0.39664140524943869       0.42727364423511183       0.44143794761048649       0.45360314991694323     
  0.65553708225613783       0.70035724487815132        6.1887015058594827E-002  0.11407086366786440       0.21455462072017323       0.24894716061339428       0.24022114050067161       0.22435749932066357       0.87556240944101915       0.43513960954138758       0.46513498631988642       0.39097739877750665       0.22989453320344258     
  0.42072936355081503       0.39663460290919633       0.45193974256039449       0.45256798491890160       0.41411298713775313       0.38720025574741668       0.51202912030133996       0.38756606753207412       0.46934103108331193       0.38668540855656325       0.47330427831787408       0.42348385773816521       0.38313273635864409     
  0.66736757209055786       0.71225178058544525        6.6951287329076500E-002  0.12420002400393178       0.22987118130629280       0.26167559651303446       0.25781372971787431       0.23878511667974536       0.88106309330113985       0.44332821670213945       0.48029881274019243       0.40957680733553065       0.24260581388972141     
  0.40701243851825847       0.41611895563731666       0.45325182197886571       0.45146136248963276       0.47183605528666295       0.41805336906445928       0.48322430131850863       0.41594725531602733       0.42083427020409098       0.39069995268657287       0.42100104017693363       0.41267956324131583       0.36616107523980174     
  0.67867385317400142       0.72408638840788297        7.1361637485995028E-002  0.13458620628772572       0.24445756493945162       0.27619196172243049       0.27408301317539185       0.25313465589053502       0.88602255054547574       0.45231155630941400       0.49446634396643424       0.42626476360242421       0.25769664132899567     
  0.44529111864991677       0.39661750313607141       0.41631387195178016       0.44984678479195694       0.43967005633565059       0.45372178177570793       0.46390222216469451       0.39254347583433119       0.44446820749720883       0.42767442219622015       0.40321157379998990       0.41537936054614100       0.43467073321588351     
  0.69030588638352808       0.73594145681215661        7.5960764882233980E-002  0.14602304171978439       0.25981413863185560       0.28986246541987187       0.28932579604491282       0.26681474817735906       0.89018681969651314       0.46083750069898144       0.50860827820192145       0.44224375170128521       0.27240102043604575     
  0.41685847033476608       0.42892813060965224       0.43011086997472542       0.39767103936154230       0.39174761288452536       0.38740002655338301       0.44906866632655573       0.40409655039753889       0.43364404134344309       0.41752202856987175       0.46492480519944379       0.40018951779231776       0.45096037942962452     
  0.70181525394660660       0.74756720886094552        8.0598826722123401E-002  0.15745572099020164       0.27574066032107847       0.30265191696022786       0.30450776647148892       0.28087629095065125       0.89413544280941759       0.46832935960206268       0.52179318003781028       0.45864813363330564       0.28463888923068797     
  0.42864751286455183       0.41480304740004631       0.43119660906022195       0.42355491080602931       0.36092838202816674       0.47964834422910463       0.48427645456773577       0.42374297845504311       0.37097829844961477       0.34004622205020607       0.40401730063296010       0.36508833839602212       0.35582785480718532     
  0.71238465117240202       0.75832888698126311        8.5038303894493406E-002  0.16881374632909457       0.29271547601072379       0.31671504715220589       0.31825506788343683       0.29805130292473536       0.89783464284425318       0.47606720613821868       0.53456527844099355       0.47409093618889203       0.29572364157721992     
  0.39771866060610744       0.50000267834702672       0.33120520577688700       0.37913103689839289       0.39005772724242105       0.38211697393713157       0.45698540655351216       0.39166500688155897       0.35473119665470121       0.42299565465062544       0.39135222406536330       0.35237562925916260       0.43714202243431294     
  0.72192003997776599       0.76849276149804224        9.0367770355849766E-002  0.17959392955587752       0.30917432861623867       0.33119059693690728       0.32828027519102743       0.31745315171594601       0.90163365072749257       0.48372906260197202       0.54812205573484196       0.48896903165063405       0.30689886577774106     
  0.40700733208840345       0.38096807535453647       0.42477578829239993       0.41741049689742538       0.46751093020522294       0.41560286773781174       0.35330299882994487       0.49604805024106785       0.39102110600933104       0.54224613780769693       0.48094283306274288       0.40511486558074378       0.40320820026068221     
  0.73068376839529114       0.77837842215383990        9.5750214228134040E-002  0.19018796755143921       0.32504719713116093       0.34754175544432125       0.33649136232643745       0.33582817132273129       0.90530560513253699       0.49107911917554914       0.56179621291621307       0.50369041449376484       0.32127363496820166     
  0.39531686428194890       0.44934118436301917       0.38544845899037367       0.41250156834407520       0.42644677190653496       0.43631551286424120       0.36811412314891123       0.44537746306019810       0.39808945635983328       0.43756561455820486       0.43672910420264260       0.34740035825151760       0.39651898046672168     
  0.73978461225732695       0.78786337936946982       0.10134145808146824       0.20128140746267728       0.34256873168626351       0.36337627567925629       0.34602756398686119       0.35165127598530055       0.90839554893606156       0.49829784315381093       0.57566996405604010       0.51895013660845835       0.33876948905267845     
  0.41520129210273637       0.43904487557490579       0.47591515549707453       0.46148765877650155       0.52343825968738200       0.39070427228222315       0.39787849783384921       0.40325414084827488       0.38165928231343971       0.41752945976893646       0.47311004752132024       0.42832807415382024       0.49403725665988141     
  0.74943033531776515       0.79662842500563147       0.10706657141430957       0.21326527869185349       0.35733053861846598       0.38046644433443871       0.35996028980776762       0.36642049819213302       0.91125901860350245       0.50559997997200756       0.58992889084213451       0.53461270332104360       0.35582042681054438     
  0.42891817100272439       0.46656078436328524       0.46119225593379376       0.37308511210959477       0.33970050671918350       0.44766523084346088       0.38319475302202988       0.37676901653247663       0.41753277850891463       0.47659996671073562       0.41079921646136941       0.48164573092142932       0.41484679847746381     
  0.75900969140340024       0.80495016289193710       0.11343873918275320       0.22637464121641182       0.37158588485298666       0.39674282096144275       0.37540913609479626       0.38124648160767038       0.91393896604977398       0.51302862269763383       0.60092881232252238       0.55105198835646840       0.37284956907348549     
  0.44493519100527196       0.43901859530336157       0.41977580884314253       0.50583786150126431       0.41760195406530792       0.45000160581525062       0.43805438833632721       0.47475757656994716       0.41525560902307962       0.51039182465820943       0.39855840559040479       0.38341491833282848       0.42079410941561401     
  0.76802698887835974       0.81319627457553534       0.12040975242296569       0.23996394897872020       0.38598705347254580       0.41325486662427741       0.39189678168147862       0.39640563675221574       0.91677076269480329       0.52083214594122706       0.61067174105459954       0.56695314666132213       0.38987785722068619     
  0.43781584706038634       0.38673042411175573       0.48767998222601538       0.51518469587286519       0.43268004142059929       0.38580449099632474       0.45007954614070639       0.36685257605127874       0.36971116065979853       0.41086982487423257       0.33313791028825829       0.53600393854324568       0.43052788589229146     
  0.77654927566021426       0.82115607378302791       0.12727038093325521       0.25350218703725552       0.40105100460345505       0.42794327234307350       0.40863464080525308       0.41318711361195498       0.91987509635035292       0.52864181631215135       0.62013312038789159       0.58170443585051401       0.40608569396029959     
  0.38744315699023213       0.38368581651304673       0.49031662362010803       0.47638004711409365       0.35143824759878478       0.40902752207266369       0.51407242463705660       0.43762745010987109       0.39645167984060814       0.46160580650368882       0.42168606739242132       0.42612534509147726       0.46100493798314934     
  0.78421973106041887       0.82845533206505229       0.13392367243786665       0.26609254328028553       0.41729879117091262       0.44108227248763182       0.42618525789297712       0.43032373402200058       0.92303774897834079       0.53561437091607267       0.63150575354421179       0.59571958589440144       0.42244484615239691     
  0.40650874724155928       0.56473254989776311       0.44103249290843816       0.42816264312928953       0.43483847151881366       0.38951091906361762       0.43745835945864264       0.42099846873164054       0.48100624022321536       0.41603022521013477       0.39556146100361783       0.41207073774619407       0.39748918885669399     
  0.79136906279201258       0.83528835020929348       0.14089554487183964       0.27777917517207285       0.43373581517839449       0.45462355244506514       0.44532155837503079       0.44669216048292698       0.92606582843820784       0.54135679422375660       0.64550229275231941       0.60944239780426246       0.43787643604193488     
  0.42577743624529713       0.40205020427291416       0.37677473324965161       0.36271103429985463       0.44640134390052000       0.43079773472505700       0.40377109262023364       0.35526375542246891       0.37859384891026254       0.48200947421242141       0.44140563575700587       0.40192582535230420       0.35788684825396061     
  0.79823827883925647       0.84197580843109199       0.14815001566339192       0.28879877706186385       0.44914753268814400       0.46994995462199490       0.46475673777583199       0.46180079804362562       0.92892862577313406       0.54730499800887533       0.65836375042822659       0.62082310116705952       0.45353894256103239     
  0.45614464573057378       0.42250487845542273       0.45434292229557027       0.36788502415375302       0.40837874086808390       0.37154053570005169       0.43634678076875910       0.55219615067872241       0.37748633199145487       0.45418160624129711       0.44692149888841504       0.38252539036037891       0.41755556571260022     
  0.80540390976493059       0.84843432315438860       0.15665406165221971       0.30055654690766620       0.46469501221760290       0.48668794841890328       0.48420675706162203       0.47533118347951175       0.93167234567974233       0.55313329887220064       0.67030603393649402       0.63202794158120756       0.46987842869279822     
  0.49708198604685910       0.45514789288493462       0.41118855033920237       0.36998017125707428       0.45126491387133555       0.45273715557985911       0.53381621728127227       0.43605608387233180       0.47560130427288194       0.49827810880659451       0.47881845492412090       0.45010112957006421       0.46293597263317487     
  0.81277056608045928       0.85484164653310946       0.16555110437356862       0.31323981897964581       0.48072177070499733       0.50628523408516679       0.50293392990603425       0.49002256145996992       0.93436781795246726       0.55890771398431460       0.68186490558142576       0.64302303125708893       0.48807271860009033     
  0.43990551744369494       0.42357120817900146       0.41399793514634942       0.43388321742929503       0.40334621808049542       0.48797550857914768       0.38946451057707471       0.43266554323935913       0.43683537175950010       0.38915974001556042       0.57620380865851706       0.41956413317826513       0.48565766234303120     
  0.81973837549414141       0.86150688735255931       0.17433996381141503       0.32629543866142913       0.49680813038798510       0.52415653133458973       0.51972513114648555       0.50639348021226804       0.93700272760824910       0.56476216590851458       0.69469586227519320       0.65484161911903516       0.50674695407398496     
  0.38631059951862706       0.42269997833872941       0.48300232740356414       0.42906991961624547       0.41680781557073637       0.44398102434463482       0.44446425640391601       0.35267259405671947       0.39167040891032867       0.39108557568120472       0.41107094825720725       0.36416873204589634       0.40792586147243587     
  0.82636412459823472       0.86836013382064536       0.18346258978836538       0.33848865279910262       0.51203482876191109       0.54109613088238073       0.53617753645507615       0.52540450775946379       0.93943076404084747       0.57053581247536289       0.70726020970141901       0.66734392484162219       0.52529791553344007     
  0.44210254974202035       0.53052496404565774       0.41865072776211548       0.39885053455566860       0.39769515199277805       0.51233977809389597       0.37821157541316575       0.47164317255819771       0.40060548572778559       0.41845031597078025       0.43969466383345251       0.43863161005543783       0.47233247087206182     
  0.83234330050627514       0.87464625394651951       0.19355078584608035       0.35189407631294090       0.52703577055258433       0.55741546391632246       0.55336869779939435       0.54494217125308675       0.94159589449978465       0.57612062099855688       0.71840363726948475       0.67888680481422370       0.54169153388609081     
  0.45390236116954619       0.39528565805281424       0.46058903934196777       0.52221884869265078       0.45229668050349575       0.40767605575433558       0.42882651971260455       0.42909945708883751       0.38026834231077900       0.36779743277569565       0.41823412857148223       0.34890442321853266       0.43478443637177072     
  0.83872293770384676       0.88008177335481885       0.20405841082225060       0.36499510891985126       0.54138895828244959       0.57548106222309692       0.57048545919373117       0.56313251735041325       0.94367540378470582       0.58162587392911824       0.73002439052438928       0.69008322092973606       0.55676317199643577     
  0.43044810209201445       0.39744975780660086       0.34805566101157703       0.38637548394228616       0.44561521311143421       0.46453172527194914       0.41096868682693810       0.37790014869376243       0.39094207771790068       0.51193913840923522       0.41132007587397096       0.39236059717326643       0.40999798271485799     
  0.84563769326121818       0.88577376929472296       0.21388239100385698       0.38008477246405514       0.55577902775917054       0.59241377708319320       0.58663052101839708       0.58008386838270010       0.94579706064592495       0.58724331679418162       0.74062965120130519       0.70172165962689836       0.57268308204073659     
  0.43214781778412908       0.43046640355251720       0.43160852266270550       0.48855369979840202       0.43859785080933372       0.41553735616801657       0.44687284187584247       0.48987211103031419       0.36691523326422321       0.40743511367625146       0.41079277827470051       0.50183486072600758       0.45992657168996426     
  0.85175888322856574       0.89097438473477397       0.22376867101136197       0.39818384044174537       0.57098559623585898       0.60687531103058423       0.60221109409096729       0.59662476947705101       0.94791587247063458       0.59344159858825818       0.75114132963596469       0.71413759502366703       0.58867672766451029     
  0.39681486234306024       0.50189012426543000       0.45049856621675555       0.42191415193758713       0.41980485722534683       0.39317740611134661       0.38762461682541394       0.43855386301244825       0.42739151724083979       0.39277265745501905       0.43651954765206225       0.38284393450772297       0.48335087735125332     
  0.85777725899599655       0.89584459331711552       0.23425390234762544       0.41788007102794456       0.58776159737466771       0.62095041476405455       0.61792649639137620       0.61303229706599738       0.95008585270789170       0.60032809288549338       0.76114488735308050       0.72768674563031832       0.60545606279807773     
  0.41576468650545334       0.39586591939366078       0.42776389958465583       0.48219633387746780       0.42927521052210788       0.39137498697445222       0.35614381797232630       0.49684253468247985       0.43804375590447875       0.43176614115790812       0.42998591789549462       0.39359813195999432       0.41124260165551546     
  0.86361173963587989       0.90113390591989107       0.24503202020329454       0.43774941699411846       0.60369092489954868       0.63487813516904124       0.63436619980094811       0.62942592444081702       0.95228520318269649       0.60740666999260728       0.77147736798876954       0.74161479522230600       0.62140726707325533     
  0.42224082974681110       0.50356320707698854       0.46232002467772526       0.49813075219561043       0.38599329348728378       0.51373137601508334       0.48498750471949809       0.40504070520485164       0.46273924849911763       0.44390578114287393       0.45113663503895235       0.49525457273972240       0.45723616449810572     
  0.86966845857861930       0.90600014038652665       0.25543525139295625       0.45595901550275358       0.61805456371950929       0.65112007147115791       0.65047723844289096       0.64545526316547097       0.95448007768242293       0.61442266534409595       0.78246485611324879       0.75480919380091804       0.63804597676727548     
  0.45791930603210190       0.45777070228428779       0.46931831915436129       0.40272532387842147       0.44643004067304098       0.44339609094850324       0.42344740806469644       0.46581462103713789       0.51903715156192021       0.39152842152535677       0.44299675565524305       0.63048819870030948       0.40658945517653394     
  0.87579885453698847       0.91072963332073276       0.26596960470486686       0.47458809262156049       0.63229998643111018       0.66953096317217964       0.66512131609551484       0.66119734744368031       0.95668154490842372       0.62139259636741639       0.79149901970000236       0.76699916445165417       0.65559143220607130     
  0.43758297835910148       0.35622975873926810       0.42437748882603094       0.45683372082716722       0.42634965380287310       0.44803875293125822       0.38962144316641661       0.47783993926191587       0.44759075817095961       0.45973479296712039       0.35957146106810750       0.40353704947141655       0.42236741505841435     
  0.88166611262644967       0.91546280587264239       0.27735959994587644       0.49479839148708077       0.64771829839765416       0.68744654030526364       0.67864377531869302       0.67657642051458400       0.95889396770879387       0.62834321253270120       0.79916365785773702       0.77842016661984104       0.67266070157290392     
  0.53638712746900197       0.42551286326211690       0.39844441373408862       0.44878513562523492       0.42497914809089626       0.42982968566965163       0.45407222671423186       0.51134308378722504       0.41836792149677604       0.42573483216591324       0.42849667215421589       0.40864303514420952       0.52933830288080519     
  0.88738168798564787       0.91994920868860963       0.29127716437094026       0.51411083513374300       0.66445968543214939       0.70219075086934868       0.69267754820712424       0.69113899330560835       0.96106260108689467       0.63518923558284712       0.80659772281082553       0.78966292260064064       0.68868962627137609     
  0.37752862154413441       0.40585779290362967       0.46801852846104336       0.47375980384400246       0.45511472801346448       0.44852689792114908       0.42023908727879283       0.49883301968442034       0.45862099340052159       0.41965172385917437       0.40763093942254458       0.45863807965468789       0.43336679161593933     
  0.89266145070830372       0.92418481919646123       0.30623159350811835       0.53310483892519023       0.68156800169286080       0.71569577567584808       0.70756746767518530       0.70626861437604183       0.96313859051382078       0.64167834495689435       0.81421425734798147       0.80034216975582695       0.70445819138395360     
  0.42602772439863396       0.39985675620727018       0.41958351507567815       0.43532715426413549       0.54425212128805789       0.38347604350625847       0.44407377439758711       0.43435027698542178       0.45205189658178430       0.37049411149525846       0.52124744715375948       0.40839848296153541       0.38076749610054811     
  0.89746707299692774       0.92837597990814735       0.32182369621791507       0.55287263001406095       0.69825493869397504       0.72913146992630506       0.72354637658616094       0.72217205264066642       0.96508486255719317       0.64764174704330357       0.82347691101129239       0.81063293242748469       0.72083035064398593     
  0.42338947247968806       0.46574620473532030       0.46829499406750691       0.40878522007304841       0.47123234049395890       0.35775061557154936       0.42501654770588393       0.41830849322935765       0.39952535306006898       0.42925788596595810       0.39605854636100446       0.51299564170853573       0.38413038731791860     
  0.90254103189402568       0.93308699797307026       0.33644651205384429       0.57238959517362054       0.71544547057304986       0.74407857719673443       0.73996666556439683       0.73985675626619984       0.96695942184956563       0.65324728995550430       0.83305855815911489       0.82095752809099176       0.73854799238716717     
  0.39664780946416289       0.43398326354143202       0.43185704801430169       0.44103468156141529       0.43683467375430612       0.40411792190374196       0.44134111441519186       0.39206018363696632       0.50187526958921613       0.40782239793080244       0.42980445092615044       0.46848452922550859       0.50753921160183080     
  0.90789305760092298       0.93742399005774357       0.35074433188254339       0.59393040510644057       0.73128305740128907       0.76050915808718322       0.75393590596257287       0.75809360994013808       0.96873746556346652       0.65937374941286231       0.84272840956633543       0.83084800390636881       0.75586638615978352     
  0.35249364863615074       0.44723384663782639       0.37514721411585644       0.46971159437802923       0.44070653146787053       0.47125457901633089       0.36317267525463698       0.46258387830944897       0.47318452553536372       0.43157315058441242       0.45739191348689706       0.35128319952371595       0.46026133169784095     
  0.91319798275294728       0.94186177353074474       0.36527096571291257       0.61617678823209521       0.74619494134248021       0.77707167479698147       0.76620631735209599       0.77520802553900481       0.97044508196001789       0.66607673466446216       0.85307868792519748       0.84093512624453937       0.77360212767891767     
  0.40256829964209079       0.46343060820287979       0.35978078788426859       0.41886098196940663       0.38455281486561649       0.40747785659343860       0.36389662506108750       0.43968116257377138       0.45585350581024409       0.40367077223663711       0.41571582485760750       0.39256338115387435       0.39145153578448377     
  0.91835165881366976       0.94624436043143323       0.38382536654543797       0.63863590425221783       0.76147072304895114       0.79360949849348195       0.77801158462772935       0.79019796512064155       0.97208960690331248       0.67325093523265755       0.86398480783795450       0.85095293730268928       0.78940770870818366     
  0.44721225524389241       0.43959498892906129       0.40830887751400752       0.46963092600237089       0.43763198398725861       0.48662245160002504       0.37214992114001516       0.41346900909051504       0.44401132228574730       0.41006545088553026       0.44507393990530253       0.45440108059844825       0.38056932727908044     
  0.92323626016453797       0.95059766509680910       0.40466350707903215       0.66187313742438003       0.77722826497861719       0.81015326196760784       0.79023388298713027       0.80334291180302031       0.97357363376042583       0.68070637206874540       0.87441975596395838       0.86178193858064533       0.80201532904251549     
  0.47781371507694870       0.42374052044945448       0.42363606634892326       0.37472015742309284       0.41681789403840935       0.40204311128944753       0.36881725040761554       0.34810248198030391       0.41253066038938591       0.37758276173764915       0.41283187374607672       0.39946105473100701       0.41660917603319814     
  0.92835067304697116       0.95463025396126067       0.42298453698278593       0.68550648926111513       0.79395864385877457       0.82704137056240679       0.80567624325837728       0.81550768424079423       0.97489819880323092       0.68830979829007710       0.88396488591319333       0.87341724259865894       0.81281728571353984     
  0.47086910731225751       0.46328678036887189       0.45589458287855295       0.37885643446327333       0.45818527505942852       0.43156959122773114       0.39561080092709222       0.48728975819702269       0.39775921272231191       0.43410070089712643       0.46814583249305231       0.43559261544754940       0.38137588117990340     
  0.93321048250644756       0.95861530955019103       0.44213195943709366       0.71025906246232684       0.81136264422023663       0.84334837132436724       0.82209711599375590       0.82915617236230588       0.97613373895105471       0.69590342993428356       0.89312238659015186       0.88517954733558823       0.82354106205332611     
  0.39397511752723130       0.43722140731826703       0.40726414203291245       0.37147459397129062       0.39653040374874743       0.35331908674348694       0.40970920870403393       0.33681757817573366       0.39218640840995050       0.42873618893048737       0.40312291281681867       0.41160323738301330       0.47483349555829929     
  0.93846859503125613       0.96268801940213500       0.46192537648365284       0.73615656294517007       0.82878586676238886       0.85853264737101409       0.83845820468889520       0.84503819324836726       0.97746045330007669       0.70395852773608270       0.90194498610726626       0.89650999425161848       0.83626765260434388     
  0.45553741877968185       0.46617125915785684       0.36500141207226405       0.38041394336954937       0.42569029168231376       0.40178361893229936       0.47822576917800574       0.45042868475284953       0.49677946453087424       0.41797020218982966       0.39323011629803450       0.45369276768230021       0.38331076319266488     
  0.94314928624249950       0.96669426378046974       0.48364001566508386       0.76297608889149726       0.84531038806498682       0.87322501381146855       0.85500981207849780       0.85913292663317775       0.97899389431148642       0.71231072545483320       0.91077086374241312       0.90756531803794216       0.85104579485457554     
  0.50265336116342396       0.50158892818718115       0.38647908182710478       0.47111664574689482       0.47358996922137064       0.40185152214976871       0.43120588072859461       0.48602174142171695       0.40679977005490364       0.54517701103117799       0.45188375895034472       0.51579375422872942       0.45184709870084788     
  0.94775113152230661       0.97049055817070395       0.51101354670250798       0.79027191383739381       0.86139224604889175       0.88672057183263064       0.87153070775856223       0.87453005303775289       0.98079378520688565       0.71945561794110957       0.92017094392349286       0.91844462828193241       0.86578632508459819     
  0.44359236269824126       0.44357279819352169       0.37915854507366492       0.40852605053408336       0.39091675632794604       0.43608415181435028       0.48868461820182957       0.40583413308237060       0.46439334338239890       0.39779548747866306       0.38381770197122517       0.43877425347245325       0.40421123493138211     
  0.95272590090465459       0.97384353137781843       0.54039193866200286       0.81566397650109856       0.87857796175478087       0.89961122051586440       0.88706601840105859       0.89041676222280319       0.98271168537839881       0.72790389694866664       0.92929621189088285       0.92845081102875449       0.88255188743653012     
  0.46604238971524470       0.46015651681376468       0.39877707313270538       0.43470774043785759       0.47604137492732196       0.38516465964487134       0.54072551580089845       0.42513561837978120       0.49968254776047027       0.48555429265990796       0.44961044897548064       0.51554237582552587       0.46598958171329796     
  0.95783576889239852       0.97703693723196416       0.57198812773110586       0.83919761863013842       0.89593085799303951       0.91341738962835195       0.90461921556173908       0.90742429691126214       0.98451165029831889       0.73944957579522386       0.93811234820364364       0.93834192748191969       0.89851203985317529     
  0.46624840314355520       0.57138234873435556       0.37711586672831449       0.35802546523469064       0.44139923580753093       0.46663313625831393       0.43232040437190039       0.46724468949906006       0.45749732307808633       0.52287670687673715       0.40213973450402535       0.41880792632996217       0.40818150489406241     
  0.96356398033488533       0.98029873453753291       0.61109598417232514       0.86494146007943618       0.91289066190480050       0.92770429482753702       0.92221048207331802       0.92419656468307487       0.98609792972374033       0.75023714478656156       0.94802257779469767       0.94811746884098047       0.91375307431675490     
  0.41000293337644728       0.43024203489623658       0.47153042319417882       0.46499904294245570       0.47345951249689000       0.45234880126146526       0.41826555342866567       0.39296734070017469       0.47121763415367302       0.47615413851247679       0.40401911922279871       0.43756339101287783       0.40212397654599058     
  0.96948624893777990       0.98379998922611411       0.65762614704998290       0.89267703224587081       0.92896472553466736       0.94348667625568106       0.93794368990933863       0.93960892865381429       0.98758856856531685       0.76443984546333255       0.95852551287186516       0.95771489850575942       0.92941948029925825     
  0.47846880534647535       0.43502802487919395       0.37364857985984085       0.55201336261560507       0.47908392479840745       0.51173334279596283       0.41038807253047488       0.43425004013788032       0.50571250089479858       0.43881344514530851       0.42782545430354396       0.46242993287826734       0.39342837196957808     
  0.97543841743996462       0.98744639506613796       0.71111889720794041       0.92004391097093852       0.94440253722505385       0.95823663430728745       0.95417350851456462       0.95420998085745312       0.98921964999360157       0.78372314461785508       0.96868799780292947       0.96731546453410211       0.94615673520833776     
  0.61466829835202486       0.38549752899703005       0.40803834836222297       0.44335915837276696       0.43811585896308297       0.56041824012570662       0.43213798919347474       0.41257955855365547       0.42989853787142840       0.49052394828694346       0.43941491569116026       0.42430202458432525       0.46333272121102076     
  0.98190983900751005       0.99105481750357749       0.77622761637413162       0.94650324114616613       0.96313567247994669       0.97221550150331393       0.96879978596527550       0.96815074059054984       0.99174914732845498       0.81675329974423438       0.97859238019270756       0.97684250467489420       0.96432663537652352     
  0.52341366956246593       0.56756985760236423       0.38970048246368838       0.39851567787989672       0.41038032050691919       0.40053866837469931       0.50230677467152107       0.46010125595635509       0.49512899991743475       0.46280249651083666       0.36691197608350740       0.46562209166613855       0.45084210630968885     
  0.98981258944706141       0.99523750679656964       0.86586238970740115       0.97363699934478320       0.98164921877693834       0.98577465629041394       0.98429246459864861       0.98379801843583481       0.99534074606241407       0.88005261714342986       0.98863818393158853       0.98561556882441104       0.98224372741757837     
  0.42229797359329507       0.43706241915959876       0.45370857775096030       0.38057942554832580       0.46420175316226131       0.46836910415357902       0.38746436314324678       0.38179474514469752       0.50716178786288502       0.40807320465289487       0.39968717706502693       0.41087617006731308       0.47373097313696866     
   1.0000000000000000        1.0000000000000000        1.0000000000000000        1.0000000000000000        1.0000000000000000        1.0000000000000000        1.0000000000000000        1.0000000000000000        1.0000000000000000        1.0000000000000000        1.0000000000000000        1.0000000000000000        1.0000000000000000     
  0.48046886093567753       0.41723639431169673       0.38164689002239705       0.38888628297563926       0.45456205998997090       0.42953787570232699       0.42464339091166636       0.42955253979706498       0.37333120053078778       0.33681757817573366       0.37141987807773141       0.51209559001014815       0.43966864388225968     
   8.7513025586603792        1.1912813786032430        21.406167111101958        13.392467880424633        11.780749547433059        11.511592253561467        8.8229466348376064        7.2369286020649959        0.0000000000000000        11.257951995252984        8.0318793219495337        11.638279686080091        9.1286887719078091     
   7.7317422544881733        5.0207386439133774        7.8010772494963403        13.405934044045663        12.506629318166519        11.544204749628083        12.153574458115330        11.198496337138753        0.0000000000000000        9.0889200183048491        9.0112885622893231        9.2208918491125740        8.6331503396414497     
   9.3979177593098182        11.825237417253319        8.0784261647021030        10.593474779888940        9.9572641915163320        16.151545523700012        14.610603727128545        8.0689295694562020        0.0000000000000000        11.265841842959251        11.078834865451329        6.9456959917527783        11.588826209660777     
   8.9198393982936288        11.008363546635353        6.6400975587371525        9.5860396189046106        10.502671281384778        13.635433963389705        9.7214883462155761        11.159566373556611        7.6990046688042471        12.994703001209652        12.036707454669854        10.738458196855698        12.845418663477576     
   10.989575927858603        13.354818157400322        6.5543173431606618        8.8041667364928031        9.5080842781651143        9.3271342879250447        8.5034513513195105        12.765849568392586        10.813237979420055        11.448663884498634        13.454080521952211        13.015811429722639        9.5760416706535398     
   9.9661481185424226        14.778440412904633        7.3681226122933241        8.7710492806775200        7.1485707753097874        11.624466770070120        11.312868289238658        11.539331655833074        10.017260927558631        9.8414337267153673        11.402460883047622        11.753248475126071        12.450170435873787     
   14.986654116185068        11.803837827704006        4.8081519926149703        8.7480781162420804        14.760511527743136        8.3230627077385186        12.833509654557703        12.599741020399355        11.517682428201196        6.4315935712386318        10.317847511493492        12.090139539074105        10.558745536387988     
   10.874328004853163        7.1126789238993755        12.290509907698345        9.7072813006294307        9.9568246422724673        4.6814959335713517        9.9668025214234710        10.202980728415881        11.802805810615926        7.9116162867442119        11.543690016670949        10.702090581948507        10.230724076551523     
   3.7806419745099090E-007
           1           1           1           1           1           1           1           1           1           1           1           1           1
   3.3449430162638717E-007   2.8967611207243499E-007  -7.7395729738734606E-010   8.8437946504915086        6.6937184827924370E-009   1.1626623358851410E-011
   7.8460636867105742E-009   7.8109808790634103E-009   1.1225155163931501E-009  0.28655778081011263        1.1220691386809562E-009   1.8543584135564143E-012
   5.0000000000000001E-003   10.839705078567128     
