   0.0000000000000000        0.0000000000000000        0.0000000000000000        0.0000000000000000        0.0000000000000000        0.0000000000000000        0.0000000000000000        0.0000000000000000        0.0000000000000000        0.0000000000000000        0.0000000000000000        0.0000000000000000        0.0000000000000000     
   9.3780215423343249E-002  0.11871801856282567        1.9664812919433287E-002   1.4699234358036193E-002   1.6745210311743711E-002   1.8625271026939304E-002   3.4442623204174613E-002   1.6239240081593484E-002  0.33409235743578791       0.10452710752800289        9.8888297928373600E-002   6.1033486421985798E-002   1.5802175487649752E-002
  0.72332112217028421        1.0914637100959768       0.73538570042087348       0.66864186159164307       0.66791235897633505       0.82680986152578684       0.68917812219087848       0.69559731092110111       0.66797794991086790       0.58449786718249264       0.78697296841252984       0.71317599835368639       0.92249687594139218     
  0.15674207628757197       0.19758357232969906        4.0103884036213677E-002   2.9752432173108655E-002   3.4014133377777027E-002   3.7164016366458552E-002   6.7899424893791638E-002   3.1980918629284635E-002  0.46018118302632649       0.17238473442341329       0.16379714689953556       0.11493435533600195        3.1673843567775306E-002
  0.99747112158967155       0.99442260133093185       0.74278473502001197       0.64616713141864313       0.76393521482705606       0.78506939989903191       0.71473239977311775       0.73456863964001951       0.68329557118576878       0.96470748315161658       0.66151255340278092       0.79040586687165848       0.61486799948186122     
  0.19988770875225229       0.25556838379198638        6.0805632703565711E-002   4.7746185409312941E-002   4.9820648021136428E-002   5.5036365751540001E-002   9.8671449789435095E-002   4.6531176696341450E-002  0.51185156566101619       0.19010415296922470       0.20193859355650862       0.15255490426113313        4.7908989940336114E-002
  0.77440246220984144       0.89580148129443105       0.70829898697030447       0.77088158098601955       0.77860590980796118       0.79217255484832250       0.75991575870137451       0.63809357688779189       0.87854773075908765       0.88952770076900589       0.65597064785834758       0.67983289618486920       0.80237194948812318     
  0.23695586277177194       0.29648894148343857        8.1862271127781369E-002   6.5878566070744993E-002   6.5167345065505033E-002   7.3033950924905208E-002  0.12865654555544451        6.1286248938545160E-002  0.54306021832763807       0.20697012692699357       0.23147439082165550       0.18619336066779607        6.3104658091712312E-002
  0.84903386520955015       0.80506784679163512       0.66073676204045473       0.81225227838928271       0.63345976809136506       0.63995123432502099       0.95504386352974791       0.60178010534917159       0.75308344323048915       0.78321572362097513       0.74432729430221622       0.71252081640868559       0.65731701434727141     
  0.26728318262891254       0.32688631617162950       0.10288759278283609        8.0164354713692362E-002   8.0213699575717029E-002   8.8788673257330239E-002  0.15561549994150953        7.6086990576453614E-002  0.56754879889714649       0.21796082479713527       0.25678531408943245       0.21135367948886771        7.6788950704296893E-002
  0.81149712463366075       0.80817464213362600       0.63729011963200188       0.70371182024438916       0.87504523491528285       0.70373972368380489       0.67259243389194290       0.70049752299201606       0.69596440546884597       0.77525216470671821       0.66112931888835957       0.68274572172510883       0.75612208746180731     
  0.28904927491336013       0.35152316487798962       0.12194812310868991        9.4205017656691648E-002   9.5009177867059869E-002  0.10414347040032654       0.18218550728230778        9.1755886664295475E-002  0.59115940524357402       0.22867086270381420       0.28171801929827611       0.23636749361512246        9.0298202622378976E-002
  0.71759621652422023       0.91683214393242574       0.68386774658216209       0.73634893891137909       0.70932774084141625       0.60910422924587948       0.63961449265255887       0.68217592204110478       0.75522813696934032       0.76995028249461028       0.69348632535672361       0.70808234295058192       0.79538886337916936     
  0.30436950858742773       0.38111349296869734       0.14181561712382265       0.10920621713145760       0.11118239122441342       0.12124194394130400       0.20797629350647481       0.10589205856539663       0.61344555316561356       0.23831518273102342       0.30530477676746864       0.25923720647179649       0.10380003659772981     
  0.89644037931526344       0.67061653842206992       0.74306174571023831       0.86013389321161537       0.75916670390122010       0.77262460328195770       0.84761742431521170       0.66152843024853358       0.69449820343253355       0.90001899379358064       0.89516726111071687       0.79719824412000972       0.75369955794261712     
  0.31672094221810032       0.42409948151023946       0.15991120928227720       0.12572987819495340       0.12789902282512949       0.13817472368911679       0.23217333836231913       0.11984112851152624       0.63122042146122881       0.24711992956152673       0.32629422605095332       0.27964912742229470       0.11870832411684988     
  0.81585906782905682       0.64706132925369197       0.76301051966811295       0.76942302069536161       0.74648668362165960       0.74494785966887833       0.76569683612364925       0.72303928392646921       0.66508024737131077       0.71169112626142195       0.71381574285861582       0.86049971037808226       0.71004961171193326     
  0.32792163203893887       0.47455544299832442       0.17736093768182887       0.14350725952037949       0.14154766788633075       0.15380046532300151       0.25463703409929689       0.13488960421103205       0.64801172891652858       0.25533564089738703       0.34674277539277226       0.29902274995228595       0.13504206850737349     
  0.69713300314558158       0.76676352941431480       0.73741122762437972       0.89017176666033060       0.76726748434858782       0.80122698310084361       0.77005991021228115       0.86987819638210018       0.63787421073697614       0.82105285078040124       0.82512771641230176       0.70302548747828031       0.85336926755666009     
  0.33904247663710596       0.52173472580128955       0.19190715302795183       0.16060321896308546       0.15527334144269581       0.16895777608540360       0.27633641384013335       0.14903792701065785       0.66092849701406176       0.26353166470130479       0.36405061154790491       0.31783058116318846       0.15069367712170226     
  0.69967651933831665       0.68558366255321679       0.68877618084152259       0.73015669499656166       0.73486764910567270       0.68966502762436854       0.71867248456695387       0.68201181737904537       0.65456700430705816       0.71404110660513209       0.75014675524990815       0.68780429903544282       0.74340607397335068     
  0.35040627049965850       0.56816617399908109       0.20743302105479433       0.17732075883033158       0.16867483301440572       0.18436889986048746       0.29867993116958791       0.16448754436393101       0.67395446579411256       0.27171041982487870       0.38282726945965256       0.33533765373492386       0.16569819666503935     
  0.66814082072156566       0.74098514600428467       0.68463405548195855       0.79732096262092633       0.64025966445129578       0.73256724608204338       0.74624413924477251       0.63118284644271161       0.73542826224832281       0.72748897870291085       0.80674232447629246       0.65263118322891467       0.65492473878702306     
  0.36162616870622155       0.60811753170178806       0.22439865874534862       0.19332115196391489       0.18335543895668788       0.20016072673577570       0.32096901298731001       0.18032491380694224       0.68629636251720660       0.27901834594385272       0.40073816129425932       0.35232236734996863       0.18045419497835580     
  0.65830842350462293       0.70606689969074654       0.73802965511762564       0.65645633253672930       0.63222460240628031       0.76999683179670508       0.72344837391673211       0.75404809056712663       0.84272344190370430       0.65610208264734549       0.69777731490415107       0.63814249916323018       0.61310368694314066     
  0.37272469643211625       0.63761954185809511       0.24026571020540319       0.20858275265419410       0.19858088989819042       0.21747133991565099       0.34037556518275530       0.19656306916627195       0.69853947238913516       0.28580484455112865       0.41784964083076293       0.36962049013460430       0.19630864177517657     
  0.75043253489858197       0.69514011825498445       0.73735252389831518       0.80916799266615191       0.79439311730376283       0.61293755221799806       0.74976376195935712       0.71074355191909899       0.74212850872452174       0.74441970207449937       0.63360212202119226       0.76794896370979304       0.76435273581523500     
  0.38425208177436515       0.65681863216739966       0.25506945180587504       0.22299693119973110       0.21386003736598333       0.23435877904233271       0.35908228232066752       0.21371206095843662       0.71116075880607987       0.29262226800150265       0.43412856205724776       0.38747169240916618       0.21325958645660120     
  0.86558471754178978       0.77954547245684869       0.63732647069581061       0.64950521713039477       0.58245340883811103       0.74180559704581461       0.71550806812247525       0.88009583165568606       0.91813121250550689       0.73368735390560746       0.68263886246774175       0.68154416280398356       0.84642994579818365     
  0.39581283322225613       0.67278500448658340       0.26923580980597644       0.23782012061565411       0.22967428387256594       0.25113219755599248       0.37618312860228997       0.23022980486434882       0.72249919208929392       0.29926292836572177       0.44968703668892929       0.40515788456687540       0.23028758032832261     
  0.65510601296003101       0.70662552335933337       0.63435236524940253       0.79286070177803947       0.78162596407136908       0.67499943056033462       0.72062513245629145       0.71265119789372100       0.95762300895957386       0.75989500738286520       0.65176285086350616       0.68411309673742016       0.62434010790520655     
  0.40722334891724482       0.68429254313999499       0.28298879811821959       0.25265236159622995       0.24454165062345926       0.26770805115218299       0.39334676794197654       0.24703356979001723       0.73323815493743261       0.30557670025526673       0.46391141251266282       0.42355034114198964       0.24623523540506639     
  0.79732528411400705       0.71795929745331422       0.73740720010982919       0.74941658989515370       0.77128211594709684       0.85942909249049249       0.73043205726296212       0.79056514227925545       0.89615468608289872       0.72841497070275063       0.67098746595568026       0.83938549046836919       0.66364996733860104     
  0.41932707907033334       0.69504912110308747       0.29830913874217813       0.26789458615387302       0.25962736177285195       0.28423398465212762       0.41428033819933791       0.26452375614002110       0.74259808816930983       0.31141367838509260       0.47838018234479807       0.44119843444469214       0.26231879270425007     
  0.74245336731657852       0.83568327327742808       0.71865804282199375       0.78717707376509727       0.63018058600980853       0.78634725151755036       0.70147004569419735       0.67742873037363016       0.61329362918628616       0.68501895943497160       0.74567322224849231       0.69045795900589368       0.70821149165404373     
  0.43237456711308730       0.70595262639312117       0.31487546591090287       0.28260079854468040       0.27385215834813453       0.30005438865025696       0.43437927467323217       0.28162684412061456       0.75115904985493354       0.31740850411011756       0.49220276084101278       0.45847230825503876       0.27814746511839061     
  0.68393116922894048       0.73155139643158973       0.74608228844569091       0.72804668979777698       0.70881917260007676       0.80720196288587176       0.87720798481470574       0.76419175198158373       0.66734982198511994       0.66532716877626918       0.64993773213073269       0.77033911625063634       0.74770072882432159     
  0.44549122732984542       0.71701433248306912       0.33113452002132471       0.29726535251018882       0.29031953844873515       0.31660193362198430       0.45353140768643696       0.29805099627537945       0.75897385433386411       0.32353458271763069       0.50620571463248287       0.47549573514253773       0.29350814811271725     
  0.61650852207996842       0.71766491226467355       0.82111097775738295       0.66352703432927573       0.65672093192704306       0.69787380119869136       0.66607186341896718       0.81245504602828600       0.75201433683454244       0.69154505509115094       0.74126337107826257       0.71147018109129379       0.77000717372490946     
  0.45811187171565487       0.72699052022945865       0.34747530743983224       0.31187170394371655       0.30667816742216103       0.33288102328489572       0.47251505726927556       0.31429664226114634       0.76599191957085400       0.32996350805675112       0.51897534296171999       0.49178050588439226       0.30881619628616630     
  0.71736150600070359       0.64403150262320830       0.65349567234640138       0.73673590543194489       0.79612482076781688       0.88603261744516493       0.83798772134214705       0.88424979726051556       0.75722364724515778       0.72935864627897329       0.73746444733343741       0.76845197846091529       0.71811995528060990     
  0.47046483897629265       0.73617874354464452       0.36372266431574390       0.32829563511533888       0.32296336874608073       0.34815710884539119       0.49012676660512600       0.33105886368911280       0.77388956814625487       0.33631573218065197       0.53237913687010729       0.50775217060511513       0.32344829190826774     
  0.69253186747781192       0.78029949394449694       0.75313053895706750       0.70888534841893325       0.75887583218816890       0.64720474522842919       0.68020954403842770       0.78349451972363016       0.78016926676480614       0.76285262567974743       0.65241690471323899       0.78906209751700296       0.67236950077852509     
  0.48256595441266642       0.74504772140339359       0.37874636663390565       0.34481573115458497       0.33884241817999849       0.36343500579384974       0.50816915906044802       0.34836612159423763       0.78119917070695455       0.34244451149961830       0.54550477960647636       0.52191656766300643       0.33712370448837825     
  0.67603047522045590       0.71510650442573676       0.90691317560166307       0.84651145691207497       0.82248823517851888       0.74159930469171587       0.67767064720427750       0.96249481684031313       0.74848288532390095       0.73140097730548059       0.82495059392287551       0.80919766042229635       0.67596689504771090     
  0.49548329460235191       0.75423609061756935       0.39358764493670101       0.36020226049956200       0.35400324810949768       0.37880930151945974       0.52661423036751609       0.36575871916368691       0.78844105159474365       0.34877712819522716       0.55761653416495072       0.53550682947841866       0.35164795910467095     
  0.76840728705089067       0.76928028644015090       0.85087088201637939       0.70621757709452759       0.75431716472806221       0.82283996163038320       0.74162220906934706       0.67097987508881118       0.65294262880868137       0.74962785199232651       0.69076727533034221       0.66858464959274877       0.79790079982229756     
  0.50916031879215717       0.76313351756280501       0.40963298470470583       0.37568126537688884       0.36968382919765141       0.39500249421674571       0.54451322343167363       0.38234362198845823       0.79557443821769314       0.35530462557934089       0.56926469869164509       0.54834232550516171       0.36671156186472281     
  0.76019457052624040       0.76783547193188628       0.75792322575828075       0.74301562713044156       0.82342525833271740       0.80830929872507440       0.69440985286900003       0.83073114380555180       0.77524690872369029       0.90040184590022698       0.76709347709846609       0.63324900707270437       0.78856169425744360     
  0.52260932122194981       0.77157334744098238       0.42570265687142611       0.39037789825152824       0.38578422714865523       0.41100391788169943       0.56109126962423084       0.39790944363703568       0.80270993974938243       0.36161337964563500       0.58137766220588571       0.56113141803041133       0.38301671354797895     
  0.66686748168905252       0.65767199041356728       0.66764883626714600       0.77964062524786548       0.85527018811514821       0.75961523252981489       0.56760518302466334       0.84894083953351440       0.79074398195203666       0.70205440795136853       0.70642246124480534       0.68865712784948874       0.70522305170938737     
  0.53561285836990868       0.77954377829175381       0.44084715088346194       0.40443167011996806       0.40090448013956531       0.42623743986388907       0.57651898982588179       0.41321433807507868       0.80855912974912192       0.36749286570620460       0.59395736655670561       0.57419727356548877       0.39955183897549157     
  0.66871451330586995       0.69818503763453910       0.72280437972258149       0.74439137317696225       0.65695129469337077       0.73764133974336166       0.76388487327880195       0.88396802485381165       0.66269773489006367       0.63237738572077939       0.72944132683098384       0.72210664566453531       0.66285152447156059     
  0.54842540927183481       0.78728093838881752       0.45579795457749911       0.41906217943318025       0.41590661520409039       0.44209317604606108       0.59102365731852713       0.42785487786015330       0.81439737824175029       0.37319576994769377       0.60668436803002412       0.58665333224532934       0.41582084286835597     
  0.71407133714915794       0.67658933484714034       0.68865848908771654       0.65885100736264779       0.74845230920441197       0.74359723902034625       0.69336782901711069       0.72203024286507833       0.65392546518043426       0.67101669240941908       0.89741577256906913       0.67666697615363924       0.77021638147655713     
  0.56109649189623878       0.79478054336626114       0.47050406335840583       0.43366676249985009       0.43030550840947090       0.45915788211501413       0.60385156941179174       0.44214563793019346       0.82030212158955162       0.37899406733992569       0.61880642141859754       0.59841821948183405       0.43195310237908774     
  0.71792438201240172       0.67399054241859813       0.80523370261409688       0.65072052873459207       0.66342152782716313       0.71348020887450525       0.68119391357625614       0.63566540342093036       0.70517791792907480       0.78701732733027074       0.79656190761122914       0.73205032830725503       0.77100398396559466     
  0.57395859501594604       0.80189119116996688       0.48448973201100953       0.44994609592304630       0.44539884614395731       0.47582991269094749       0.61792003882150670       0.45841590728600512       0.82655514595743607       0.38530073286861199       0.62990479384966847       0.61014111957458561       0.44800307545495882     
  0.73523805190500102       0.74471864731749238       0.68782453602024973       0.67286277144071194       0.70490088026019015       0.65108324300754150       0.69047758174255314       0.71469358967015828       0.71739120079702290       0.68530243788694889       0.68913625484755725       0.76928450774530532       0.73441818927800018     
  0.58695166249186803       0.80866077982377083       0.49843099282793879       0.46786648957125315       0.46052331024135451       0.49243172167456584       0.63160950631544543       0.47480103483702074       0.83254868984316044       0.39119955207966467       0.64049948152881020       0.62154332243777932       0.46385934836061171     
  0.72657451833476561       0.65850345959010315       0.68701414377391390       0.90691144240354360       0.66161502659929372       0.74148046268552048       0.69303729214022636       0.81893685452975795       0.76576481609448399       0.75653764064463436       0.71132928283308716       0.69698343874657542       0.71091665796350090     
  0.59968390360774004       0.81521608853616223       0.51231228668675710       0.48398074603518637       0.47624423113804570       0.50838999615374736       0.64606321626984742       0.49218951419861207       0.83847055704133444       0.39723275003697839       0.65073953938500440       0.63380660228296226       0.48003182845932241     
  0.89693469279884530       0.65929572924033131       0.77004014737084014       0.71729364842110277       0.61985817705521917       0.67054333669175270       0.71686160963224044       0.91065253915252942       0.71955751236493481       0.82181102054009580       0.64046786960737090       0.68488814904334516       0.75152261735609382     
  0.61245513563705523       0.82163541095870818       0.52602614912858292       0.50075731041821214       0.49241057972611174       0.52397747193667266       0.66124189088625951       0.50985635510893224       0.84453401707357056       0.40313584303219868       0.66065587751276689       0.64548337489475527       0.49794519991517416     
  0.66496067743152343       0.82604164686887305       0.67719746063750219       0.83757910088775600       0.71728483545547639       0.81561786953849991       0.70457495616064403       0.74110118507210887       0.83546007312873816       0.71571506736473089       0.71982101030352719       0.79067923868723333       0.85571840473146910     
  0.62536187034768120       0.82856273831985605       0.53984245884326720       0.51823805208122653       0.50748140803492492       0.53987925960851590       0.67707063368233356       0.52545605482103208       0.85025999206399239       0.40963701992015850       0.67051994609477772       0.65814585028061900       0.51367296693526843     
  0.74779030611182939       0.81837038880858137       0.70352168780309110       0.71201208516696868       0.67325734502858270       0.79582454905916122       0.72082547944724107       0.79009304114485768       0.64143027331107394       0.67944385524344442       0.69583357686484015       0.73936344641898077       0.82726414881234012     
  0.63754544557734916       0.83529035775329308       0.55336381097260690       0.53575376426788435       0.52174680999078693       0.55660966570745884       0.69219826809828922       0.54147591973360953       0.85540915306184095       0.41660002153655246       0.68078028612926877       0.67075473590873846       0.52897114235452536     
  0.72628880886074654       0.73463112346000181       0.61293571842064043       0.70303704472779527       0.72267350560255905       0.84266120542377587       0.97262685354513323       0.73730760590507105       0.58177085871393730       0.63506874489236131       0.68313197064931863       0.75607026972000069       0.71998465470214512     
  0.65084944597774375       0.84183378025778366       0.56636858922657096       0.55228768225318547       0.53649919408197977       0.57311321960809536       0.70552822201197685       0.55597176469040921       0.86038821599794946       0.42308709491658419       0.69127620494218756       0.68339831110884697       0.54635058382694190     
  0.77155452027439320       0.70666747583358569       0.68662977164801198       0.65536599785893446       0.64558503486038765       0.69211190715319915       0.65473618083077878       0.68185991726347583       0.66933553285351521       0.68847960602494773       0.77005852128995000       0.73827501733516521       0.78064912079652671     
  0.66342164947656990       0.84823686287507050       0.57802534035048658       0.56888988645951577       0.55047952732129013       0.58915038995890157       0.71752096450362157       0.57171204233778528       0.86531064447574857       0.42963224605140699       0.70171131704434542       0.69507606895361451       0.56352890770223818     
  0.82394221835376402       0.67323023658601400       0.69545820949235382        1.0135115571141204       0.69664969395406218       0.74667444170622821       0.66538161285046660       0.80498630933837945       0.71966213143905311       0.80092829283815326       0.69456968223584714       0.80047192128349831       0.67738538994808961     
  0.67558196970002105       0.85455884356581779       0.59070680277931387       0.58438191663203765       0.56502196986829167       0.60512967644813820       0.72919432885769486       0.58591252041551634       0.87039392281944583       0.43565676579308404       0.71171402098925618       0.70607622003707038       0.57910879571323814     
  0.74943015273475733       0.60981038387253772       0.68692619643385811       0.67045590130093358       0.71514679264098302       0.83143809203463814       0.80610297418483179       0.70533880823528738       0.65476611894613246       0.62147624919332867       0.66160738249061346       0.85238634074298991       0.73732808518977910     
  0.68739106637162661       0.86054494769797796       0.60437549430562343       0.59959906433328403       0.57934988358162343       0.62076511275564128       0.74052939471471968       0.59993457395856298       0.87546298951277657       0.44201201038214283       0.72118090069960683       0.71741948566915714       0.59438633775149186     
  0.79465121052809273       0.60341709377331132       0.68675618583636733       0.57417938733497342       0.70842456175464530       0.58662508404334679       0.69215911419896436       0.67235876868608602       0.74325072603875209       0.91724629391751855       0.78630295293297037       0.79052992834006552       0.68260038842931103     
  0.69889678741628403       0.86624313966938205       0.61861046999606839       0.61460619665438576       0.59490486172979895       0.63603464945660704       0.75281484769897744       0.61589925891786179       0.88050162861366155       0.44859385021744558       0.72978268452356687       0.72936263688722969       0.60887862428359185     
  0.67782868958368514       0.58595466293374288       0.70501258578511539       0.82005338139055550       0.72670254060400385       0.79641485088371577       0.64442126518632314       0.76394535915120632       0.62017083656068828       0.73801967323605755       0.81469601869680197       0.70158647314777067       0.72371921061792910     
  0.71048003227916490       0.87150105752087847       0.63290962296169662       0.63002573104360171       0.61093495778764184       0.65129235796219220       0.76587898048442182       0.63154791980508973       0.88548922816801490       0.45575801556346690       0.73862335685480918       0.74153569002850006       0.62381736608688954     
  0.70682062600891860       0.69528834316434185       0.77006182712551408       0.85884178049925597       0.81564376447128939       0.73972898061657710       0.80023121332248071       0.74347788650830260       0.70723087774436166       0.69541537390189845       0.64649126896907527       0.77055043146091939       0.62199239782522064     
  0.72212407083275709       0.87711078095768047       0.64701808336342193       0.64710797724147484       0.62879348848911076       0.66670934217264954       0.77865994176867392       0.64733394102152320       0.89033784703315744       0.46304014271873684       0.74747995319039440       0.75358965619216556       0.63943720778465662     
  0.69602230723281067       0.76736932313396888       0.73095370037585139       0.67764559868181262       0.79506597540972257       0.74590291861731239       0.65229862658859450       0.73677337339418514       0.70842604357165562       0.79215973189577737       0.83862713807647249       0.71475927895672098       0.71923735937079236     
  0.73531919191640127       0.88278782856489368       0.66146726872052519       0.66440281449391969       0.64589504858745139       0.68251575750193438       0.79100125796994514       0.66266205601679451       0.89513393469887848       0.47031073917136978       0.75689035847833941       0.76469764515315541       0.65444142758835422     
  0.73723076959810163       0.60705496881563015       0.80973085272304046       0.71513855682614746       0.84301225374104083       0.72452666126524734       0.74602026450945980       0.78637621700330929       0.72601131089160409       0.85770489738240618       0.69510069543453601       0.62664855656265839       0.84572099686702840     
  0.74871751043411239       0.88866420525583312       0.67578695315423709       0.68099173059608709       0.66085384129146263       0.69817305936241092       0.80359455770075283       0.67728354497265975       0.89957841428492136       0.47763314882613239       0.76711367965955823       0.77583493681840843       0.66880911268743803     
  0.85290228450820837       0.68447163978755543       0.69883030005534408       0.61882561724481622       0.73479777264865487       0.69985106132097263       0.70770566877761376       0.70754248979025169       0.74612107830780305       0.68573216261328984       0.75294328214758022       0.84463841847869059       0.62745094396140377     
  0.76124944426777341       0.89478837627456143       0.68975174831075825       0.69628430096193050       0.67485551693640444       0.71352865984947167       0.81480836545459512       0.69145013987897319       0.90351891881270763       0.48571826280110814       0.77750734240782027       0.78671643558476956       0.68320570149858806     
  0.75100942974326013       0.80064645655387068       0.69299853818591717       0.75355959035310305       0.71540860509039539       0.69322098023973144       0.73671933784096622       0.63933174233879830       0.60351402811580923       0.72142307969310870       0.64096679810061630       0.71083995240340736       0.65927473060663966     
  0.77353283690642272       0.90082165474656462       0.70382503495721882       0.71052418503533465       0.68779778249359691       0.72901007007670149       0.82528234921059096       0.70599990676690205       0.90764473498440390       0.49474739811110868       0.78820548763440956       0.79805158889565031       0.69836230265057875     
  0.73011607807755641       0.84252640024891567       0.81414597858949322       0.76451505541302012       0.74827057799626362       0.61388865858764297       0.75741836561604714       0.59668845691670891       0.67498878329495793       0.74551260876511649       0.77016380978010557       0.75719650761309987       0.68944546022409592     
  0.78562539250488306       0.90646861784436450       0.71789788233175678       0.72449742043048027       0.70105673322391993       0.74429686122699223       0.83452595772571192       0.71986442243070359       0.91234367493018986       0.50356087011497197       0.79869404872680494       0.80851098903833307       0.71358879282978338     
  0.67949826794283086       0.73463693607506508       0.64671993912431436       0.71629884900532004       0.64137016893470200       0.83833499284525648       0.61752812934853862       0.73564205099548341       0.82171069277242315       0.73996558231249043       0.76356635924157223       0.73194897865731245       0.81057497178930615     
  0.79780760566188080       0.91197915482991043       0.73169355117102686       0.73907556343750758       0.71564502686446219       0.75963352570177056       0.84363985975144107       0.73393094863936459       0.91652972518203701       0.51189448626292400       0.80885338547285301       0.81854414220437233       0.72954218923924230     
  0.62004633030632084       0.70151555563434032       0.61905037549348385       0.64901175270522837       0.78824935942535357       0.67055033440959744       0.72037760369031556       0.75901616200081456       0.72354526446118239       0.67523860665926072       0.74754862727576266       0.86958269314914238       0.69091917448882567     
  0.80965593332101060       0.91701754971890170       0.74576170290777255       0.75413551105246157       0.73125389466996316       0.77457203521781548       0.85314807079535726       0.74849934758762726       0.92087401799058455       0.52092465576613955       0.81889895842396510       0.82902030470864174       0.74541785438831543     
  0.72995299576263750       0.67492845507995747       0.77287274980113274       0.72558345413641090       0.76240352505891207       0.74840886369505444       0.70902625646417861       0.59134282963963580       0.78408688948862448       0.64236148676636973       0.72225858165670798       0.63142164637014975       0.65425985261694308     
  0.82096028871083593       0.92180215774539909       0.75993302026595677       0.76998475381749298       0.74886278609520651       0.79000176835988378       0.86308090112553226       0.76392215776238992       0.92514478856442872       0.53110152270880073       0.82937696550202089       0.83903535584247246       0.76072670461708092     
  0.66588613651452444       0.67089802953890976       0.80190853261122497       0.68378756728438683       0.81024867226798469       0.88114483303428215       0.65058804308139417       0.72688105412746684       0.82828038144116067       0.66953284443592687       0.84346311506654126       0.87843365022105036       0.77552165401419226     
  0.83236801209037681       0.92660265496895355       0.77486891350912190       0.78570929580460602       0.76478257513092007       0.80426418575791780       0.87242767095344387       0.77930661185191663       0.92964155783513502       0.54069332201471221       0.83965946275627690       0.84899961645716093       0.77664341636024781     
  0.74594311900683585       0.68648864201719784       0.83898926219279790       0.68654335700934166       0.79271969613877480       0.66921677194971585       0.74403908740617686       0.77247416407673708       0.83122996995187004       0.63853006635493437       0.66041852246582755       0.67772874027993091       0.67088753816793500     
  0.84388281707379642       0.93157135108900280       0.79062501843585986       0.79922575331664936       0.78064159610432060       0.81852249782721165       0.88167763964044765       0.79431674922731232       0.93418305291478898       0.54961479746831687       0.85005798210099393       0.85921527038471357       0.79207358146977980     
  0.65770469080178018       0.79106922588535611       0.87703225140499819       0.70013355865822369       0.67740493595774731       0.65125132052541568       0.62355502842456523       0.67155456969195826       0.78079623515826246       0.75576085663010417       0.73263949452262001       0.87307248832407103       0.65792047404995502     
  0.85554163685579598       0.93683244754861605       0.80645009920447142       0.81151053304454945       0.79664286489361236       0.83376694552972097       0.89068471083521117       0.80991117323610595       0.93854261147288198       0.55871813889563005       0.86036417646284757       0.86907736044597894       0.80759510734572526     
  0.61494519968083572       0.73583118068890596       0.74537568464503634       0.68785731336124489       0.78170839259153213       0.70503503602473705       0.63660417254711710       0.68930751285153602       0.69353768505008206       0.61437279343064621       0.88980564401384199       0.73974572144276729       0.70343322379317275     
  0.86704550011796189       0.94220367389023185       0.82264560292834088       0.82537221150823314       0.81208215836076358       0.84931351670725175       0.90057346865939547       0.82644362612617250       0.94272810380460736       0.56831776212833374       0.86971802913000040       0.87870255595496927       0.82409357469535582     
  0.71260958397912910       0.63873001111800254       0.69948658541851216       0.68109043935886282       0.69256472630910859       0.76758705521511539       0.81764220965084333       0.77376646238385260       0.63267692139959775       0.75219063575045664       0.74590799318850065       0.69333068034095513       0.87358758454458851     
  0.87887862827541463       0.94724127486394238       0.83873766476347478       0.84127069140980348       0.82900391864646850       0.86542344528538939       0.91068279587839751       0.84394958138432463       0.94677110811330667       0.57821176621693859       0.87931198226866836       0.88787064092485812       0.84141125572939324     
  0.65070163780594215       0.72947113722061696       0.77781756179553641       0.72913003312923419       0.68794392198160903       0.75503708681904158       0.92087028824861128       0.69745972319215588       0.69374679972848186       0.65848982021588187       0.82331621009103761       0.70706089800933991       0.82369009538485705     
  0.89096438355106922       0.95205108887151590       0.85436917745761043       0.85659399132061764       0.84563136850172527       0.88045312302044498       0.92008957141015346       0.86117753316618806       0.95070713894092429       0.58837831759670733       0.88899786938219227       0.89770053566378460       0.85961168063232829     
  0.70254293770146647       0.72318817742644892       0.75612418941489756       0.70215112640352950       0.68410735488535745       0.68704722444146216       0.64504654867617905       0.60320978103841350       0.74840666422046997       0.68378307095523705       0.70077073224957098       0.88116710433600931       0.78841710400192877     
  0.90336063303974001       0.95680436756182230       0.86999534627166086       0.87152054589656813       0.86217301770753374       0.89411059228538692       0.92932594017417303       0.87896901404746863       0.95486769171749575       0.60152145459165485       0.89913713610596258       0.90867074315483110       0.87756795574540025     
  0.77235118960398963       0.71450816932589056       0.78873222711953817       0.59224342803896168       0.69004913989665684       0.65747989913551286       0.69777323541519554       0.83318339179555312       0.83546877343660253       0.72249049045791058       0.68289663601327599       0.64761314288491023       0.77559373875145843     
  0.91585538463859750       0.96146614446117384       0.88547512128566419       0.88677409831200016       0.87787114736582783       0.90801658563167276       0.93939508133354732       0.89602488269222003       0.95902222581046093       0.61546385368409484       0.90931393243346781       0.91952889632002510       0.89417822935779800     
  0.73902724895060756       0.71290870382039118       0.77079093040238844       0.75187469884797797       0.69034925374213074       0.64056334344163579       0.75941369291482130       0.69893774087651372       0.68200390354522777       0.79759006462883653       0.79333247196811907       0.62360000088914735       0.88757952636745163     
  0.92754181570186589       0.96636904979004568       0.90066044281349245       0.90238941081278534       0.89520390935650274       0.92074352206739152       0.94920330749226345       0.91260350300498472       0.96346708801779557       0.63022418662591184       0.92037416783634507       0.92991304171581668       0.91131142864870873     
  0.59587866672590373       0.74923788477300968       0.92329123881461361       0.73864428223676737       0.75472378074769442       0.76064616801061036       0.76111968422344090       0.84596817990667561       0.70288676590640953       0.67605940860227309       0.73106399129919719       0.69896662461916648       0.84846321176137607     
  0.93934585309086227       0.97142105239320031       0.91600088229336651       0.91769999033284588       0.91204947776856038       0.93334990797384842       0.95802683718642967       0.92737692536123140       0.96819638271335207       0.64684791041435652       0.93257941024984004       0.94070694191723692       0.92716067265443369     
  0.66859192584965754       0.75455248539007480       0.66896341052495989       0.66876908378379563       0.89650669286719131       0.61650852207996842       0.80933176175402988       0.82588346356118647       0.79743233964296756       0.70713367974727881       0.84049585598317111       0.80325638968884749       0.66511279419182934     
  0.95163814945429481       0.97662176107923249       0.93157254273349399       0.93261583004321980       0.92951554051425878       0.94595544984072222       0.96674766411723934       0.94137180907492879       0.97307907870372923       0.66637782467994255       0.94481435291613580       0.95175531874844055       0.94271853557267504     
  0.80915979909008995       0.67902675138741797       0.78968774416960430       0.63298471801231704       0.71064789116788163       0.68224070836745621       0.80545516609993817       0.65707230615573198       0.82655920136867678       0.75350304251792743       0.82428720129520550       0.64276853634002773       0.70366157987504652     
  0.96388104224547722       0.98242936742402531       0.94835512728150129       0.94904546379445176       0.94742936757691243       0.95904774505113055       0.97633879236542831       0.95630616802203650       0.97860139782871747       0.69208750433748656       0.95710811960507958       0.96431500027251138       0.95630860913422977     
  0.81770973360314891       0.87140352377535157       0.71889956673622379       0.76026675196372684       0.87511143444242401       0.70335545663494237       0.75327080889851239       0.62297041921450491       0.81072363881310694       0.76063955110738402       0.71858814649140890       0.68790216741423615       0.62508971404057301     
  0.97670313876979842       0.98799079210806773       0.96564287951485417       0.96597842451696725       0.96527901790067538       0.97279177650825355       0.98581605533681127       0.97186901480760146       0.98437638049948617       0.73229684283306384       0.96961219573380886       0.97647917438117582       0.97020691995190911     
  0.70178467658152677       0.71677186792034686       0.71067692018506334       0.75529675646538663       0.78735289184902324       0.87550811391219541       0.86450307143941940       0.66486331243929842       0.85840949491439655       0.81844135310362243       0.67025779411465436       0.65648262226080412       0.73179706398015987     
  0.98862591073323436       0.99419901391388743       0.98275338670263390       0.98298074550231207       0.98169235570184465       0.98666802564740042       0.99302744493155082       0.98611011040570340       0.99176840233483177       0.81946794535190326       0.98483067852694506       0.98825557938847164       0.98480071672900515     
  0.78193325405876202       0.73885952265100041       0.84048262055394996       0.80480311216463063       0.62012509124196968       0.63345067220301232       0.75219391562802729       0.65027227495178697       0.72222183720784161       0.77541532283742898       0.70262048312256586       0.78682282441921292       0.65710303028582684     
   1.0000000000000000        1.0000000000000000        1.0000000000000000        1.0000000000000000        1.0000000000000000        1.0000000000000000        1.0000000000000000        1.0000000000000000        1.0000000000000000        1.0000000000000000        1.0000000000000000        1.0000000000000000        1.0000000000000000     
  0.67082397998035392       0.66897893820373988       0.66360645802861862       0.82031819393010208       0.81072411801427235       0.69128592738345984       0.79690828351260412       0.67419231564192816       0.62571081477687862       0.58449786718249264       0.62198695321562081       0.66417730017799403       0.66365150052240773     
   9.6725559042296094        8.5750498980345071        6.8700471246257386        9.1050975464714856        10.534515836871726        9.7108830044456731        6.8820129250514244        6.4855649101677422        0.0000000000000000        6.8260069509291208        8.1302952029873072        7.6777816968365897        6.8202334140917857     
   8.0111494077785430        8.8324149164676786        6.3827849591811265        7.2134447244140869        8.9500813092957952        8.6864885241773777        12.517789624566817        10.661146010947769        8.6981719289758566        6.2268348263199602        8.3154617110725066        8.9421370357468710        10.193949662114898     
   8.4013620591051907        5.7348178661724774        6.9474230305488280        6.2594729435289489        8.3718576667245639        5.7018675543354140        7.4939996661484729        9.4318364028069848        12.371816227889365        7.9312321897439038        10.444567303837887        7.8582715902654794        10.304688293096152     
   9.6601201162207033        5.6657469271486338        7.8573829016913441        8.1852895882547045        6.9602792040494021        9.0009217863287549        6.7573812939611901        7.5087929194887186        11.089739909150856        8.9977670562315382        8.4232599000859967        7.5073673949031070        8.4002849146281697     
   6.8536246111733243        6.6500700683357499        8.7162678826351403        8.6611442856996081        7.4772795169103654        6.5904898639236693        6.4769321893406389        6.8379912499542987        10.951568103249331        8.9940017878094558        6.7624141420213686        9.5378000727065810        7.9818778592879731     
   7.7675761341833560        9.1707327893403221        8.9058370308097619        9.1439757051363983        7.2199702841659628        6.8776450115301682        5.7472980418250508        10.235984089764816        10.276376073670997        9.0335086691048954        9.3460289765019979        7.7798581259279169        8.0032955437715572     
   9.5387231502170984        9.0237858632890031        8.8002734184544469        10.097209442794894        5.8781842029655849        7.8444265324400764        5.3659784720505286        7.7575529522931523        7.9174395005684932        12.941141818560350        7.9955666830865457        11.220495088259778        8.0620693001210775     
   9.2126583379234450        8.1014238268266485        12.881102862438009        7.6795539755446516        12.711374706601536        11.124731194239612        13.775599859325681        8.8673786609281837        7.1779482140479649        6.7209099297757353        7.7063327202513916        7.0536282318249848        7.9452025890220108     
   1.7381571673410050E-004
           1           1           1           1           1           1           1           1           1           1           1           1           1
   4.4746005658529873E-004   4.1577958960282898E-004  -1.6570091644950585E-006   7.8767075855184068        5.2113586104053004E-006   9.9756603424530617E-009
   7.9994099180215076E-006   7.9587131730484053E-006   6.3595189045344035E-007  0.28983119197931573        6.3568249663756820E-007   1.0953245728461382E-009
   5.0000000000000001E-003   8.7071688827861600     
