   0.0000000000000000        0.0000000000000000        0.0000000000000000        0.0000000000000000        0.0000000000000000        0.0000000000000000        0.0000000000000000        0.0000000000000000        0.0000000000000000        0.0000000000000000     
   5.6463182744245898E-003   1.8715398523642549E-003   1.7410920491759546E-002   3.3887657151224534E-002   1.8426920624944537E-002  0.25963906537950349       0.17650402292557524        6.9035047710457806E-002   1.9434410724760175E-002   1.2521096763965312E-002
   2.5313732548861174        2.8732899086031760        1.9218498236758330        1.7006738822425063        2.0897757582625940        2.5436472289481857        2.0131524692696887        2.2362136475934031        3.4294343759926296        2.3838695886244285     
   9.9351863073169362E-003   3.4875032970692462E-003   3.5660267442453729E-002   6.2403189303338998E-002   3.5547001325859466E-002  0.35599545526797038       0.25131353163390130       0.12445898902382124        3.1805403030260831E-002   2.5649952039670132E-002
   3.3240935931395712        3.7419075083521460        1.9340043141385719        2.7340787391183063        2.2146947408108955        3.3871910227675914        2.5745236368983795        1.9629501233123157        1.9678198544742775        1.7193709331305114     
   1.3596366814813890E-002   5.0897557777530205E-003   5.3974024693021316E-002   8.7380428054627632E-002   5.2876437665390345E-002  0.39866180333386247       0.27745985188797784       0.16785611437378911        3.9380974910370133E-002   4.0166139607029402E-002
   2.6790617391783100        2.7549940527836654        1.9564941923021797        2.0090229417296657        1.9738791644785501        2.4207202677273503        2.1028375649877478        1.7357109282234315        1.8623425657923556        1.6241053765976634     
   1.7282174610171983E-002   6.8868416751121132E-003   6.8642232721896262E-002  0.10932655851361230        6.7687938279474849E-002  0.42771085050616564       0.29536187991158847       0.20020860254283743        4.7476111746254927E-002   5.5411248942729703E-002
   2.2109509413000423        2.3907558371275575        1.9717843985315695        1.8773620814439478        1.5396257316998507        1.8375945584877440        2.1495086011158269        1.8812266970064118        2.4409036281736722        1.7975215494959051     
   2.1721731847693441E-002   9.2058605821985530E-003   8.4489971553649151E-002  0.12652864721616594        8.3688354220447195E-002  0.45504216965075561       0.31073171260868437       0.22555987642739647        5.8514195147757415E-002   6.9942398038289291E-002
   1.9877853968177539        1.9847073577996341        1.8121546106784272        1.8450306058178936        1.4766953637972784        1.8100530232759890        1.8621608970388652        2.1256175281456993        2.3201908603708064        1.6942010068732358     
   2.6810153974940635E-002   1.2182850181881427E-002  0.10111725631545242       0.14134940183615810       0.10017303676135499       0.48025783922660764       0.32561708044199189       0.24451519756933596        7.0015958221814306E-002   8.2925255005955892E-002
   1.8526366088852768        2.5055201877964817        2.4373071576539145        1.9404292700677876        1.6207314471370700        2.6687928489300687        1.5017088421385876        1.6092167731602358        2.0208655818748871        1.7608398198331598     
   3.2239314401256595E-002   1.5069076914491518E-002  0.11817025847026742       0.15774434151133654       0.11699758055887018       0.50055014280967947       0.33948728340982121       0.26182216884316240        8.1285161033069847E-002   9.4734374258930165E-002
   2.5483779462049472        1.9458254333430316        1.6817484631677386        1.5933644958489970        1.5316203118003719        1.9052709578143461        2.3802346183267193        2.0201065324062006        1.9178465125765665        1.6472408730950689     
   3.7903507998876033E-002   1.8835541981412060E-002  0.13557319903033099       0.17496542314597591       0.13404209430463956       0.51614664173404978       0.35176025725875998       0.27658127098547536        9.3134134935906249E-002  0.10926280570270921     
   1.8426339060335690        1.7293457203858951        2.0579176056532269        2.1812268847213119        1.6697185929992289        1.8879818739884129        1.9016856747197177        1.5768479558729829        2.3544712769153677        1.9558389227668138     
   4.3974281042117376E-002   2.2797950783042139E-002  0.15213300774936797       0.19054414403947667       0.15075663727948366       0.53046291228618758       0.36275726090721339       0.29114158884322522       0.10627507268923726       0.12293568749212096     
   2.1452483180207897        1.9337270392320163        1.7559642593397133        2.6295414864696949        2.1587591377687150        1.5994466615003791        1.6495434887016971        2.0032643182716132        1.9772799139322998        1.8362812506022885     
   5.0375432692353124E-002   2.6784876004023454E-002  0.16781855570131740       0.20504014318417899       0.16687233494670345       0.54396899168449708       0.37267448689722016       0.30412882957958093       0.12007116955710653       0.13821250460474527     
   1.6785420821423267        2.1139013272598151        1.4302966245712929        1.8758520917418453        2.2942605300156376        1.9786572944546652        1.5862194155625597        1.8546199230135558        2.3769771329061156        1.8508131569774329     
   5.7075123124901268E-002   3.0990200273763632E-002  0.18300326384115295       0.22089740100060559       0.18233245959366046       0.55747098063854017       0.38161251257654888       0.31817165982166778       0.13243812868649948       0.15535122551060282     
   1.7860730964558680        2.0398378414737564        1.8785027745297116        2.1307874807185634        1.4387337844720975        1.7482354057491802        1.3406434389236639        1.6989765213493582        2.0187418870427756        1.9170262080141027     
   6.3725154790132993E-002   3.5307349749521461E-002  0.19890331168343986       0.23814930465761780       0.19745182906576300       0.56897326673418092       0.39064187932645672       0.32986587045595617       0.14482945473821129       0.17213157121965733     
   1.6052325659833850        1.8373237853189630        1.9520583409476766        2.2711370784340561        1.5964325113862889        1.8482997116058106        1.9486693759557043        1.6012890586266231        2.0374942464589680        2.2832024391373702     
   7.0580245096191541E-002   3.9803977647254331E-002  0.21588223943997192       0.25388794190029901       0.21343422878484403       0.57952527819581112       0.40004814404103778       0.34100692537090033       0.15918183382679227       0.18911041440759330     
   2.3246481694195325        1.7609769211729547        2.1364607527635422        1.8026190680611887        1.6356896264231313        1.7961468250066090        1.7481732763115612        1.7580245696551082        2.1053777913450493        1.7953725826125757     
   7.7635235648766468E-002   4.4507043829526242E-002  0.23356482885762614       0.26770527264507837       0.23049398979096039       0.58892082212828722       0.40914810476114372       0.35396787342620473       0.17576465033914285       0.20476677007443420     
   1.9318162858969228        1.7016537931844484        1.9201893885657642        1.6916668700785527        1.8302216858859286        1.4882444477122634        1.7048857080922399        2.0521940305569921        2.2120778441573967        1.8096249690723412     
   8.5088022845016445E-002   5.0861061506999455E-002  0.25019349446673489       0.28051096361083400       0.24669362771300707       0.59817800563726842       0.41834391992781250       0.36805506632237067       0.19164980601117651       0.22032645344156243     
   1.5642696212965910        1.8107809469026606        1.7528047323011922        1.6620141023993773        1.7786978060249705        1.7091574434238959        1.6475548947260339        2.0064014433849393        1.9004348748203190        2.3927977013895347     
   9.3081589253272728E-002   5.7927844880746267E-002  0.26466366653859957       0.29357890055519031       0.26258790085343431       0.60944835560012633       0.42764403251647359       0.38299090556233517       0.20577164360020500       0.23563358898981485     
   1.7897108418209635        1.7850940812005445        1.8500556468315725        1.7746974261031747        1.7522734009768950        1.5864515509532320        1.7664694288099627        2.1774165015158085        1.7879477440120661        1.4230779648128815     
  0.10146166817550600        6.5130636109488965E-002  0.27828361743446223       0.30711757837795617       0.27891908912718216       0.62195239165112060       0.43706700474626947       0.39853882085949438       0.21896347143953748       0.25045913116504687     
   2.1200043061480338        2.1290836980524226        1.6498727131823467        1.8622446050114501        1.7228928075798247        2.0009560334584795        1.9844678886239022        1.8826007721716163        1.6578775943671233        1.7484548469805357     
  0.11054205048865902        7.2942087368925698E-002  0.29247847069797156       0.31936980150851196       0.29528944672525964       0.63386576527341387       0.44618999654795499       0.41330605710615897       0.23117047030969284       0.26579936745479976     
   2.0304951107679554        1.6245360890961107        2.2569885442340318        1.8315726626122275        2.0774755022507811        1.9175013146535478        1.7709256901945929        1.4460612017447738        1.3937617883180078        2.0021487996468688     
  0.12015325087061740        8.1611076859646317E-002  0.30766655150422562       0.33210537396753198       0.31016616056370017       0.64598187519514427       0.45407906671841203       0.42670559715941309       0.24537170180690770       0.28114155603656416     
   2.2603715498986361        2.3535754251245140        1.8938424798912836        1.8274970275730473        2.0158801884231927        2.0434473898584127        2.0172040126040542        1.9225693026555046        1.9360517050655828        2.0455360265772122     
  0.13035087461534889        9.1914238030583531E-002  0.32309590753972817       0.34465754231265028       0.32506386947617211       0.65619531595275238       0.46130056143100262       0.44078314084821080       0.26297806511424227       0.29694321013835362     
   1.7777995449713841        1.9268330907487614        1.9446451407848988        1.9384073762326333        1.7091177802689177        1.6144506729180259        1.5882290350545267        1.5303449455433913        1.8520547210013572        2.0033900351356797     
  0.14098559063023264       0.10303203042905254       0.33814744302583344       0.35709986751122036       0.33946030318020415       0.66555703951797252       0.46709279599310144       0.45557873705004592       0.28147215510546975       0.31241969932342201     
   1.8962968415803683        1.8130407931567376        2.3301703468780604        1.6182941072519199        1.7510779373264156        1.7968651570386847        1.6602480557174417        1.7775489598700827        1.5856376429263732        1.9699917014885846     
  0.15093577225092031       0.11524207746152436       0.35264905553190218       0.36885128558311253       0.35511240883720324       0.67448145689998762       0.47325471433565081       0.47163206947050745       0.29835638772948730       0.32767525374733170     
   1.6522303431198935        1.5146570994772814        2.9155588766967271        1.7150047411467635        2.0267177568064731        1.5164173395569556        1.8327623831033089        1.6460446409264049        1.6642581334381257        1.5299591915876625     
  0.15974708657172440       0.12867529820968757       0.36773532812793658       0.38002293577894497       0.36992309073882129       0.68238240441276854       0.48013016279883813       0.48720969710415524       0.31529147532051338       0.34259231345737462     
   1.6204913512376451        1.6412273019339534        1.7112311354233622        1.4207004324922858        1.7437255327854706        1.5368367543459762        1.6693760324000617        1.8366670311050701        1.8543643831076611        1.6865093084042853     
  0.16838099144603444       0.14295634678672681       0.38349105279982632       0.39068440140690897       0.38336513982269688       0.69112282349499810       0.48747638019128742       0.50286239124107202       0.33358251141619866       0.36066121649333738     
   1.6295427349853222        1.5854631481706603        2.1858351967147258        1.5813573575788915        1.8539148462210790        1.7246408586221604        1.4747712205223404        1.6087998113296682        1.7099630417625062        1.7762514146551254     
  0.17740544051526097       0.15819041575197401       0.40006852965633105       0.40239213607936009       0.39858998427085357       0.69887393164136946       0.49506828180990659       0.51816596937397075       0.35198113704159928       0.37701355277967674     
   2.1346484301308681        1.6772065161249854        1.6505112695211042        2.1169097896481417        1.8457721788526849        1.4255780807678429        1.7155858998443627        1.7013157585049836        1.6106200737640133        2.0292472725976185     
  0.18951207112140131       0.17418347058704420       0.41575545472991371       0.41401420509979786       0.41364548060764539       0.70656346462874398       0.50249376736697782       0.53449968402627501       0.36900230673958367       0.39056592960117359     
   1.6191893915614479        2.0575753227272036        1.4284377368067860        1.7237439684555522        1.7577298847212299        1.9356251743925408        2.0129327768276903        1.7827846985174918        1.4726211185663947        1.5651856908786901     
  0.20172378525976120       0.19040368161248133       0.43175203104923593       0.42555658973129967       0.42923528471119626       0.71549805097599783       0.50953064419012195       0.55084456099494405       0.38524200091319932       0.40430756559005254     
   1.8942307803762937        1.5833137789867815        1.8358692805149157        1.7471597594098256        2.1758826608085640        2.1949615435739469        1.8298046702938859        1.4613116093262024        1.7730921277999991        1.7650941212092697     
  0.21362610796281295       0.20581728969613089       0.44794478053704906       0.43787472105762348       0.44385380652699707       0.72481517884976399       0.51557493110939911       0.56741798347427064       0.40194541923127758       0.41929059639894151     
   1.7185493309412598        1.7515497357101344        1.9311247725267131        2.0843768955604607        1.7254816817010201        1.7999579121511846        1.8239356836410909        1.7438683320607504        1.7885453021746580        2.0667031089623120     
  0.22522795436115262       0.22054242491986184       0.46382158162440834       0.45032665196455585       0.45758743125626872       0.73343332448854959       0.52204526033950449       0.58587103510748928       0.41948219070387449       0.43770718162274269     
   1.9322617761622312        1.6264431998651594        1.8755144722273147        2.1415896396546548        1.9276153558297895        2.1453132880950285        1.8181351514960897        1.7674250306089256        1.7283622754714127        1.9378004455601039     
  0.23783560282712288       0.23650585095043514       0.48103879360160479       0.46307605506550309       0.47168104955641926       0.74196895278948904       0.52838582318654814       0.60284548154302664       0.43749552744521458       0.45512379619598553     
   2.0920224160507424        2.0188022466573363        2.0310311755874264        2.0296501994732035        2.2528963225748435        1.7162176943987526        1.8210077000297460        1.6529109945017626        1.5445724588244001        1.8255419316103425     
  0.25173209837123461       0.25436787730099192       0.49726105010560601       0.47609215567601604       0.48665891794165911       0.75055530443131668       0.53497727303217868       0.62051189875488433       0.45561088478372985       0.47234872177350301     
   1.7186755888763801        1.5982376559504619        1.7462361277541210        2.2471670546607365        2.1476841445795283        1.8951864618984897        1.6653453328588361        1.4633635545001380        1.6566852270274042        1.7514421382949483     
  0.26599233006258705       0.27345935893893181       0.51384634534243734       0.48929240343260849       0.50202990829973404       0.75884036944494149       0.54161132691326941       0.63866908136046807       0.47378172019313292       0.48883579127547822     
   2.1095379459872290        1.4749624353195763        1.7511671715412032        1.7872519347504412        2.0416906957744700        1.4225819550091814        1.5267649546282416        2.0000161105429375        1.8432802639522279        2.0234414614150520     
  0.28041240243442039       0.29247406465715287       0.53041775241981093       0.50195580678464835       0.51713817172733945       0.76640192599899515       0.54784974872866543       0.65503281920663814       0.49152744488543371       0.50427430183314914     
   1.9773488438724256        1.6751435889336972        1.8814581611968277        2.0090778336183268        1.9974741275268959        1.6336137153257957        1.5811633289008042        1.8735270936699331        2.0287030916848265        1.6576701163086174     
  0.29396606187765445       0.31204784714600453       0.54711139134448949       0.51432972448270720       0.53009596213479582       0.77382952855077503       0.55414713234808488       0.67148234854997069       0.50853232288523909       0.51823143942131467     
   1.4694208111817106        1.6269650873029837        1.9853605582273053        1.6971636206519762        1.7127820450174598        1.7463531742541074        1.9003610508575244        1.8782390519522350        1.7976704948721338        1.4706568804678386     
  0.30783510590065050       0.33326139586823705       0.56331734224400809       0.52584865564629135       0.54148748886652298       0.78153759070633644       0.56071000444884900       0.68829974764140012       0.52502037377573174       0.53333008190147102     
   1.9002877592287335        1.9353586590502343        1.7083115383733134        2.0769618182135758        1.5706952878251661        1.6951973671301408        1.7402443227579079        1.6183367902864652        2.2183097300356747        1.5951550484693875     
  0.32264790779906627       0.35420850751571847       0.57885819975385344       0.53767159318912494       0.55354736913864089       0.78959921145728384       0.56800388295505366       0.70528269658526677       0.54026455296369935       0.54977467504653488     
   1.5289653342200977        1.8040596206700683        1.5266383153051608        1.6621609072761749        1.6047052066591279        1.6400923305693205        2.4240981812069986        1.7275850686868941        2.0014018697926694        1.6836831384132478     
  0.33782241304232918       0.37880377343561972       0.59294846359542730       0.54957837574850110       0.56709000392829068       0.79788082400814209       0.57571712912310391       0.72127790473784137       0.55592922117771215       0.56521247007345354     
   2.2374271142963216        1.8170047518585237        1.4722258455682000        1.7093642968127556        2.0512620482585073        1.4331577329916083        1.5821980114446133        2.0106418990909547        1.5640404017388128        2.2549467755176678     
  0.35223931448083012       0.40203029284516129       0.60600325733958116       0.56130622685341081       0.58109777832583787       0.80540184304551199       0.58268705202375404       0.73604682345577577       0.57066351130057769       0.58049640084640441     
   2.0065173798379736        1.4465912481512775        1.2938070143059335        1.6664682066193832        1.6832388822071873        1.5898767468043062        1.7612757801481826        1.8285072279190921        1.9761174022833916        1.8285026042732937     
  0.36628555067555196       0.42496641306078686       0.61953131234026393       0.57328767743501963       0.59547307134841354       0.81177110039899592       0.58972365389958059       0.74979062657951234       0.58478534263706405       0.59625829265156383     
   1.6275587982258466        2.2336908891542873        1.7990721018882276        1.2950869781634997        2.2631166913812626        1.4927188647141438        1.6105520364470005        1.6418220717519316        1.7820756433349190        1.8625040572338269     
  0.38106239554034538       0.44899271647458638       0.63467013433106856       0.58497699175867524       0.61032943450098864       0.81792177378963404       0.59636077360623174       0.76311492539778603       0.59889515353710521       0.61357301911621609     
   1.8052539352769004        1.5949613902028181        1.6775917047594979        1.5614763792239468        2.3764154413897285        1.4363221072947761        1.7300085956861262        1.7952254071149298        1.4913032130400934        1.8467084583940916     
  0.39661775598772014       0.47317025475494207       0.65162654277883059       0.59726302306351797       0.62555020987923426       0.82401630890787836       0.60332360936197971       0.77534458735633327       0.61286376986162072       0.63159893627317854     
   1.8358958738922651        1.8000967481571297        2.0982350983982521        1.9092649747587827        2.0566732545692603        1.7555283292539934        2.3357777405992555        1.5510151267851278        1.5588154993411714        2.2778644572577491     
  0.41235470124752266       0.49436716160764033       0.66880554832019701       0.60803946199560888       0.64087693881254326       0.83049391031161768       0.61032756882932482       0.78667013531497654       0.62617338004476930       0.64803646601652565     
   1.7361378027548415        1.5433869734686998        2.1079947948551352        1.6906577736779045        1.5864553042531424        1.7253241392514174        1.7213669433851972        1.8173733111967054        1.5410470369796891        1.8433783590789756     
  0.42658531511398351       0.51628800113717943       0.68496422322554695       0.61889475824592999       0.65645980508398594       0.83724552049962053       0.61707721212233069       0.79774076962277241       0.63833847090092755       0.66489486394806019     
   2.1996945859016286        1.6984721021188269        1.7139078508119618        1.5578615799878015        1.7901363185098684        1.7736808733613612        1.8313957273660708        1.6383306579878387        1.4617350991039924        1.9390358770454474     
  0.44098319668833741       0.54028777239912662       0.70192378936095845       0.62799775596710405       0.67336342722949949       0.84425164033115252       0.62373843356540304       0.80915794887052117       0.64966700245105025       0.68203725170999141     
   1.7179057640660009        1.8486153218321917        2.7012573563618418        1.7044732597349364        1.4949972918837833        1.9812815845328440        1.8674352551058044        1.5122845240233909        1.7042113486047294        2.7145278769883894     
  0.45649135841805299       0.56189664366958181       0.71723837229456144       0.63641801023917033       0.68963149734940610       0.85116687165572080       0.63022641848755812       0.82124347935080422       0.66165852956204885       0.69910066156495287     
   1.7018748696355377        1.4966527557680918        1.8770553673228445        1.4719119228811137        1.9175697456013998        1.5709380821650925        1.7273115086543886        1.7776668173073480        1.7328162635781723        1.5773645517533059     
  0.47294532208754519       0.58303190865657806       0.73373244995152531       0.64480114871593830       0.70466592322260657       0.85814545623138616       0.63702328238861250       0.83367563287597846       0.67541087414159873       0.71651661408705081     
   1.4080759835372985        1.6303516480217053        1.8084279897605462        1.7241745305509735        1.9311225492959636        1.3980177596294607        1.8608931552725123        1.4843637992128378        1.8608702256423446        1.5148011874246285     
  0.49104910835621757       0.60651111544312053       0.74815124150307188       0.65379943227827164       0.71966313079735300       0.86430321005774990       0.64423082051782277       0.84644585564330221       0.68940890648737352       0.73355993938129682     
   1.8033554011172717        1.7110442868777354        1.8596143949322539        1.6391762677193484        1.7541775470996792        1.9629461785786071        1.9772221513870722        2.0022312814985597        1.4335825774089441        2.1910957324946887     
  0.50855645596777832       0.63303684912661429       0.76351131826434704       0.66527097178988359       0.73502586109446144       0.87009374244700444       0.65163152373970279       0.85967403473863213       0.70452140790244178       0.74978764050544622     
   1.8456560180978956        2.0675075032502783        1.7087674627024523        1.6387161083641388        1.6384574423766554        1.5539851144227037        1.9418339420774855        1.7954678674196538        2.1414425041083351        1.7620268778806594     
  0.52592305765713099       0.65989990737881732       0.77924205421960768       0.67677615312101302       0.75000084658351163       0.87576775593991818       0.65878836168055988       0.87285323392785275       0.72194969228029460       0.76596636232432880     
   1.5344410599079124        1.6985057246755135        1.7854210188018771        1.5440097482940127        1.4162556740315977        1.5166652417516979        1.8793361246349476        2.0840156853089375        1.5629200860697157        1.7925778818365969     
  0.54545796935159074       0.68595553558515843       0.79464718965183723       0.68830651251017516       0.76572129476694495       0.88182811611896283       0.66639972312024165       0.88585652319077601       0.74155079624771503       0.78415707913479937     
   1.5592437668374994        2.1907348462988940        1.8310264041196922        1.5325003961661670        1.6085580425892614        1.8247058274563754        1.8220579522428786        1.9762829196052438        1.9459105565676842        1.8115377337710850     
  0.56569446321030670       0.71213015854307715       0.81061504825817998       0.70103270722442534       0.78225997707490924       0.88866324461110136       0.67425599451379647       0.89712070515668174       0.76239397631074468       0.80285940685409063     
   1.6258139142270303        1.9214499566554546        1.5400877459594231        1.6349868929455913        2.0797269305059674        2.1195008863698579        1.8807710739012935        2.4525398425633527        1.9670495646485906        2.1059352315746214     
  0.58809538909927328       0.73809406222118357       0.82528750940676254       0.71312427254786281       0.80071774932909323       0.89452298784157924       0.68270120152482505       0.90818996984999756       0.78272547049979502       0.82231140372597977     
   1.9158750480657787        1.8083012008730612        1.5723357015220722        1.7495654778250178        1.7752147031883494        1.6475145219487506        1.8659243647239947        1.7705094462592170        1.8359258132637910        1.9391449979036597     
  0.60954734645549891       0.76431594749340603       0.83775627725274993       0.72442982308270143       0.82167941100379560       0.90084877028476118       0.69132198089894703       0.91729215345903281       0.80162770887386148       0.83868400324757830     
   1.5510643466385738        1.6195127390959436        1.6115366126988664        1.7853784102325148        2.1456678192146827        2.4878399823381159        1.9717963455719614        1.7154685477571754        1.7836020668148873        1.8348655738733948     
  0.63198920695085725       0.78889547182329156       0.85034922408586167       0.73497330507340830       0.84254168268266683       0.90758832386468646       0.69960075235674424       0.92550948367164898       0.81988507993576865       0.85439844906565399     
   1.6973429008856160        1.8513257626095581        1.5645568365124478        1.9376759579649381        2.0867385555164395        1.8265214468638835        2.2974246131253748        1.9822029244064445        1.7030404929756588        2.0294979889071234     
  0.65723440301217861       0.81067592759341467       0.86323799771674437       0.74494593590869385       0.86323984011468180       0.91441091872108426       0.70806032064542523       0.93325869163224229       0.83773627261971551       0.86987487629369231     
   1.9370207526949010        1.5968791157068702        1.6382217096756575        1.4759725949487501        2.0122284417424954        1.7967488931228763        1.8284179911262750        1.7630528199233977        1.9257123226012545        1.8376115185754789     
  0.68441033188928280       0.82824766380598192       0.87910991263231408       0.75532553261820490       0.88271058674437120       0.92186694439847561       0.71756295955760463       0.94021762539729070       0.85572283126499127       0.88450832684042047     
   1.7777768714377318        1.6376187304881185        1.6623478602222683        1.7845421463869426        2.3359153789448763        2.0161603464396634        1.9899098074362049        1.6680902269644409        1.6721733624701818        1.7876147694053388     
  0.71187910730981752       0.85131725541494574       0.89486749799971799       0.76729109481397295       0.89893895566722559       0.92904396289863178       0.72779972524698078       0.94782680715066625       0.87505704981892474       0.90143757191050511     
   1.7029088445161744        1.8621429700616108        1.7502847963360373        1.8300879310877036        1.7966054706366015        1.9113941430745860        1.5886489601247076        1.9977648821603613        1.9092613070945361        1.6016545362515686     
  0.73881388672746329       0.87244845027499640       0.91014526916671767       0.78366199566259898       0.91405867692867704       0.93651337326186590       0.73808886003211938       0.95529518863408536       0.89392586278748598       0.91833328064180342     
   1.3977421951484401        1.7344956696566840        1.7700975449942722        1.8489511646803818        2.2526076922062144        2.0480852008621011        1.9834119803101695        2.9603797116022674        1.5964709982211960        1.9294906093717108     
  0.76769670770917653       0.89525457530500896       0.92422907650283059       0.79973490194834729       0.92903848383404364       0.94399737235722858       0.75005904627147446       0.96333699141879547       0.91377175231359931       0.93217622535812572     
   1.8262127603500082        1.8304899937281829        1.6462581015624336        2.0580935554586621        1.8916702970407984        2.0542057828054108        1.9167133246843180        2.3036883181752845        1.8152000234105428        2.3392987031913144     
  0.79795220881814599       0.91656219075627443       0.93806626512724611       0.81838724575854815       0.94306504883987197       0.95195281243286378       0.76095895917086087       0.97115131068083871       0.93460451598269367       0.94486581901002764     
   1.3112006081305962        1.4398766952835951        1.6231090825662218        2.4104414689674609        1.5706439705539676        2.2475850931681411        1.8877611460836428        2.2743240286374693        1.8186613796661317        1.8187095573371381     
  0.83201530999771189       0.93703770665333719       0.95192345502954956       0.83834483784198899       0.95741392734170716       0.96077202403078887       0.77677336270269071       0.97853102562361971       0.95449369842513276       0.95802662349771450     
   1.6203540283654791        2.3696751098900588        2.4524921740977539        1.7151466778774165        1.5196126448395548        2.2448995727292571        2.0597748234877766        2.0564322429291213        2.0006796166535290        1.4950070400974549     
  0.87501463786263534       0.95745833558440863       0.96732856550183333       0.86178920710767570       0.97182207038360202       0.97094399827637479       0.80202921884763345       0.98521432403471554       0.97207465614267652       0.97185710762635069     
   1.5124712269699061        1.8094413563505944        2.1756680373837352        2.0321160608839333        2.2110659838318862        2.4637758623054729        2.5782262430060268        2.2859106323778775        1.9193580125203769        1.7171275012444842     
  0.92881053470468711       0.97913762861922249       0.98318398079895963       0.90771580547336284       0.98602809742353614       0.98505042347532645       0.84837285989081668       0.99251507970544273       0.98674927362518250       0.98574613244069520     
   1.6329305473625764        1.5691183153236108        2.1209775427295403        3.5957055517261955        1.6087521910339138        2.2500519500272027        1.9657292956495491        2.0328910025834714        1.7917416509504449        1.5808194121360724     
   1.0000000000000000        1.0000000000000000        1.0000000000000000        1.0000000000000000        1.0000000000000000        1.0000000000000000        1.0000000000000000        1.0000000000000000        1.0000000000000000        1.0000000000000000     
   2.1884098999135513        1.6747502485041503        1.6593988322441156        2.2628268609004789        1.8552851678318034        1.9730419036316060        1.6813767248202409        2.2365813116762405        1.9244269753379404        1.6324644043169587     
   10.194800422152881        8.9709137411032529        2.7467259986584951        8.1530827013532416       -9.7315952920744575        0.0000000000000000        8.7535542710574248        6.1018260679897400        2.3855861442893738        4.8595153375375499     
  -4.0716296587846870        3.0699489854411337        1.5329818116980973        1.7269450312863428      -0.43543509713865802       0.67337069595631294        4.8298350849897007        4.0068767158213419        5.4568628911002595        4.4097890849284846     
  0.71819525997498146        1.7856294339406484        4.9149170434978595       -1.1841756474120635        5.0176169724519566        1.9736090928759913        3.1617766510602112        6.2924419449313023        3.5812987556282150        1.0637015789757485     
 -0.14656075478539099        4.1685938206873949        3.0122984026935482        4.7502323326252016        9.7399997389434425       -2.3266633959429779        5.0090728498870254        4.9188327997485102        3.9384382903663981        3.6930875996371597     
  0.89760269041828911        5.4274210183982321        8.9208849947994171        1.5489584294987639        10.986517466722088       0.54763069669474140        6.3343059374453290        3.9026191707231574        2.2825172963408873        3.5288962052610993     
   6.0834382951301027       0.32915600986461740        2.9206311240977696        5.4156951404722298        6.0207358465363496        3.1038471726560171        1.9373924803024227        2.2047654227213846        4.9883638461416187        3.8836212523809932     
   11.320490795849325        3.6859679608194860        3.4364145631044782        5.7337829059188428        6.5033515176028942        5.6423184100593016        2.7116283523998894        3.7974339676402793        2.4306727818418645        4.2544836161498738     
   19.632446720758448       -1.6467176746000793       0.87463260890716865        1.4245745539356496       -7.5524307339725913        8.1169677769672361        11.892185693538865        3.9934970016290321        4.0100928100467845        7.1917134308536896     
   9.7002229571312171     
           1           1           1           1           1           1           1           1           1           1
   3.1477295211832979        1.3392839798705749       -2.7053656715839286E-003   2.5732142716003787        4.9630604139920591E-002   6.8245918027584135E-005
   4.2850177441736019E-002   3.6087416534169262E-002   3.4008982586792805E-003  0.22475423081609588        3.3987344416141719E-003   4.3232588798782404E-006
   5.0000000000000001E-003   3.4728913163892279     
