   0.0000000000000000        0.0000000000000000        0.0000000000000000        0.0000000000000000        0.0000000000000000        0.0000000000000000        0.0000000000000000        0.0000000000000000        0.0000000000000000        0.0000000000000000        0.0000000000000000        0.0000000000000000        0.0000000000000000     
   4.8372171043421905E-004  0.28513840823779302        1.5341779243420709E-002   1.4667956504922561E-002   6.5405405972846831E-002   1.5997804467669661E-002   9.6712088402930815E-002   1.2112835272427198E-002  0.20075471267238934       0.15037397742632097        9.7232887849157928E-002   4.9764813166510644E-002   1.4285855330509897E-002
  0.61757085323773386       0.61757085323773386       0.70009215775251010       0.81896034145749130       0.87691623219501624       0.76386406151141772       0.75578157879962404       0.74481426188876654       0.61757085323773386       0.65155036773065755       0.70126657069127496       0.85942026495384471        1.0162221615018685     
   8.9411351301931950E-004  0.31734620370119371        3.0494359572313980E-002   2.9138494972839754E-002  0.11612636146516674        3.2639025286706175E-002  0.17648300693931301        2.4588663210028613E-002  0.37174365915437491       0.23000662820597606       0.16305402088052595        8.6254161054748341E-002   2.9184123763836823E-002
   1.6273708601405945        1.0241769203674913       0.80505938627433293       0.78861055715420825       0.84474711974336858       0.74350281427933618       0.90468286248352314       0.74767806596864672       0.89399053516463534        1.8959873509292924       0.83870130962966849       0.95100389620779380       0.82160160942242066     
   1.2269063677003741E-003  0.33872307387751599        4.7184933029400439E-002   4.3759604462349951E-002  0.15038351204022032        4.8873447683367918E-002  0.23383294318385212        3.7220538490886163E-002  0.44679902494868146       0.24451608087279231       0.20392872724645622       0.11458849280578028        4.4569695541386074E-002
   1.2980741845764485        1.0456647124984779       0.80185194954968175       0.80128133141767466       0.92359944601648392       0.86989167506281795       0.90967053798411524       0.77297813490080314        1.5210163854288059       0.86896642750730047       0.97703410569128035       0.87026474102530804       0.76789272467660719     
   1.5223238432319683E-003  0.35141070115095441        6.3342889541060682E-002   5.9120593915022335E-002  0.17813229880396611        6.5423701990604224E-002  0.27652100500834426        5.0009360575750970E-002  0.47157381839180795       0.25720994032269512       0.23551218423662712       0.13842555267500606        6.0596922246469030E-002
   1.0526683185025973       0.76314795327135565       0.97999685630936773       0.93947396412636097       0.82295382004831563       0.77841688821537036       0.83403517022466178       0.72318493072086798       0.85111143373259623       0.87480204905342573       0.88456259694039319       0.92385509763910501       0.93031235734901851     
   1.7937817259552887E-003  0.36029159405211536        8.0562439337396735E-002   7.5242713041540246E-002  0.20179648586106944        8.2054751505338822E-002  0.31371771939102466        6.2748593511328499E-002  0.49187848877189921       0.26749404369958657       0.26029150034860637       0.16244649117134966        7.6519447683476863E-002
   1.0560885417145593       0.73605771965851985       0.78627372479451274       0.82041282757016998       0.72004827520497861       0.91520440158175176       0.89933375260466220       0.73984076448577785       0.86368183679597810       0.96130184143512942        1.0255202545943569       0.89675867792423736       0.73598577129531961     
   2.0789935722667465E-003  0.36935789508160588        9.8617008856635185E-002   9.2445726084317392E-002  0.22375467114862543        9.7875202974768094E-002  0.34849869277247053        7.5077585584895343E-002  0.51049854497135216       0.27666727076228614       0.28206792024939525       0.19456028266755224        9.1637055602772091E-002
   1.0728222986423153       0.75604510393248148       0.90789243697201394       0.89080316535387150       0.82347991223185424       0.68942311209838802       0.81664335353554418       0.77411910949286544       0.73038452655913477       0.88227084696170088       0.93717575563675548       0.86178400347416240       0.83224587526310323     
   2.3975140374184927E-003  0.37854797275104091       0.11427447160161244       0.10877069929162068       0.24360530288233531       0.11298718204539138       0.38081082314478193        8.7481038608162337E-002  0.52410713194955572       0.28499105662045532       0.30254686558876170       0.22947012041959464       0.10484511288677184     
  0.88162375441174545       0.80433477809042286       0.81943242945824202       0.79653760221916059       0.86937366074798128       0.86360471912586834       0.79987314462127523       0.78787953810663491       0.89732139204436590       0.84130499853399188       0.76337288478075305        1.0133234303071139       0.76298181585239477     
   2.6981507417252332E-003  0.38840974147252255       0.13040042238908153       0.12499968504829506       0.26343290835051575       0.12733553320199575       0.41119855262390059       0.10034028240528634       0.53633456811365665       0.29297785199228121       0.32352227884260609       0.25523999169426476       0.11997193319152341     
   1.0213070847674812       0.69947298887644360       0.91645914077702861       0.81493423984561475       0.95493356605603485       0.71953303248344624       0.81810081076066921       0.86862015339698351       0.80834819318482964       0.80805550969752971       0.94385907459549467       0.92635255306257513       0.68216059287503494     
   2.9766504569936612E-003  0.39963297774664586       0.14686436143576367       0.13997612350778521       0.28317103554478867       0.14190150997526743       0.43894798602713470       0.11417257431356979       0.54932064533087099       0.30036354146547245       0.34369258249450052       0.27859706568638565       0.13534034286473778     
  0.97753777844484047       0.86517266345371957       0.79772220990193698       0.88142477607505876       0.82531905383258386       0.83547894436102654       0.95752303867515942       0.75359682162687780       0.79594482974864844       0.89851531942392149       0.71073226545217905       0.98302617538143333       0.85121791777632128     
   3.2639122799799063E-003  0.41110848502921110       0.16299659361618871       0.15327242597137813       0.30165119553026787       0.15657510932720564       0.46514500929628455       0.12819232376434275       0.56078574723336394       0.30788735487568503       0.36350300393019142       0.30146101062669756       0.15147244307533611     
  0.85089071007774553       0.95758913775501386       0.86444021853127462       0.78490080088202085       0.78943395037651964       0.71364824690560003       0.92230078825712614       0.89077104462003087       0.71892977142245107       0.77548251815246638       0.84205851333924098       0.92248506309904588       0.87699623706088081     
   3.5551387613012545E-003  0.42324497225054025       0.17800466681615632       0.16681752955301943       0.31992244321162128       0.17196552775324100       0.48926777655971165       0.14116251575950400       0.57120935628563729       0.31522507068489419       0.38202730358945258       0.32472834830371600       0.16893197960858872     
  0.99059179819511589       0.85905182085337595       0.87033386426263615       0.64112211502309469       0.90896748518597392        1.0160065928994739       0.82196723316580933       0.75450419630560595       0.81243506566358448       0.76387722050449669       0.92467568490581109        1.0035257729274873       0.83809708414171857     
   3.8754056787043910E-003  0.43545779772180054       0.19369904250607348       0.17954429589454537       0.33516683343339071       0.18722745865640866       0.51232718568011726       0.15373421570636076       0.58219737180016751       0.32254386229613730       0.40087988156547527       0.34753866302472586       0.18523482338959144     
   1.0110301108812074       0.81147651953257038       0.84988995786383448       0.79171433690891657        1.0210927182887515       0.71372275769906079       0.78914021533426415       0.82392535239464981       0.83650964970697406       0.84831452668411556       0.76875212099277057       0.86380542981059416       0.97345438832297337     
   4.2145343684882484E-003  0.44809495189687060       0.21033552502475406       0.19223388564352811       0.35067646222552273       0.20165737434638514       0.53234339098676942       0.16690735771690965       0.59338961855092553       0.32983577607896181       0.42057690852839730       0.37072540772191442       0.19954770168746591     
  0.79898241998610364       0.79114886435618015       0.91102396882137959       0.88697083951916500       0.76205677506565506       0.95689005413403838       0.74131649275273725       0.81220934525263588       0.77356000888377607       0.98424394721713548       0.91976806852743798       0.87466216458998669       0.79271806799226041     
   4.5668068004679823E-003  0.46110033165556208       0.22687337647010378       0.20503443913156941       0.36729007642636891       0.21614568311367002       0.55153147964628835       0.18168039397981678       0.60552815651561698       0.33650545874896320       0.43965596163990672       0.39025774238936833       0.21457313453936924     
   1.0491912807139028       0.88524359439020095       0.88338483731185147       0.78282970023458376       0.94157879413927537       0.69273531540193356       0.81109228798963273       0.89032061363627102       0.92671925443655290       0.86389627455431883       0.91653072858255424       0.84559940604499173       0.85379908947448713     
   4.9646545941382575E-003  0.47361003144957725       0.24269608874505635       0.21828997864319749       0.38372638441368084       0.23097009447475067       0.56965896765083934       0.19746553170268441       0.61697224088449709       0.34305915390050495       0.45801290849282011       0.40568539035621742       0.23014263696470724     
  0.78598350028734565        1.1286610632867022       0.83534226166643122       0.73734213795006187       0.75397508825759962       0.85936019615652337       0.80589497210711281       0.84801188530616889       0.85845275758321471       0.80922098663049868       0.88807162450207500       0.94751169535195867       0.83063175289505586     
   5.3771605353214848E-003  0.48529255958622552       0.25857051101494782       0.23235034606668126       0.40058199836214103       0.24548004436976933       0.58714301949622272       0.21334147931200856       0.62739837006208166       0.34963562684673544       0.47540771346725724       0.42048873883935989       0.24501237821298097     
  0.88781058760472620       0.80532765592563793       0.74099938624257000       0.95281841889298768       0.84665671285144406       0.77083078759821677       0.78970124556483767       0.80996418190170683       0.85793059328417132       0.83511980511366468       0.97234129418352921       0.76417721796544791       0.76717547314965828     
   5.7838520987065619E-003  0.49781621935140619       0.27368028659828614       0.24724343149296885       0.41721850868913291       0.26116029664480106       0.59999204105135495       0.22900162087607207       0.63801573647931831       0.35666335165674112       0.49226274270666548       0.43478123164463689       0.25882555691954556     
  0.87136176975991197       0.87932139736604686       0.83186605150135529       0.78121105872161989       0.95048357116984072       0.87892967914126152       0.68208610335362407       0.73291734265748609       0.91272662023717699       0.80981109735132695       0.79082246889643903       0.82983244296775871       0.83886136827634428     
   6.1929376438623366E-003  0.51017675239066673       0.28843100942412453       0.26083216783785385       0.43215822304934542       0.27607753893975606       0.61334528336664218       0.24506233992025903       0.64734434046301725       0.36398171246580679       0.50906269065613852       0.44939563590068021       0.27627878608112244     
  0.72926311357984830       0.81148593429686011       0.88741825379181227       0.87047959798704644       0.90655076732997986       0.75669439074470435       0.73650872768517150       0.80793305489544487       0.80418108861653503       0.97035754218250536       0.89749953359965939       0.71814016108040835       0.80875852220524103     
   6.6337186691739509E-003  0.52148830546069247       0.30246677318962145       0.27452778994610327       0.44697520438386656       0.29141525320788908       0.62764555631408192       0.26287510510707651       0.65778964074440638       0.37057542923294112       0.52632316903110499       0.46350297210983887       0.29337686155678372     
  0.90379163263337969       0.85713486366309510       0.80924114497678634       0.72849001298383798       0.94978846019901819       0.82715321675953046       0.77696605507131278       0.84877081811269828       0.98251540323985853        1.0101159283733840       0.97470080644840262       0.72217617229119713       0.80964789245903823     
   7.1283942720090808E-003  0.53286901895549710       0.31611877739530159       0.28783213807276414       0.46028885505486000       0.30572030603604394       0.64042845076390287       0.28111691646370829       0.66672400894143435       0.37713723023678858       0.54248680285650419       0.47826634376530386       0.31015456307896910     
  0.81900316218019498       0.79952795067880011       0.79061700037787974       0.93040181719926529       0.78852894660103179       0.82188696839775777       0.69217954156493067       0.92025210936985247       0.89412371436058036       0.80970810700366946        1.1318136047823555       0.92727123760581887       0.98024035112720909     
   7.6299893167389842E-003  0.54556662815629298       0.32974545376237763       0.30161158633663099       0.47241906821616203       0.32056763938676597       0.65249609756771443       0.29897012629773351       0.67590144156387166       0.38367577901057037       0.55804722027548737       0.49257747957647474       0.32715405914451440     
  0.88222688797657811       0.87460126062287469       0.72435470448048123       0.79930583838378866       0.79215608010171623       0.86439843722055321       0.84235713784870359       0.84270193230997525       0.89644019763331106       0.74865814588052904       0.83249161402330352       0.83234074567665861       0.94116990447451776     
   8.2104256318717879E-003  0.55829354378159379       0.34376622424945846       0.31634809297844479       0.48537669930315946       0.33480180613903110       0.66832211781742035       0.31653268156604136       0.68453393954078212       0.39042771327987180       0.57188777470795837       0.50853508809496395       0.34341411107074382     
  0.87299740602897002       0.80134768359233066       0.84187346048889822       0.86624644634088088       0.87046769619859377       0.83359365813715847       0.83172088143533673       0.96663415696433919       0.88084632902773596       0.80715032933705722       0.75076924398854050        1.0422292163913875       0.84985491075058239     
   8.8256149379579776E-003  0.56995797721725505       0.35782549850715911       0.33136328797068632       0.49900063351834850       0.34974652201379852       0.68324898996774952       0.33405651641620404       0.69305510587382668       0.39715418043165418       0.58453658083244797       0.52445485786816737       0.36073895803427475     
  0.83906688513377414       0.85764635462032501       0.77474729046028457       0.87056595444619322       0.74921384510764022       0.75032676884496441       0.84516588741403664       0.76246752967524611       0.74687692887467572       0.78455732819122892       0.79863462024375553       0.89501038409505429       0.83999947682470200     
   9.4835699688700821E-003  0.58118162307271393       0.37283492640343763       0.34699785768876762       0.51309729821721661       0.36569928657414491       0.69503591687305366       0.35231167133184699       0.70227271705565630       0.40395452563261264       0.59724227739960811       0.53882557095730532       0.37679992636441784     
  0.79829548195261357       0.80358435592254740       0.81695146017867692       0.77951289222140130        1.1402045273973251        1.1130458299340904       0.78507291564203896       0.84273511004041801       0.75588715553191377       0.74787822137955395       0.88316563211467913       0.83030320872489205       0.75259502506138232     
   1.0313888275578274E-002  0.59216282702144851       0.38666728542022505       0.36273188086120695       0.52621782142595963       0.38174810085035915       0.70646926881849581       0.37131562264464807       0.71184940148792653       0.41066181766275967       0.60995314192388506       0.55327339979165191       0.39252890503657262     
  0.77608101191930901       0.89322260603469561       0.81830967448015945       0.80300078671938846       0.85946915828738835       0.74524570799384138       0.69898763395692620       0.98488492155819263       0.78212493004539130       0.74712889453857723       0.96720702707134942       0.81476589452379145       0.87502428890540873     
   1.1185621224662068E-002  0.60301927887057549       0.40584145638503838       0.37873316671766344       0.53766259181492893       0.39859460016714032       0.71728995558361008       0.38964233991402847       0.71964182765539786       0.41753836478638212       0.62355762724667008       0.56591599086749500       0.41050859285792068     
  0.82442000040916119       0.88846404328661821       0.82387451304693826       0.92688008175956849       0.84492178582388255       0.99058809281289295       0.72570157295697169       0.92194625116157247        1.0198741320843361       0.79637537257808644       0.90644192316708683       0.79570565601364085       0.91385130160734618     
   1.2185987970990412E-002  0.61401596405978420       0.42343716236867268       0.39390353435421521       0.54807050772816046       0.41524270438823868       0.72836934434075307       0.40713249253691342       0.72754548775187800       0.42454680605932410       0.63817743796518112       0.57739023990730098       0.42798335585374631     
  0.81095749671410466       0.77241176086403107       0.79414805791874676       0.93451883418217052       0.76724662324712012       0.90692836956863110       0.79380991780934584        1.0283486908077331       0.81546687361928993       0.76745362135034734       0.81285572349783441       0.76557761661617374       0.86531454599093693     
   1.3216969871701147E-002  0.62497352644623849       0.44170859246251076       0.40910680916604669       0.55849193250535800       0.43227735004057494       0.73957137585441723       0.42476429928811804       0.73451126913033760       0.43171959647051594       0.65181830234268467       0.59009109436117391       0.44617521015855161     
   1.0204089712436351       0.88481543718360256       0.87233942047732971       0.77162767674235666       0.77677706211845299       0.99830688089913233       0.71979747246617876       0.96438380496125342       0.82170456925548507       0.88647425775072786       0.89014630483751900       0.79662845170632590       0.90208703467317586     
   1.4309908261566027E-002  0.63618082780200103       0.46006976479692768       0.42473028981078276       0.56849657928134600       0.44884913210166771       0.75131052504974871       0.44348815226327776       0.74155237097555993       0.43893354691657505       0.66404755988690722       0.60304782729425421       0.46446200840848989     
  0.94319221834947964       0.82738592085888396       0.78549093903004807       0.92368613669418387       0.70520208462410672        1.0021667067755122       0.76482307740807065       0.86230424568479092       0.95680463993851617       0.85225619789176799       0.72674880163047206       0.72737407641057072       0.89365545179306949     
   1.5429147745346674E-002  0.64711486229589499       0.47839729112170409       0.44014715107818292       0.58022279368414964       0.46544672876332394       0.76226570587876341       0.46198466932542376       0.74977868755239285       0.44619094177129354       0.67650354004284752       0.61640249952291504       0.48095645272137111     
  0.85502562224884460       0.81758713963289720       0.90924303742074952       0.79934261132520779       0.86584816908751994       0.95911296332479745       0.89845773777804216       0.79479926874145601       0.89430621598883953       0.76576267597972925       0.89982320700229990       0.74114476323467759       0.81608889294636588     
   1.6624115369371618E-002  0.65713639117521772       0.49767136088236191       0.45667823884700998       0.59192325673135615       0.48134408987995958       0.77344890773110597       0.47826406907943525       0.75842520202155628       0.45348984624034772       0.68708355524010145       0.62967298075494482       0.49810820002742240     
  0.78129825245318096       0.85009320313827608       0.97842864452555545       0.77240278971177589       0.87472821102377718       0.85380126405885359       0.95669782922174040       0.80875062236351658       0.80722990424222940       0.91619742611526112       0.72019774274774218       0.83777563041339642       0.77199417067043330     
   1.7863491087440508E-002  0.66769826733003390       0.51620352996560503       0.47374184206467834       0.60270310710960662       0.49681736782738600       0.78329707324432096       0.49538453651565079       0.76664959893114537       0.45994752857550447       0.69737896387304288       0.64256548625700483       0.51187414181330559     
  0.87180961066199980       0.77835473282234413       0.86494751868476694       0.91634978227211128       0.75547870795778416       0.80508840638328294       0.85055640824661083       0.84674760406120619       0.82933081252600205       0.84499524226417722       0.81032535781670478       0.87977193807630405       0.68141268939934563     
   1.9250745318473352E-002  0.67844643140005112       0.53372457185436473       0.49123078497180472       0.61344436266344582       0.51417263221254061       0.79368529791132569       0.51080874994718850       0.77464228050646722       0.46668880379653627       0.70680813704408907       0.65465318839198039       0.52525292286042635     
  0.83353783494869926       0.93430080261834969       0.90891409543556334       0.86400077804566389       0.84626736324315566       0.80256163953353665       0.83501253955975130       0.88038560362373774       0.82724890146625540       0.75803889514511236       0.68120787085680057       0.81701770621095504       0.71192403686370731     
   2.0779684328092227E-002  0.68943005410987701       0.55044297453239166       0.50982579174900333       0.62468306352190350       0.53075049051864820       0.80279463400479223       0.52620781113975945       0.78057735159221819       0.47334150011348358       0.71600894969420026       0.66526113393938402       0.53952012786195536     
  0.72960546199514809       0.77951124934676519       0.91818857783002661       0.88545067878637029        1.0523570890367635       0.88556706036054522       0.84608638952553239       0.78816795887003288       0.69540023379854521       0.79319069254917296       0.77024799373433028       0.72708938377926513       0.74318347154959474     
   2.2543854759697106E-002  0.70066357409688307       0.56637182990096124       0.52797804335571508       0.63677247573445317       0.54744333606985052       0.81111569446097898       0.54034897674523741       0.78638363118488119       0.48062047127294444       0.72445127580689317       0.67588332098111858       0.55417185386390921     
  0.84115034432863911       0.84019572348127802       0.83796928534576820       0.77108391879742832       0.77219272196983979       0.92579223619980289       0.72657336290468988       0.86395834523412696       0.66385422623104706       0.77559021161358965       0.76842918826860807       0.74345028655721090       0.83041842997198256     
   2.4412367711638978E-002  0.71131301416459458       0.58220888218094913       0.54613202896925950       0.64828196292279727       0.56393200124547893       0.81788858577431689       0.55457993196840472       0.79327641305670593       0.48829869071023640       0.73421022187205065       0.68708311738912908       0.56954023357838857     
  0.81411339802850757       0.90079961549731824       0.71833635940720986       0.87727052521793059       0.77822525359029115       0.75881404497914995       0.74196948972091981       0.75035937626524341       0.75264278302543008       0.72666285710387979       0.88686696685120392       0.95041673850592634       0.89555047063071014     
   2.6326892723879152E-002  0.72022442456800650       0.59813525000907086       0.56586294206390053       0.66084049281840551       0.57991975449478617       0.82433241882486452       0.56810901034300432       0.80039833426311580       0.49668866241584170       0.74464685811380293       0.69858364405270146       0.58570493857867545     
  0.73407025858583796       0.97359513691696331       0.74467824095164536       0.79429574624958532       0.75343545286613078       0.87078889890967337       0.81732318215089583       0.75988806123445496       0.77392960922709597       0.87501554435818418       0.86526064211624720       0.83674380524601932        1.0796750576904954     
   2.8289363995038987E-002  0.72955321292363529       0.61425839027360496       0.58457420433934026       0.67566522881070068       0.59642102917873274       0.83136767324424310       0.58218372541123997       0.80598962447898692       0.50538861352917686       0.75478131723182607       0.71042249154649306       0.60064898879240669     
  0.78994442881056381       0.70027280251410440       0.82496495247455770       0.94773818107958907        1.1661355816572050       0.86280687423840607       0.76398261423187275       0.93975052770346379       0.76828860370567542       0.89423414415352342       0.78923720418799648       0.81464344195013283       0.81355557430888814     
   3.0357143890393588E-002  0.73917115119093912       0.63183544202498243       0.60249258306792064       0.69023103970090072       0.61234836603576237       0.83864398321612343       0.59621123628752315       0.81223994791968002       0.51328800462643109       0.76482063331982186       0.72301872795715971       0.61535619831032229     
  0.76438367809084407       0.82000177386862039       0.89308812266623194       0.78971762013523317       0.80000291557693093       0.72645238218946673       0.78242024551030187       0.86864361690481107       0.75987667172432227       0.97891939387370008       0.82863032225115629       0.77513597698473180       0.84888239792874554     
   3.2523263185415346E-002  0.74973932383991704       0.64912096841548439       0.62036185867746463       0.70403787401176965       0.62899601841454023       0.84633250957012540       0.61167138855661385       0.81868456442444593       0.52027154200577286       0.77471340682224277       0.73596756705606248       0.63244563369928963     
  0.97396822907643876       0.91345616461720047       0.95264553173967370       0.86217350869031117       0.81935576224052686       0.92476659032787434       0.82893377493043641       0.92280121465250575       0.72550797128679989       0.74922816013013505       0.86968115081800912       0.72295072561864715       0.91013329878330507     
   3.5125369969894064E-002  0.76015729330509341       0.66550977011554402       0.63893213733557497       0.71760410190830970       0.64427171422397445       0.85390123827792097       0.62757702584983976       0.82508574696166703       0.52724679729130974       0.78478119954717762       0.74797416980587006       0.65007751765315169     
  0.74316614411683057       0.88748507415952682       0.84359357851553729       0.82144254170788833       0.82675561999485692       0.88944204900420065       0.84550696129336467       0.94661185992406871       0.83992602945311090       0.78628781949750282       0.88400870033925549       0.72000878548870861       0.90760106665587603     
   3.7938386504121527E-002  0.77115659641196288       0.68158565684497363       0.65824449579551758       0.72861701521960798       0.66029212682203053       0.86167431548245477       0.64577725640294359       0.83149926810996444       0.53471604153918773       0.79524326669115952       0.75928683315444012       0.66723739740261290     
  0.85513225694346506       0.73547184867679982       0.80339490729978802       0.89441894828946888       0.77006387491921457       0.79532748788827057       0.90302318802006953       0.88750284502447774       0.93337352894599523       0.80432627643215615       0.87454183692683352       0.85190380415701716       0.73989174905619959     
   4.1094875192111767E-002  0.78128511038408188       0.69784656858952887       0.67576147282470389       0.73970494555175004       0.67288009128963555       0.86951584530763015       0.66274083091757474       0.83761120944065592       0.54255260313736531       0.80515998129962552       0.77083643057612905       0.68411736553942148     
  0.89909878340459604       0.82069165232197194       0.89913061043048537       0.90351879433350812       0.77122813482299268       0.76936659213228520       0.80056710950734244       0.88640275108224165       0.74319236151224100       0.81001964182642783       0.80347765213122890       0.91401830225758185       0.84896394156079136     
   4.4381042044551518E-002  0.79181897196623896       0.71376284411246460       0.69409386075115631       0.75009185603675665       0.68479172596103022       0.87713691046895803       0.67864968838742012       0.84363655976119589       0.55132830965009305       0.81528893511828504       0.78262275338224663       0.70033370289601371     
  0.81216263573895875       0.75713221983571233       0.92022056352686399       0.94116164509114852       0.76186521836104282       0.73714343157700357       0.90591830599357093       0.75384889054980275       0.74323841180806882       0.96607101363067882       0.80657453491321462       0.83225111942033936       0.95854853471255519     
   4.8192204976520672E-002  0.80269910273074074       0.72870506213752462       0.71253603136145083       0.76088596602362857       0.69976971896721352       0.88486941742969472       0.69460950595928750       0.84978208109797271       0.56045535470042473       0.82399168811575707       0.79446394090120021       0.71674838339204638     
  0.79631574997366539       0.83516221953792180       0.73334301115759459        1.0119789501999690       0.88090760499721377       0.88442629871253275       0.84276953186989134       0.96611917488096954       0.86986927724464669       0.83740223013183768       0.96611547553935651       0.84287388788105688       0.85190633528880855     
   5.2379976987694081E-002  0.81369548829280702       0.74321082986801934       0.73133058831167563       0.77161703417156291       0.71491560383825103       0.89229825516474570       0.71023996373808329       0.85628372314245116       0.56967360082645324       0.83276057472117027       0.80619727781086936       0.73174614766402923     
  0.78375473217690794       0.89459496309227016       0.95278039702505091        1.0115526010263762       0.74771124668477729       0.83604805100921098       0.67659907350179871       0.90827840731466636       0.78191864043719483       0.81044146945071605       0.91856834604167703       0.79393450672632815       0.75459526721441461     
   5.7191936700064602E-002  0.82504954907466088       0.75807897793763945       0.74790269271500687       0.78314667235683899       0.73138103365818352       0.89932212395941324       0.72658773500773577       0.86317003605029496       0.57903851789081795       0.84107025084828735       0.81788795319145891       0.74421434909707673     
  0.67592777286813432       0.80642059701799573       0.74431486264023827       0.80218818314336571       0.85375058293030948       0.89974318314684221       0.73727622212763866       0.80624206760522332        1.0170088757748472       0.86705891312780725       0.75609716625919987       0.84495571915312984       0.78655092932871851     
   6.2361053279427328E-002  0.83608312353939485       0.77244600957137510       0.76551391878209907       0.79408557696885373       0.74826344604161577       0.90631919020964413       0.74328932026148919       0.87020689684712627       0.58857694573393771       0.84925218689555926       0.82954415644741519       0.75786126161000889     
  0.79771764258853162       0.76721052985438687       0.88403598350394352       0.92579824423252899       0.76041316649480217       0.75363295948763709        1.0895089592833400       0.77206140572771431       0.82002056106607413       0.89227417897845818       0.79324054465404237       0.73061011467578918       0.76972490085806722     
   6.8138551401139155E-002  0.84789145935131749       0.78656160471039249       0.78007103600049099       0.80508215164427921       0.76486266586520579       0.91354523808983745       0.75813936230880075       0.87752232580728118       0.59860707337047825       0.85693531792586408       0.84121353838622670       0.77244158229639726     
  0.80288461770930963       0.85040061224013719       0.84050377900281892       0.80853520939835333       0.77307353772786780       0.83527586124921893       0.87364903063433796       0.83876588945577935       0.77202909146782639       0.91449774871480816       0.73693794889216602       0.82158860321462979       0.81976829252628913     
   7.4652541629226188E-002  0.86040488429708128       0.80131118543926738       0.79378686233382623       0.81737890459724294       0.78129981910668345       0.92092860604905935       0.77357852657052473       0.88512853407442538       0.60849908630050698       0.86616841112546483       0.85321882132835625       0.78815710072867151     
  0.89073986726394350       0.86906251875898610       0.89181960719068343       0.85990359509383119       0.76211056728387050       0.79809077589704014       0.85059822206696745       0.77757194448988465       0.77102540334890857       0.86233244640206608       0.82890821384086055       0.79640938803086447       0.79829497089531898     
   8.1741318786816605E-002  0.87231958604451654       0.81646853898518124       0.80834750076631401       0.82951797614076406       0.79875255083748675       0.92742114681797005       0.78870483421579274       0.89236367311274367       0.61717788254072259       0.87535783323729655       0.86470209823218691       0.80458543867018495     
  0.70085318915092476       0.73799928363825129       0.85478770967823570       0.78241606561165122       0.76751557154116190       0.86722540341523313       0.86213941606869227       0.81490624134496237       0.91109542300512336       0.82431645827166855       0.75470890169163252       0.82675305863159010       0.79466783663419516     
   8.9227637947482535E-002  0.88367771128698136       0.83232579913114457       0.82301718544472224       0.84144281394961296       0.81625535945595828       0.93371417049735528       0.80439317979989533       0.89921292508435891       0.62598770743276877       0.88524399755554084       0.87516709228816814       0.82032973859954328     
  0.70035425492904124        1.0394567499470089       0.85761918090349698       0.90064560448909714       0.73841730289409613       0.76668245508509536       0.93003590642444800       0.95106756969409112       0.79519367946716690       0.78408275645410963       0.78409473064806512       0.72742626580326697       0.81200833269790806     
   9.7591528131990041E-002  0.89502695325895065       0.84722224427840775       0.83774401601544468       0.85358780705876702       0.83364743838779520       0.94034627158068795       0.81876193597620572       0.90604801063654972       0.63517716786454448       0.89496210518542263       0.88524944061877708       0.83571506027427334     
  0.78216834970521765       0.94746791206474368       0.88432005579673945       0.76214900023581933       0.81723801983901179       0.97506357549436240       0.92991339131931938       0.86413699515439302       0.70635532817384517       0.85881822560332066       0.76828707990651834       0.86696633708277970       0.84191209324582073     
  0.10686036425099936       0.90591194825664789       0.86202050290366272       0.85267908185220809       0.86637480482858731       0.85032309410042040       0.94637090833335502       0.83917262861667297       0.91322882696194096       0.64464366993830025       0.90420017742480596       0.89537386641784222       0.85126921382947540     
  0.86640384696773398       0.86453135049033814       0.97733376291815477       0.80025836872870515       0.89320645062031090       0.85204260604859594       0.85489534831885028       0.87573310448148778        1.1413801205961751       0.82437096109906116       0.84227451653137719       0.81832781183630687       0.78788414916337512     
  0.11972848122840798       0.91645275302801954       0.87642431787370034       0.86769316260758067       0.87950011544396611       0.86539316071398453       0.95178829804581833       0.85847140255366006       0.92102575743997173       0.65448995293207701       0.91364408357058824       0.90603768824293474       0.86612738475673701     
  0.76971442749018371       0.81630370728317692       0.71782254604366635       0.92601649454912616       0.92180888043954323       0.74818007082851967        1.0707473403875205       0.88298286227192491       0.97747181379164516       0.73999751378649181       0.84506967999283411       0.70104832826870522       0.91820372897600211     
  0.13446742268691309       0.92648340780551997       0.89043290953000376       0.88210546898991637       0.89309045982056146       0.87901207145842652       0.95640473891090583       0.87480566921408320       0.92821398131623889       0.66544186994311894       0.92319078216261030       0.91744633623441652       0.88144104418800417     
  0.70387651430712816       0.70162797683849032       0.84885628779398403       0.74378981559506419       0.78108125214779578       0.75880823555486998       0.76080001108002959       0.86698238185712662       0.93619182553955049       0.73188271116956027       0.77904895335314273       0.77765340397129257       0.80538906190749671     
  0.15162234454072870       0.93684111662194747       0.90348023565621216       0.89553494129144207       0.90685019370368813       0.89214047300680510       0.96109162073474563       0.89003207739454571       0.93473738329026546       0.67653439156807216       0.93304231821868910       0.92934840323145096       0.89661598564847822     
  0.72301238261769230       0.75477675629828822       0.71541385078000086       0.75241467749226232       0.84257924198810819       0.75839171976604813       0.86938352519271767       0.75493182641716294       0.85923343196392277       0.71385950474732052       0.87882339853481917       0.96336553940814718       0.83558152862236734     
  0.17345066014848129       0.94717930606857936       0.91633610625266437       0.90827680644469833       0.92023249488668724       0.90537967115309426       0.96654265222914326       0.90635575127295875       0.94104591647636004       0.69147593708162369       0.94278768627882714       0.94087776460791517       0.91213004335316039     
  0.81357137652305578       0.91382190196644575       0.83317841552559657       0.73453227674522825       0.77524626967504018       0.82892554985496703       0.92861881972640303       0.84808615053438308       0.81350526080633234       0.83364562060913605       0.79909959592516755       0.85808415779517122       0.94890192603646062     
  0.20176956144349120       0.95801048914081477       0.92988748719446856       0.91980977669484776       0.93410772319540103       0.91870455690099440       0.97238756619032829       0.92443887774415623       0.94718731395835642       0.70569301079839353       0.95236366807896577       0.95111048378903562       0.92489101851329292     
  0.74442966237614183       0.72159085118595623       0.83221016559132499       0.75330900152281055        1.1363484252803620       0.84227625534577610        1.0492293379658699       0.91441302490089471       0.81805933453784840       0.77659707342018769       0.78383336048781527       0.85383336389763320       0.78659693770134487     
  0.25045858842111635       0.96901531475862546       0.94368783253050192       0.93427937777256798       0.94829528644739969       0.93413349515062760       0.97763151177611418       0.94230727032339634       0.95341074281142835       0.71982868295744029       0.96234118500493682       0.96140504470889832       0.93535649277883626     
  0.72968246131335679       0.83259682862150952       0.85810737828479944       0.82244831306862720       0.80673176622325837       0.87584999172433065       0.91446111292960908       0.80378556156575942       0.76245649266159110       0.81976934393875656       0.78772909256624279       0.82261559711355647       0.74969221582997470     
  0.33214317632663404       0.97810449660331600       0.95935399863950632       0.95060474026624286       0.95964950149131623       0.95206391000056567       0.98210742958794772       0.95814358000785449       0.96120940305036917       0.74230817682711003       0.97211082345227173       0.97098975244633667       0.95164639403424134     
  0.65801242138861316       0.73658476849513677       0.83395606694174162       0.86246487165638053       0.74023713914696898       0.95902132583126320       0.96161308418444291       0.71905171320614580       0.98834569250776061       0.91825627293249501       0.82895264532193258       0.94172547970108711       0.79508863949906161     
  0.47473378829405155       0.98691591740119733       0.97431479360614381       0.96732484720889234       0.97071696730941681       0.96870028887378012       0.98752822462725631       0.97254140555473045       0.96899195230675073       0.77857538408345883       0.98158753826355649       0.98097159707436210       0.96755614036620141     
  0.65649845594354772       0.85955419220921014       0.92495018077323687       0.91225678472594984       0.89016197317401269       0.78551723708308840       0.81441425852513882       0.79401280564411425       0.78712762862506658       0.83893318677498951       0.68276271996773763        1.0124031747719837        1.0898209753387471     
  0.68776481860433014       0.99353022770800326       0.98715130775792559       0.98399694686411265       0.98558671098256223       0.98471832360473610       0.99379062454511558       0.98664744114819081       0.98321477958077474       0.84613671434057236       0.99080310368013969       0.99045056450244939       0.98405774809162272     
  0.72946464398152100       0.80218061531940210       0.80321283159977896       0.81349088320609542       0.87313725474943493        1.0699917403684343        1.0870395439557172       0.96666500225421459        1.1012887553504633       0.87738430593017136       0.84772444749747322       0.75531540528253449       0.81509295189559428     
   1.0000000000000000        1.0000000000000000        1.0000000000000000        1.0000000000000000        1.0000000000000000        1.0000000000000000        1.0000000000000000        1.0000000000000000        1.0000000000000000        1.0000000000000000        1.0000000000000000        1.0000000000000000        1.0000000000000000     
  0.68931636525384365        1.2294880009032716       0.75438446500659195       0.88721020572845821       0.79649371860005780       0.88805035501603102        1.0927159456114555       0.77874416944642433       0.74438695702442204       0.73076504449033519       0.88350930666412364       0.75853773600227148       0.95640432133996600     
   8.2207719754328306        2.8143334182578554        8.3206612014625154        5.8825958068363029        8.4484026563531582        8.2505484655123933        6.1430827545617559        7.1818646494248650        6.7082993658692418        6.7233267151872207        8.4598418727906957        9.9196033883940782        6.3729004329388168     
   7.3677106866583442        4.6590131463914632        7.5881848438728356        8.4505960345997320        7.0769589940808073        8.1943058261776542        4.8838247526245677        8.5325787989370223        6.1968839512224090        5.4291260353850914        5.7599659762728681        6.7504674649399981        8.9933289517383077     
   12.522258001396469        6.2359288179594072        9.3688587714831861        9.8401130842684523        7.1406917025659356        6.9839406266344897        7.3812701444822242        5.4057096926296788        11.115533656440142        9.2413013435542037        7.4308946611269890        9.3913159250039069        8.8944467094584567     
   9.2237402971035589        8.0564487615609188        4.5909666854056628        6.5930208114937381        9.7178437025604403        6.6789235975344159        4.9109016453810650        8.2470756461923980        11.677481019168663        8.5204093021590079        5.9186668363720116        6.7140362022901980        7.4966645534225336     
   8.7985077071059923        7.0452024353187372        8.2417263292699356        8.3922841891486808        9.2385349121693352        6.3178574970294914        6.3406481764909630        6.4904976773210130        11.158525024772040        6.4420746288515440        11.852387161135011        9.2419680538381002        7.5220915598837843     
   10.020331781209187        8.2082762225589452        8.4637126385770554        5.8267613363928756        9.0802199877767471        6.4969155401144558        4.8422166336306773        7.3985976462612797        6.9711329947863376        6.9401084787061249        8.9450784572921958        7.6349271444751690        7.0199531377460254     
   10.726385055174449        6.8918278429445285        6.2521573674037336        4.0472508947476626        5.9216518658029660        9.0635411097513909        6.1429932308473019        10.613213194745420        6.4610744859180205        6.5727179486699310        6.9519269448078376        7.3811971449376346        7.0808507680197952     
   7.1593682601079891        7.3467636391037852        8.0923099663044766        6.5387847204069729        5.9395856974725438        6.3538218886814688        12.291732509369304        6.9016087449183354        4.8225509935260895        5.9717440333651535        7.3666429467695522        6.7665162522737372        7.7555703000107634     
   2.3983424672756322E-003
           1           1           1           1           1           1           1           1           1           1           1           1           1
   1.8958565084071009E-003   1.6585309223452833E-003  -5.5388184834690255E-006   6.7303241799802045        3.0964601971650875E-005   8.3849878465677162E-008
   1.8928109437259855E-005   1.8810570497587388E-005   3.1345753719532786E-006  0.24110175771491760        3.1339023095038135E-006   8.8606864440518923E-009
   5.0000000000000001E-003   7.2284558079971077     
