     
 Collinear #           5
 
 part:           1
 comp:           0
  0.99999999828513453        289.00012501438130        289.00012550997764     
  0.99999999983631760        289.00012546267340        289.00012550997764     
  0.99999999998370581        289.00012550526861        289.00012550997764     
  0.99999999999837141        289.00012550950697        289.00012550997764     
  0.99999999999983757        289.00012550993068        289.00012550997764     
  0.99999999999998346        289.00012550997286        289.00012550997764     
  0.99999999999999822        289.00012550997712        289.00012550997764     
   1.0000000000000002        289.00012550997769        289.00012550997764     
   1.0000000000000002        289.00012550997769        289.00012550997764     
   1.0000000000000000        289.00012550997764        289.00012550997764     
 comp:           1
   0.0000000000000000        0.0000000000000000     
   0.0000000000000000        0.0000000000000000     
   0.0000000000000000        0.0000000000000000     
   0.0000000000000000        0.0000000000000000     
   0.0000000000000000        0.0000000000000000     
   0.0000000000000000        0.0000000000000000     
   0.0000000000000000        0.0000000000000000     
   0.0000000000000000        0.0000000000000000     
   0.0000000000000000        0.0000000000000000     
   0.0000000000000000        0.0000000000000000     
 comp:           2
   0.0000000000000000        0.0000000000000000     
   0.0000000000000000        0.0000000000000000     
   0.0000000000000000        0.0000000000000000     
   0.0000000000000000        0.0000000000000000     
   0.0000000000000000        0.0000000000000000     
   0.0000000000000000        0.0000000000000000     
   0.0000000000000000        0.0000000000000000     
   0.0000000000000000        0.0000000000000000     
   0.0000000000000000        0.0000000000000000     
   0.0000000000000000        0.0000000000000000     
 comp:           3
  0.99999999828513453        289.00012501438130        289.00012550997764     
  0.99999999983631760        289.00012546267340        289.00012550997764     
  0.99999999998370581        289.00012550526861        289.00012550997764     
  0.99999999999837141        289.00012550950697        289.00012550997764     
  0.99999999999983757        289.00012550993068        289.00012550997764     
  0.99999999999998346        289.00012550997286        289.00012550997764     
  0.99999999999999822        289.00012550997712        289.00012550997764     
   1.0000000000000002        289.00012550997769        289.00012550997764     
   1.0000000000000002        289.00012550997769        289.00012550997764     
   1.0000000000000000        289.00012550997764        289.00012550997764     
 
 part:           2
 comp:           0
   1.0000000227671384        289.00000657970298        289.00000000000000     
   1.0000000021815416        289.00000063046554        289.00000000000000     
   1.0000000002172458        289.00000006278401        289.00000000000000     
   1.0000000000217155        289.00000000627580        289.00000000000000     
   1.0000000000021716        289.00000000062761        289.00000000000000     
   1.0000000000002169        289.00000000006270        289.00000000000000     
   1.0000000000000215        289.00000000000625        289.00000000000000     
   1.0000000000000024        289.00000000000068        289.00000000000000     
   1.0000000000000004        289.00000000000011        289.00000000000000     
   1.0000000000000000        289.00000000000000        289.00000000000000     
 comp:           1
   0.0000000000000000        0.0000000000000000     
   0.0000000000000000        0.0000000000000000     
   0.0000000000000000        0.0000000000000000     
   0.0000000000000000        0.0000000000000000     
   0.0000000000000000        0.0000000000000000     
   0.0000000000000000        0.0000000000000000     
   0.0000000000000000        0.0000000000000000     
   0.0000000000000000        0.0000000000000000     
   0.0000000000000000        0.0000000000000000     
   0.0000000000000000        0.0000000000000000     
 comp:           2
   0.0000000000000000        0.0000000000000000     
   0.0000000000000000        0.0000000000000000     
   0.0000000000000000        0.0000000000000000     
   0.0000000000000000        0.0000000000000000     
   0.0000000000000000        0.0000000000000000     
   0.0000000000000000        0.0000000000000000     
   0.0000000000000000        0.0000000000000000     
   0.0000000000000000        0.0000000000000000     
   0.0000000000000000        0.0000000000000000     
   0.0000000000000000        0.0000000000000000     
 comp:           3
   1.0000000227671384       -289.00000657970298       -289.00000000000000     
   1.0000000021815416       -289.00000063046554       -289.00000000000000     
   1.0000000002172458       -289.00000006278401       -289.00000000000000     
   1.0000000000217155       -289.00000000627580       -289.00000000000000     
   1.0000000000021716       -289.00000000062761       -289.00000000000000     
   1.0000000000002169       -289.00000000006270       -289.00000000000000     
   1.0000000000000215       -289.00000000000625       -289.00000000000000     
   1.0000000000000024       -289.00000000000068       -289.00000000000000     
   1.0000000000000004       -289.00000000000011       -289.00000000000000     
   1.0000000000000000       -289.00000000000000       -289.00000000000000     
 
 part:           3
 comp:           0
  0.99999992109314484        256.83316648350944        256.83318674940853     
  0.99999997553081110        256.83318046490876        256.83318674940853     
  0.99999999227698033        256.83318476588079        256.83318674940853     
  0.99999999755823377        256.83318612228192        256.83318674940853     
  0.99999999922786043        256.83318655109747        256.83318674940853     
  0.99999999975582843        256.83318668669716        256.83318674940853     
  0.99999999992278621        256.83318672957745        256.83318674940853     
  0.99999999997558287        256.83318674313739        256.83318674940853     
  0.99999999999227862        256.83318674742543        256.83318674940853     
  0.99999999999755840        256.83318674878143        256.83318674940853     
 comp:           1
   1.0000001952790294        34.518530620080526        34.518523879336684     
   1.0000000605564547        34.518525969656110        34.518523879336684     
   1.0000000191129623        34.518524539087927        34.518523879336684     
   1.0000000060428933        34.518524087928441        34.518523879336684     
   1.0000000019108941        34.518523945297929        34.518523879336684     
   1.0000000006042766        34.518523900195419        34.518523879336684     
   1.0000000001910889        34.518523885932794        34.518523879336684     
   1.0000000000604277        34.518523881422560        34.518523879336684     
   1.0000000000191089        34.518523879996295        34.518523879336684     
   1.0000000000060427        34.518523879545270        34.518523879336684     
 comp:           2
  0.99999988888511226       -221.21720216253041       -221.21722674305772     
  0.99999996554302995       -221.21721912058237       -221.21722674305772     
  0.99999998912461496       -221.21722433723519       -221.21722674305772     
  0.99999999656155891       -221.21722598241533       -221.21722674305772     
  0.99999999891269020       -221.21722650252607       -221.21722674305772     
  0.99999999965616315       -221.21722666699509       -221.21722674305772     
  0.99999999989126920       -221.21722671900460       -221.21722674305772     
  0.99999999996561628       -221.21722673545145       -221.21722674305772     
  0.99999999998912692       -221.21722674065242       -221.21722674305772     
  0.99999999999656164       -221.21722674229710       -221.21722674305772     
 comp:           3
   1.0000000000000000       -86.714731004361710       -86.714731004361710     
   1.0000000000000000       -86.714731004361710       -86.714731004361710     
   1.0000000000000000       -86.714731004361710       -86.714731004361710     
   1.0000000000000000       -86.714731004361710       -86.714731004361710     
   1.0000000000000000       -86.714731004361710       -86.714731004361710     
   1.0000000000000000       -86.714731004361710       -86.714731004361710     
   1.0000000000000000       -86.714731004361710       -86.714731004361710     
   1.0000000000000000       -86.714731004361710       -86.714731004361710     
   1.0000000000000000       -86.714731004361710       -86.714731004361710     
   1.0000000000000000       -86.714731004361710       -86.714731004361710     
 
 part:           4
 comp:           0
   1.0000000754667822        198.22295746643843        198.22294250719079     
   1.0000000234024131        198.22294714608600        198.22294250719079     
   1.0000000073863216        198.22294397132919        198.22294250719079     
   1.0000000023353131        198.22294297010342        198.22294250719079     
   1.0000000007384768        198.22294265357382        198.22294250719079     
   1.0000000002335265        198.22294255348109        198.22294250719079     
   1.0000000000738474        198.22294252182905        198.22294250719079     
   1.0000000000233527        198.22294251181981        198.22294250719079     
   1.0000000000073848        198.22294250865463        198.22294250719079     
   1.0000000000023352        198.22294250765370        198.22294250719079     
 comp:           1
   1.0000001034354211        50.296920250194546        50.296915047711963     
   1.0000000320755491        50.296916661013135        50.296915047711963     
   1.0000000101237558        50.296915556905653        50.296915047711963     
   1.0000000032008003        50.296915208702345        50.296915047711963     
   1.0000000010121626        50.296915098620616        50.296915047711963     
   1.0000000003200733        50.296915063810665        50.296915047711963     
   1.0000000001012159        50.296915052802817        50.296915047711963     
   1.0000000000320073        50.296915049321832        50.296915047711963     
   1.0000000000101215        50.296915048221045        50.296915047711963     
   1.0000000000032008        50.296915047872950        50.296915047711963     
 comp:           2
   1.0000001331208335        142.51088470430673        142.51086573314151     
   1.0000000412810601        142.51087161614115        142.51086573314151     
   1.0000000130292197        142.51086758994688        142.51086573314151     
   1.0000000041194128        142.51086632020261        142.51086573314151     
   1.0000000013026478        142.51086591878297        142.51086573314151     
   1.0000000004119325        142.51086579184638        142.51086573314151     
   1.0000000001302645        142.51086575170561        142.51086573314151     
   1.0000000000411933        142.51086573901199        142.51086573314151     
   1.0000000000130265        142.51086573499794        142.51086573314151     
   1.0000000000041194        142.51086573372856        142.51086573314151     
 comp:           3
   1.0000000000000000        128.27006050081533        128.27006050081533     
   1.0000000000000000        128.27006050081533        128.27006050081533     
   1.0000000000000000        128.27006050081533        128.27006050081533     
   1.0000000000000000        128.27006050081533        128.27006050081533     
   1.0000000000000000        128.27006050081533        128.27006050081533     
   1.0000000000000000        128.27006050081533        128.27006050081533     
   1.0000000000000000        128.27006050081533        128.27006050081533     
   1.0000000000000000        128.27006050081533        128.27006050081533     
   1.0000000000000000        128.27006050081533        128.27006050081533     
   1.0000000000000000        128.27006050081533        128.27006050081533     
 
 part:           5
 comp:           0
   1.0000000431632272        122.94387605005490        122.94387074340068     
   1.0000000133850102        122.94387238900563        122.94387074340068     
   1.0000000042246067        122.94387126279017        122.94387074340068     
   1.0000000013356822        122.94387090761462        122.94387074340068     
   1.0000000004223717        122.94387079532869        122.94387074340068     
   1.0000000001335654        122.94387075982173        122.94387074340068     
   1.0000000000422371        122.94387074859347        122.94387074340068     
   1.0000000000133566        122.94387074504279        122.94387074340068     
   1.0000000000042237        122.94387074391996        122.94387074340068     
   1.0000000000013356        122.94387074356489        122.94387074340068     
 comp:           1
  0.99999996195578067       -84.815435700311482       -84.815438927048646     
  0.99999998820240465       -84.815437926430420       -84.815438927048646     
  0.99999999627641678       -84.815438611231301       -84.815438927048646     
  0.99999999882272483       -84.815438827197539       -84.815438927048646     
  0.99999999962772013       -84.815438895473562       -84.815438927048646     
  0.99999999988227495       -84.815438917063744       -84.815438927048646     
  0.99999999996277211       -84.815438923891151       -84.815438927048646     
  0.99999999998822753       -84.815438926050163       -84.815438927048646     
  0.99999999999627720       -84.815438926732895       -84.815438927048646     
  0.99999999999882283       -84.815438926948801       -84.815438927048646     
 comp:           2
   1.0000001494986015        78.706372776407107        78.706361009916208     
   1.0000000463598422        78.706364658730678        78.706361009916208     
   1.0000000146321959        78.706362161563106        78.706361009916208     
   1.0000000046262216        78.706361374029271        78.706361009916208     
   1.0000000014629116        78.706361125056659        78.706361009916208     
   1.0000000004626124        78.706361046326748        78.706361009916208     
   1.0000000001462908        78.706361021430226        78.706361009916208     
   1.0000000000462612        78.706361013557256        78.706361009916208     
   1.0000000000146292        78.706361011067614        78.706361009916208     
   1.0000000000046263        78.706361010280318        78.706361009916208     
 comp:           3
   1.0000000000000000       -41.555329496453631       -41.555329496453631     
   1.0000000000000000       -41.555329496453631       -41.555329496453631     
   1.0000000000000000       -41.555329496453631       -41.555329496453631     
   1.0000000000000000       -41.555329496453631       -41.555329496453631     
   1.0000000000000000       -41.555329496453631       -41.555329496453631     
   1.0000000000000000       -41.555329496453631       -41.555329496453631     
   1.0000000000000000       -41.555329496453631       -41.555329496453631     
   1.0000000000000000       -41.555329496453631       -41.555329496453631     
   1.0000000000000000       -41.555329496453631       -41.555329496453631     
   1.0000000000000000       -41.555329496453631       -41.555329496453631     
 
 part:           6
 comp:           0
   1.0484750600134201        1.3159408135318026E-004   1.2550997765411407E-004
   1.0046463324474737        1.2609313873577008E-004   1.2550997765411407E-004
   1.0004627122392842        1.2556805265692692E-004   1.2550997765411407E-004
   1.0000462521005131        1.2551578275421592E-004   1.2550997765411407E-004
   1.0000046250189045        1.2551055814013343E-004   1.2550997765411407E-004
   1.0000004624999788        1.2551003570247606E-004   1.2550997765411407E-004
   1.0000000462499792        1.2550998345894793E-004   1.2550997765411407E-004
   1.0000000046249984        1.2550997823459751E-004   1.2550997765411407E-004
   1.0000000004624998        1.2550997771216242E-004   1.2550997765411407E-004
   1.0000000000462499        1.2550997765991889E-004   1.2550997765411407E-004
 comp:           1
  -1.5169963596560186E-005  -0.0000000000000000     
  -4.7042388294780882E-006  -0.0000000000000000     
  -1.4847622722790318E-006  -0.0000000000000000     
  -4.6943324873512996E-007  -0.0000000000000000     
  -1.4844498843921892E-007  -0.0000000000000000     
  -4.6942337294032713E-008  -0.0000000000000000     
  -1.4844467611188550E-008  -0.0000000000000000     
  -4.6942327522599983E-009  -0.0000000000000000     
  -1.4844467096304029E-009  -0.0000000000000000     
  -4.6942329262029641E-010  -0.0000000000000000     
 comp:           2
  -5.5318183429293308E-005  -0.0000000000000000     
  -1.7154289448873858E-005  -0.0000000000000000     
  -5.4142748071887204E-006  -0.0000000000000000     
  -1.7118165377290239E-006  -0.0000000000000000     
  -5.4131356659959640E-007  -0.0000000000000000     
  -1.7117805250500915E-007  -0.0000000000000000     
  -5.4131242767921534E-008  -0.0000000000000000     
  -1.7117801687289281E-008  -0.0000000000000000     
  -5.4131240890364209E-009  -0.0000000000000000     
  -1.7117802321582754E-009  -0.0000000000000000     
 comp:           3
  0.94362759483109793        1.1843467834105650E-004   1.2550997765411407E-004
  0.99459987344082257        1.2483220789034232E-004   1.2550997765411407E-004
  0.99946224996108535        1.2544248465874640E-004   1.2550997765411407E-004
  0.99994624751872951        1.2550323118139096E-004   1.2550997765411407E-004
  0.99999462497699732        1.2550930303509712E-004   1.2550997765411407E-004
  0.99999946249995064        1.2550991019249488E-004   1.2550997765411407E-004
  0.99999994625001787        1.2550997090795502E-004   1.2550997765411407E-004
  0.99999999462500244        1.2550997697949824E-004   1.2550997765411407E-004
  0.99999999946250029        1.2550997758665249E-004   1.2550997765411407E-004
  0.99999999994624966        1.2550997764736787E-004   1.2550997765411407E-004
 
 part: i_fks+j_fks
 comp:           0
   1.0000000193373790        289.00025660846268        289.00025101995527     
   1.0000000018541744        289.00025155581216        289.00025101995527     
   1.0000000001846574        289.00025107332129        289.00025101995527     
   1.0000000000184583        289.00025102528974        289.00025101995527     
   1.0000000000018461        289.00025102048880        289.00025101995527     
   1.0000000000001845        289.00025102000859        289.00025101995527     
   1.0000000000000182        289.00025101996056        289.00025101995527     
   1.0000000000000024        289.00025101995595        289.00025101995527     
   1.0000000000000004        289.00025101995539        289.00025101995527     
   1.0000000000000000        289.00025101995527        289.00025101995527     
 comp:           1
  -1.5169963596560186E-005   0.0000000000000000     
  -4.7042388294780882E-006   0.0000000000000000     
  -1.4847622722790318E-006   0.0000000000000000     
  -4.6943324873512996E-007   0.0000000000000000     
  -1.4844498843921892E-007   0.0000000000000000     
  -4.6942337294032713E-008   0.0000000000000000     
  -1.4844467611188550E-008   0.0000000000000000     
  -4.6942327522599983E-009   0.0000000000000000     
  -1.4844467096304029E-009   0.0000000000000000     
  -4.6942329262029641E-010   0.0000000000000000     
 comp:           2
  -5.5318183429293308E-005   0.0000000000000000     
  -1.7154289448873858E-005   0.0000000000000000     
  -5.4142748071887204E-006   0.0000000000000000     
  -1.7118165377290239E-006   0.0000000000000000     
  -5.4131356659959640E-007   0.0000000000000000     
  -1.7117805250500915E-007   0.0000000000000000     
  -5.4131242767921534E-008   0.0000000000000000     
  -1.7117801687289281E-008   0.0000000000000000     
  -5.4131240890364209E-009   0.0000000000000000     
  -1.7117802321582754E-009   0.0000000000000000     
 comp:           3
  0.99999997380315198        289.00024344905961        289.00025101995527     
  0.99999999749109569        289.00025029488131        289.00025101995527     
  0.99999999975016629        289.00025094775327        289.00025101995527     
  0.99999999997502731        289.00025101273815        289.00025101995527     
  0.99999999999750322        289.00025101923370        289.00025101995527     
  0.99999999999975020        289.00025101988308        289.00025101995527     
  0.99999999999997502        289.00025101994805        289.00025101995527     
  0.99999999999999789        289.00025101995465        289.00025101995527     
   1.0000000000000000        289.00025101995527        289.00025101995527     
   1.0000000000000000        289.00025101995527        289.00025101995527     
