     
 Soft #          73
 ME*wgt:
   1.0222214984803615        3.0711580414114535E-014   3.0043958633007125E-014
   1.0001992024424726        3.0049943462948367E-014   3.0043958633007125E-014
   1.0000018162510844        3.0044013200379575E-014   3.0043958633007125E-014
   1.0000011321338063        3.0043992646788367E-014   3.0043958633007125E-014
  0.99999836111112284        3.0043909394297495E-014   3.0043958633007125E-014
  0.99994615241626794        3.0042340838428992E-014   3.0043958633007125E-014
  0.99891879850654219        3.0011475060063733E-014   3.0043958633007125E-014
   1.0085522234303270        3.0300901279968101E-014   3.0043958633007125E-014
   1.0000000004999987        3.0043958648029068E-014   3.0043958633007125E-014
   1.0000000000499996        3.0043958634509311E-014   3.0043958633007125E-014
 wgt:
   1.1111111111111109        3.2744756127040107E-005   2.9470280514336098E-005
   1.0101010101010099        2.9767960115491005E-005   2.9470280514336098E-005
   1.0010010010010011        2.9499780294630735E-005   2.9470280514336098E-005
   1.0001000100010002        2.9473227837119814E-005   2.9470280514336098E-005
   1.0000100001000010        2.9470575220088298E-005   2.9470280514336098E-005
   1.0000010000009996        2.9470309984646073E-005   2.9470280514336098E-005
   1.0000001000000098        2.9470283461364442E-005   2.9470280514336098E-005
   1.0000000100000004        2.9470280809038912E-005   2.9470280514336098E-005
   1.0000000009999999        2.9470280543806374E-005   2.9470280514336098E-005
   1.0000000001000000        2.9470280517283126E-005   2.9470280514336098E-005
     
 Soft #          63
 ME*wgt:
   1.0211843133382588        2.6729926085144354E-010   2.6175417832030767E-010
   1.0005710817770734        2.6190366136161923E-010   2.6175417832030767E-010
  0.99999594895574928        2.6175311794254848E-010   2.6175417832030767E-010
  0.99999874317668680        2.6175384934155404E-010   2.6175417832030767E-010
  0.99999986565648014        2.6175414315533001E-010   2.6175417832030767E-010
  0.99999998418641911        2.6175417418103679E-010   2.6175417832030767E-010
   1.0000000254611567        2.6175418498487183E-010   2.6175417832030767E-010
   1.0000002277008910        2.6175423792196733E-010   2.6175417832030767E-010
   1.0000000005150489        2.6175417845512384E-010   2.6175417832030767E-010
   1.0000000000515057        2.6175417833378953E-010   2.6175417832030767E-010
 wgt:
   1.1111111111111109        5.0912627210640679E-004   4.5821364489576620E-004
   1.0101010101010104        4.6284206555127907E-004   4.5821364489576620E-004
   1.0010010010010011        4.5867231721297922E-004   4.5821364489576620E-004
   1.0001000100010000        4.5825947084285047E-004   4.5821364489576620E-004
   1.0000100001000010        4.5821822707803697E-004   4.5821364489576620E-004
   1.0000010000010000        4.5821410310986930E-004   4.5821364489576620E-004
   1.0000001000000101        4.5821369071713530E-004   4.5821364489576620E-004
   1.0000000100000002        4.5821364947790273E-004   4.5821364489576620E-004
   1.0000000009999999        4.5821364535397979E-004   4.5821364489576620E-004
   1.0000000001000002        4.5821364494158767E-004   4.5821364489576620E-004
     
 Collinear #          22
 ME*wgt:
   1.1278833872971648        2.8098882092831158E-017   2.4912931965570227E-017
   1.0109955047545711        2.5186862227447963E-017   2.4912931965570227E-017
   1.0005906756948788        2.4927647428970459E-017   2.4912931965570227E-017
  0.99989556076446573        2.4910330078000825E-017   2.4912931965570227E-017
  0.99993769732406546        2.4911379823243396E-017   2.4912931965570227E-017
  0.99997879928380073        2.4912403793569933E-017   2.4912931965570227E-017
  0.99999314170663678        2.4912761105374269E-017   2.4912931965570227E-017
  0.99987312164518327        2.4909771053748773E-017   2.4912931965570227E-017
   1.0000000004622793        2.4912931977086961E-017   2.4912931965570227E-017
   1.0000000000463729        2.4912931966725513E-017   2.4912931965570227E-017
 wgt:
   1.0000074310903260        1.1119725308971794E-003   1.1119642677902663E-003
   1.0000007122649228        1.1119650598034098E-003   1.1119642677902663E-003
   1.0000000709319641        1.1119643466640759E-003   1.1119642677902663E-003
   1.0000000070902644        1.1119642756743870E-003   1.1119642677902663E-003
   1.0000000007089971        1.1119642685786457E-003   1.1119642677902663E-003
   1.0000000000708991        1.1119642678691036E-003   1.1119642677902663E-003
   1.0000000000070899        1.1119642677981500E-003   1.1119642677902663E-003
   1.0000000000007090        1.1119642677910547E-003   1.1119642677902663E-003
   1.0000000000000708        1.1119642677903450E-003   1.1119642677902663E-003
   1.0000000000000071        1.1119642677902743E-003   1.1119642677902663E-003
