   0.0000000000000000        0.0000000000000000        0.0000000000000000        0.0000000000000000        0.0000000000000000        0.0000000000000000        0.0000000000000000        0.0000000000000000        0.0000000000000000        0.0000000000000000        0.0000000000000000        0.0000000000000000        0.0000000000000000     
  0.12483152764872932       0.13982763042842300        7.5766603945469470E-003   1.6745730148495914E-002   1.5119174538058753E-002   1.4974385309398403E-002   1.2855762359359249E-002   1.5141353679802474E-002  0.51122247540065979       0.13285344256322532        5.8885390166105736E-002   4.2214934975296665E-002   1.6927502407586909E-002
  0.24024268926101136       0.25339983875523636       0.30838975364738708       0.31701950206255708       0.32218723699583190       0.34566289011201684       0.34656547776186752       0.30881517110999612       0.24024268926101136       0.24701815587340073       0.24024268926101136       0.25556453421363512       0.35814392769519598     
  0.19767884069946992       0.21105257812421113        1.5220911664903594E-002   3.3768779154784295E-002   3.0039381536102819E-002   3.0075231647566911E-002   2.5004629308443691E-002   3.0036109611373967E-002  0.63977131893684036       0.20468824226086069        9.7259996890698364E-002   7.9222718720416779E-002   3.2324237158011748E-002
  0.25177329476549221       0.32354092220635644       0.31902534301641550       0.32453647797512952       0.30034806559309651       0.32641546202980437       0.35893264225181065       0.27870276845788144       0.28675129484087236       0.24675816938959980       0.25495575300182627       0.27065490781944074       0.31763822298634947     
  0.25004625464780145       0.25478422169417275        2.3222896601776961E-002   4.9183489405207323E-002   4.6928718712381363E-002   4.5495433917510465E-002   3.5644315757559095E-002   4.5072472474954418E-002  0.67329022119887760       0.24756238242675579       0.12701938664840651       0.11173426780690127        4.6849592251026514E-002
  0.26888847729966853       0.36887847483595154       0.30109843098165640       0.28220983027691332       0.31056198490688675       0.31725237804922096       0.39295164831399854       0.27071373695922840       0.24228782571168161       0.28486828968089334       0.27232839101585971       0.28191529665297488       0.26832944007543547     
  0.28939700463985424       0.28315860577694002        3.1184134901140526E-002   6.5052053577843744E-002   6.3701912413777248E-002   6.1036243880951191E-002   4.5677563000557114E-002   6.0695586560730305E-002  0.70103071858369626       0.27853724266365437       0.15596136334612432       0.14202112838342912        6.0847094424644137E-002
  0.27700915109793822       0.27101488728543921       0.35105963407296964       0.30995802739354655       0.34917362960008325       0.30967728008155393       0.31961513580087020       0.34538490744023237       0.24525809729818432       0.25855161602506954       0.25913034235849569       0.34039376096928042       0.27072732126041510     
  0.32143024714015994       0.30807142250037450        3.9139703252122023E-002   8.1330702235315397E-002   8.1259097071742795E-002   7.6535943416981139E-002   5.5444123171804499E-002   7.6746432538286904E-002  0.72607230645856347       0.30107034747347888       0.18594636657126581       0.17109175556050493        7.5301931980251882E-002
  0.28386376884201669       0.35840054727529530       0.36571544542100898       0.31497350869798479       0.38201354414237787       0.26751379203206455       0.32361179571032550       0.29806065243093427       0.25371191952835831       0.33927713253312891       0.29945062519053700       0.29971116672492593       0.30640200563386455     
  0.34745499473997354       0.31795985430654417        4.7314173154087945E-002   9.8312053081855866E-002   9.8724466717805687E-002   9.3229288599731036E-002   6.5576261654489765E-002   9.2661943442366210E-002  0.74884612281657592       0.31677918994263476       0.22042166124431423       0.19460202212447369        8.9356158906112829E-002
  0.27055178298605559       0.25935977473592170       0.29854081677295025       0.33662366841590358       0.31060583346529369       0.30242313172953922       0.35609592719610039       0.30565508506469036       0.25781696347071609       0.30562784760147582       0.35147763258231024       0.27038077357602847       0.31151352681534578     
  0.36807374829774792       0.33032671548257309        5.5657455804338236E-002  0.11500228667754962       0.11552445223522624       0.10943402104348783        7.6418403451548225E-002  0.10715671545918455       0.76678276600120265       0.33128492363525308       0.24743155793014077       0.21734993486730164       0.10420470714583974     
  0.27645540747327324       0.27773460212120066       0.28760909500366816       0.34038846947273171       0.28102419740017232       0.29546511970852857       0.34538511112605269       0.33406631616602611       0.27652378515213727       0.33247501593492079       0.28215750081545582       0.30047230577481554       0.30276861553880408     
  0.38714961382578950       0.34417876064887004        6.3522050637577626E-002  0.13184279635188850       0.13234052861739773       0.12639265579988396        8.7490078683974043E-002  0.12200535572124900       0.78253549943471623       0.34422146419182498       0.27158091799395079       0.23774342685106339       0.11945151001054465     
  0.27359243538060923       0.29084937308683623       0.31959057954581699       0.32009436909219302       0.28567880603635143       0.29114967166629269       0.33627012425925151       0.32138058781256840       0.31011190379461795       0.29996094438544496       0.27876011071777584       0.32289367267604852       0.30483402140005567     
  0.40484189416206301       0.35795296127632542        7.0709220265796513E-002  0.14763209110471323       0.14820232337729297       0.14223521072366713        9.9551904522958271E-002  0.13588076330691903       0.79392120975083802       0.35606498032895201       0.29184538662199899       0.25852823552804755       0.13511989254072806     
  0.29357802757323270       0.34155797255574283       0.25361620464906759       0.36278897772368601       0.32670699611849258       0.30411103543832163       0.34994637189347960       0.29424467693011075       0.28468835115276298       0.28267794839187266       0.29279391950472938       0.30205047643555527       0.29284366409965967     
  0.42245517678356059       0.37039213469569271        7.8633788418020517E-002  0.16349218855694633       0.16435982333996463       0.15835853721412058       0.11185060054139188       0.14997366107979521       0.80450548704397495       0.36754777761353530       0.31144248783315653       0.27882766573924600       0.15004139337627451     
  0.27179722505446241       0.30754511085132719       0.30490438208725890       0.32541711186429467       0.28413264123792281       0.28751500206302544       0.31673885171091715       0.31840359886749042       0.29391566588403933       0.29563017337765413       0.30379082341953173       0.32148349674562332       0.35903244788323080     
  0.44034655436758746       0.38245467373872677        8.6561274631444779E-002  0.17819587692924294       0.17976655024890864       0.17440456401694612       0.12335243859909528       0.16328475220220687       0.81380402604196056       0.37863389584827423       0.32912270543874683       0.30034037600906088       0.16367403437597922     
  0.30292433058425050       0.34628195751626811       0.31831254648935275       0.33033443974703658       0.35203720995705096       0.34862637876625119       0.30227319644799122       0.27183096014319419       0.29017103910854236       0.28517773034930399       0.25304980999403159       0.30029053071577227       0.30585181421239055     
  0.45809763887266058       0.39471864398354889        9.6303321169404488E-002  0.19305179383869392       0.19563749185320362       0.19029366338644069       0.13434570547351851       0.17703261299844508       0.82281549750225957       0.38934615518389326       0.34699335326599812       0.32088124656360856       0.17767924336694765     
  0.29966026082057506       0.30336762576476356       0.28045827968393616       0.31351364115307800       0.31989066427019552       0.30660769228135465       0.34255840405922033       0.28672875962238575       0.33462686826248994       0.26447130932009844       0.31773841551312437       0.34032937156511828       0.30574351996245602     
  0.47326584200685839       0.40743383627426999       0.10760713224052597       0.20791179538398208       0.21198166623814554       0.20565404499965401       0.14547740678222906       0.19108802159824287       0.83128274571207406       0.39940282752292022       0.36525943803175404       0.33943770132114853       0.19208605227826669     
  0.24686433748563050       0.36116303390100479       0.32691685094129880       0.28161184249948784       0.32250106556810859       0.31766434285533302       0.35939492102590870       0.30223950243295222       0.30360252933101006       0.31599280921057815       0.31604615470187597       0.26870668618022608       0.31089920755575029     
  0.48606958680260931       0.42046997617089493       0.11950955934590318       0.22285500904735669       0.22827722004040110       0.22009060869783614       0.15703909512496014       0.20626004090359540       0.83892350900134782       0.40938468903119118       0.38307877190120293       0.35792730014473839       0.20693008939579757     
  0.32888552862622772       0.31871475752460970       0.42227072165261892       0.27364447968476596       0.30643917199766513       0.33235346640415958       0.35506566465901862       0.26984578841477441       0.34056358795301667       0.30182889232898497       0.28256505405247806       0.32641374009963670       0.30390323480045783     
  0.49748228661050270       0.43249420982436210       0.13163524881395242       0.23829864439522541       0.24360719377119003       0.23414101815839505       0.16946175468895985       0.22108776683506950       0.84631722138558363       0.41811919089990396       0.40056026965409680       0.37616911882445736       0.22254206796860104     
  0.28596417265771240       0.37382373395182927       0.30944887282655681       0.31893684801061478       0.32687947526836125       0.25506824844169163       0.37694099315672353       0.27716381019384001       0.28563092716631561       0.33976693397232804       0.33161665611243296       0.36461453602244481       0.29754964337596490     
  0.50902888971450910       0.44339224270551114       0.14375454289145739       0.25363675953556380       0.25892692905734821       0.24734117916482562       0.18311975058613186       0.23643027896584576       0.85168050819101870       0.42670038392994136       0.41519910589494091       0.39506302312205432       0.23784317552864165     
  0.28809516368797394       0.32012631876013548       0.33867361367183668       0.29039871582564258       0.30615609813933625       0.30354183686308300       0.30337866425324017       0.30707779389005674       0.28209706523326744       0.30861440725161698       0.29981177923744207       0.31815492416145463       0.30104796454152100     
  0.52095912915442122       0.45360433937287548       0.15599234372014528       0.26753765496829618       0.27429518030915651       0.26011501116243835       0.19728600426880796       0.25148861297887948       0.85678101954716368       0.43529275690985242       0.42944952384477414       0.41339968112594427       0.25156170677206779     
  0.28485740845624968       0.29808171907965797       0.31595684539241659       0.27501858433758525       0.32212894114644980       0.27768848802531548       0.29640982124069909       0.32707337830171557       0.27354756757369209       0.30435854240103871       0.30065766491473012       0.31200618129082919       0.24950233697819388     
  0.53322042161555350       0.46353099707372614       0.16784368337273128       0.28129024105751033       0.28913232828657154       0.27157555494697799       0.21128729766251944       0.26775821221344193       0.86139160636493972       0.44416070467894581       0.44337476027366141       0.43214717926517071       0.26531055703839834     
  0.27645490969821318       0.30338872870201733       0.35290080277124958       0.28086091948233199       0.31345592123414845       0.33749999366643807       0.28556910377370526       0.25348644347670807       0.29872881353080444       0.31207057226672213       0.29507841361191639       0.30442650768313928       0.29597763633472191     
  0.54541846903100577       0.47269305682199048       0.17946013358524698       0.29168406655969537       0.30275389870688790       0.28292899137610478       0.22436513929629270       0.28415759824661718       0.86588433994203318       0.45233586307952200       0.45782498264893029       0.44946066299282128       0.27950398933503995     
  0.30627738080259387       0.31430947577005641       0.30045666310338681       0.37291645125346606       0.29857809399596280       0.29698342574689590       0.28981675407920177       0.30505810355161345       0.26589970729027290       0.32328016642294938       0.29501961359781531       0.30252930221694424       0.30865953203095287     
  0.55768452779775968       0.48146911637735401       0.19057674977770814       0.30250055031001433       0.31696482159576783       0.29378546110152115       0.23637072865778427       0.29995502396373513       0.87028196103177025       0.46045412426813725       0.47385486788011971       0.46597400948553014       0.29438036839507692     
  0.28529102078278096       0.34201247922002626       0.33552024199415137       0.26956080104037544       0.28211608394186349       0.28475098011860472       0.28217500256328326       0.28170048101265788       0.29366598697410795       0.32151872767736805       0.33153172171163242       0.29495550421788247       0.29749120989213956     
  0.56995082434852695       0.49020975243474468       0.20166463452646258       0.31419447419484342       0.33203200822766427       0.30497861404273291       0.24882352670029678       0.31575680652300631       0.87476070341088186       0.46855453931692820       0.48959533420394075       0.47999837123654565       0.31145241934773021     
  0.26103855654831881       0.31090055605509387       0.32029138086288433       0.29114291326983621       0.28790869868369173       0.28548608014018728       0.30215844822441201       0.31368586191913800       0.27817263002827503       0.28322697167812344       0.31247352387820371       0.29405633101600320       0.33336634070059579     
  0.58095346095070988       0.49869780772925904       0.21225398394836661       0.32512026769548652       0.34717122620713370       0.31640667823856711       0.25964284446080449       0.33284904688619743       0.87917066714832703       0.47670945419440930       0.50534502974388784       0.49410264449379820       0.32566922994852981     
  0.26167566723384300       0.27485580695108419       0.31717977629542021       0.27466246842879888       0.34525835012820116       0.27971725452417229       0.29364917239823801       0.34989230029391727       0.34327985797694466       0.31894346817691827       0.41753161455646048       0.31743848728005131       0.28590884800220800     
  0.59156869440222348       0.50715049608012275       0.22240565478582777       0.33594028792355946       0.36255120945215369       0.32803709889382449       0.27064725988548571       0.34887492618789995       0.88361503927791651       0.48408320898012397       0.51996408556114926       0.50523439875857434       0.34049960093074216     
  0.33054306897994196       0.27320185493125221       0.29795687206236426       0.29726983177168015       0.27634583789327194       0.30392930712458210       0.32430992047153562       0.34028555428145069       0.28924187245506006       0.31563267819520863       0.36676158211066284       0.26766070187205177       0.32692031941834282     
  0.60119613522384618       0.51607073381166590       0.23333793411762557       0.34802097814506738       0.37845246617030720       0.33962669327671835       0.28148890443155561       0.36335246387880071       0.88814463970032265       0.49174901717051051       0.53240300411028862       0.51685251169470070       0.35586815298801766     
  0.28499561837782544       0.28198774901393192       0.27863624708385748       0.28723024447518980       0.32954509152079997       0.32331693812928125       0.29510674201875564       0.32073877960314334       0.28044981146013942       0.28873271357203950       0.27470514525043938       0.30219703312307977       0.31623634297834730     
  0.61053048482263728       0.52413049774369169       0.24487199330225828       0.36022551440105488       0.39415012573370944       0.35504170783652844       0.29328753668586044       0.37735043349790293       0.89234909529910778       0.49811194786740182       0.54440376803286061       0.52636948042234200       0.37196584212888395     
  0.32842588611280160       0.29848850870320298       0.33500675616783254       0.34646873530550498       0.30114514489012734       0.31607727599831087       0.29168343095648008       0.29654761589385620       0.27886253002744649       0.27989173489891250       0.28846803987532155       0.30294937980978176       0.30425218338891813     
  0.61963815476941153       0.53140143127001460       0.25644204677616150       0.37311277554176808       0.40725188501944604       0.37046020480159025       0.30508405170576841       0.39131254468745907       0.89622204215640200       0.50441569683844301       0.55495475213445067       0.53638843875117970       0.38863508332631191     
  0.31288170905555490       0.31123795496877699       0.31556865410722168       0.30373969279396978       0.26692884745637779       0.36333507520861197       0.31330806379260095       0.30880788486340988       0.29336600756016284       0.31236937247947932       0.32811308653967047       0.31318311222175860       0.36797977328735848     
  0.62896966026734602       0.53916590233666850       0.26779072703596979       0.38543509018746358       0.41917660409324720       0.38535073560197242       0.31606376365386524       0.40568860224202902       0.90018695501133350       0.51082929022889589       0.56603364250698018       0.54671170989052653       0.40588268140542483     
  0.30075001450328892       0.33664216275617398       0.29620564276109762       0.27131555297748217       0.26727755370494255       0.30116006270644186       0.25980556104242220       0.33302680539530116       0.31325975587871824       0.38304277471766479       0.28516277988337435       0.28221594845649633       0.33772593987952987     
  0.63893249600852464       0.54709906757916271       0.27944029713352841       0.39700800675700654       0.42972228607732338       0.39990492191502580       0.32722734150328092       0.42046477315219405       0.90389584481307905       0.51697836947039266       0.57711222397156536       0.55752636689490331       0.42350526877064665     
  0.32768679862583378       0.33227157863251572       0.28704357706005584       0.26284110287294887       0.30867111459574215       0.33829690448582500       0.30069363722520709       0.30732128460947739       0.30925815284438335       0.28343196209315780       0.29740156864134754       0.29780656194367111       0.28487667723639137     
  0.64903862565175119       0.55515833029323713       0.29060771326615720       0.40833414517968292       0.44050718178557186       0.41445677504832934       0.34002111103881638       0.43468596849477847       0.90744546948621818       0.52254297944365746       0.58830974199741326       0.56814026546252572       0.44026056455662355     
  0.35325652437204752       0.31942299928805629       0.28761824801992897       0.26839706176965267       0.27576001940493722       0.29522458902317283       0.27116412870249890       0.30506797934120883       0.34727516782584839       0.30505634292004641       0.31320446314131234       0.25152099436124781       0.37302094056402296     
  0.65945087376021871       0.56308861839363644       0.30196476049607318       0.42019072499578741       0.45102021602564413       0.42887708928613927       0.35290610357938995       0.44896579988357754       0.91074770410703565       0.52819749655174131       0.59986135658537654       0.58044599273068986       0.45574120139942420     
  0.31492264077919302       0.31007194051030029       0.27823672808695976       0.29243626770196757       0.29833788425782370       0.30332702028274300       0.28364630022641313       0.36091683726646290       0.32921170050381893       0.33395935121216413       0.34067407747671558       0.29147987504123907       0.30117699531320546     
  0.66931218088069422       0.57064485381695140       0.31328853351649333       0.43296326232351895       0.46177085927253475       0.44250694585417549       0.36609101247354381       0.46319568600563837       0.91386225164975843       0.53473844382917046       0.61306405333320491       0.59247895009021234       0.47130709710582541     
  0.31693586296750764       0.28155329978697102       0.26483914519430291       0.35270922397312737       0.25423864042077349       0.35453871586003066       0.25316212297271307       0.32440914158252082       0.26381867983150953       0.30308569856744666       0.31244199590693444       0.29327394844395704       0.31138446034981271     
  0.67911536043958565       0.57778775796577864       0.32594719155520119       0.44607954035918540       0.47209597830536038       0.45630374365681770       0.37894156718201294       0.47743708168442722       0.91675599108151895       0.54125858959101925       0.62549461292649589       0.60750265610600596       0.48725903654516078     
  0.36258757397046770       0.34273422138432463       0.33373608270211985       0.29931816183272236       0.28725405724381636       0.30656625850412217       0.31500956891957432       0.30350442315486975       0.31017126036890219       0.32054050996189570       0.35827053514892554       0.36914418729150750       0.33746536170088509     
  0.68896580946416852       0.58613382263021585       0.33915672098500027       0.46175444828298684       0.48531456203856771       0.47097746325503248       0.39178969840252559       0.49217565959474491       0.91964113273477377       0.54812542195638803       0.64082784197692200       0.62190504441890226       0.50294659548520360     
  0.31488031237051489       0.33117954090235335       0.32541133202206751       0.33661389093834504       0.30542554751745815       0.34090713146142110       0.34517607866848066       0.28919158105958104       0.27297272574552855       0.29223062947489398       0.27507893527771954       0.30287589651421454       0.29876178707352025     
  0.69904773630332340       0.59463772987890851       0.35355087920345712       0.47794189722612329       0.49839004894669126       0.48553327089463233       0.40453132344379661       0.50704946426174879       0.92271801035191026       0.55523066030188617       0.65491284388331139       0.63615053105133657       0.51861204808763328     
  0.39223287604045459       0.29125684217550446       0.35167077391909818       0.28786177097979382       0.31652271393896397       0.31384409261330332       0.30632571203821807       0.30979548856024791       0.29285313583531442       0.31868842247763640       0.35451772038871099       0.31891051299163953       0.32845970076737174     
  0.70894305861759943       0.60425499866843546       0.36806946223228004       0.49721630473289719       0.51347590284402711       0.50426887976374180       0.41668304559879121       0.52225716332380612       0.92577929114579138       0.56209193628520981       0.66891340911857256       0.64937107874027067       0.53462169612681665     
  0.30142512746608041       0.35099337136660275       0.29674376805308217       0.33440459377196663       0.29745719963683070       0.35135832955184115       0.32471401595752131       0.35933535866048005       0.34021270357165462       0.33155521855240666       0.31158256253961786       0.34520064098060044       0.29292271837866002     
  0.71889510815554380       0.61392322339027006       0.38295780690149728       0.51755872610828091       0.52820291523082252       0.52330791943395027       0.43341012639295295       0.53810704628278894       0.92861187116635113       0.56934800334034663       0.68311399179230647       0.66271673616061122       0.54958875820983644     
  0.31074766866066916       0.33552574541623587       0.31912105173326583       0.32978136380988582       0.34078444798255492       0.37377583347217397       0.29045809933569072       0.27986733195124586       0.33718697139295445       0.33392194521717089       0.33585417435042869       0.37894199158348296       0.33533426366117519     
  0.72848130710288139       0.62314517822104698       0.39971204682034228       0.53738409197193471       0.54293806069663075       0.54310259963995311       0.45223905369331924       0.55511379833402907       0.93137463375661678       0.57719342704177690       0.69783061213524333       0.67582050924745174       0.56447938903723760     
  0.33392425042567736       0.35337504373629419       0.29645569578202258       0.33450430062268488       0.29099882291860707       0.29748907051054868       0.27749131505312091       0.33806598481203276       0.32857758761604233       0.35488265937894109       0.35667746802106187       0.29285215402575643       0.30045135597653161     
  0.73693807136847744       0.63218853402178377       0.41715330132316908       0.55665591342266940       0.55751738025580022       0.56367637644526691       0.47207446894070815       0.57177814563048457       0.93422781563729629       0.58463310542210967       0.71252949977628632       0.69015910879898834       0.58005764520692538     
  0.33956899936399532       0.28951426175631378       0.31647867999797147       0.32584292148500477       0.28558554048638596       0.30187378441610896       0.25933564992706198       0.34996352126045810       0.32493144376261551       0.29521457936155615       0.34126320820545214       0.39551587124682563       0.34140513288685675     
  0.74520008810663008       0.64140941739834278       0.43674189169505995       0.57556788911262147       0.57253887835180095       0.58335046550006275       0.49161000178915837       0.58808060633836168       0.93716336986332893       0.59123603409983294       0.72617507628388689       0.70390632537627851       0.59570687927075294     
  0.31388906975846254       0.31158690621166801       0.34309696408517432       0.40485695834793567       0.29235141385636526       0.37718573075817363       0.32810180848636300       0.33551424585012740       0.31090644095755904       0.33276398043451161       0.37476616929871381       0.35923468438131834       0.31037217102711701     
  0.75351372501522984       0.65091037723706646       0.45738781739305928       0.59403601167953746       0.58511867773733184       0.60239132806538442       0.51063895823943273       0.60515559070303582       0.94000006531967040       0.59771374715549086       0.73917709752600125       0.71760849609168531       0.61129868212591842     
  0.34968609526014971       0.29166807582778681       0.34926599931447277       0.30988621889669871       0.31226921596555440       0.32792386416633806       0.30391305055077000       0.28012906450330177       0.30836631282932964       0.29803349298113185       0.36589687755881545       0.28280188865949052       0.27636649573131361     
  0.76191800995209458       0.66071929034138432       0.47723391122385028       0.61130910037487740       0.59734480567253678       0.62018742609233557       0.52818049778543685       0.62298031009725230       0.94242499036934069       0.60431178261107976       0.75253610596658216       0.73155586680092310       0.62682227848985639     
  0.33070449512782268       0.30422731393118962       0.36902551913038628       0.29306337671471944       0.30188231686534828       0.31842576186297356       0.36166822045138519       0.32287947095504504       0.28276114895325088       0.26711047956490003       0.31644733411847120       0.33779513631633390       0.29014370413097207     
  0.77034003055347255       0.67097513419949706       0.49647573986900623       0.62750708857368931       0.60937901093474167       0.63751029181177699       0.54494682673463757       0.64130411316536884       0.94487912438811317       0.61072249214112861       0.76380749692592131       0.74553288667717399       0.64265301974286493     
  0.37466723478625924       0.34415187091703697       0.36287676763751375       0.27137606281270243       0.30999205129657842       0.26787211484802820       0.29001106566688212       0.32003178017538414       0.32695547045910617       0.31892405977225768       0.30521750204112735       0.33096566290210022       0.29256681002497242     
  0.77872133042093927       0.68093559157035155       0.51667142880075034       0.64416008452492635       0.62259554502792414       0.65315476738402012       0.56223987577507240       0.65810047252872839       0.94738256503626750       0.61729407777899592       0.77434268721720889       0.75926169023009338       0.65859913423146965     
  0.30131618366249258       0.31716912279716208       0.32636528094358630       0.34644597795190329       0.30159198568581769       0.36353114348906335       0.32598713088105880       0.28033258678368544       0.33309274260611976       0.29084195449583389       0.34738345540990601       0.35478530959884758       0.32945448509409875     
  0.78709564181703373       0.69114896402357251       0.53766158879779591       0.66156451877497258       0.63771802468850958       0.66726689901500114       0.57972342744053951       0.67476271825366274       0.94990700063324374       0.62400243573917891       0.78452749873219751       0.77304264812601120       0.67399904995320170     
  0.34789557187837128       0.31219595814200268       0.31546534372424107       0.32641812935080666       0.30605879510899248       0.30975289076292034       0.28678241756103251       0.31484102123208568       0.31334134119108320       0.32221374517777490       0.32784541553230612       0.35462360641076440       0.30644934197454199     
  0.79535601221442032       0.70091838097549530       0.55918848309549052       0.67827457184269369       0.65210900606524802       0.68140856321234333       0.60184768988213100       0.68983237397860375       0.95236194690835574       0.63140802393145645       0.79421613760551735       0.78763109904157980       0.68899651083067948     
  0.30264453581577921       0.31087271251909765       0.32459065332856790       0.32709390739353617       0.31394465867661786       0.30590435318935411       0.29650081080278090       0.30131153571085562       0.30463590391737910       0.31796630839113016       0.32120209274176614       0.31976148820304945       0.29492369292147846     
  0.80331942078688656       0.71111184662679372       0.58068353487888136       0.69342923290816838       0.66593025455542532       0.69506587842789558       0.62397201988617623       0.70554962620194728       0.95469277790937512       0.63882046938595594       0.80403565432663215       0.80191982940615369       0.70415209027442927     
  0.25914499294929799       0.33205776725170733       0.29618831381740141       0.30379121049231733       0.33284771794229712       0.27247330257491464       0.31298275926491204       0.32556568458514162       0.33529838029684977       0.33049715353952375       0.29974375778361323       0.32640844033199651       0.32099225743096471     
  0.81113391599816254       0.72144840510288200       0.60164278630780732       0.70905134949727400       0.68021198794772519       0.70950058980139674       0.64590399921345609       0.71942968937557172       0.95701885467478720       0.64671600660991613       0.81418528625226405       0.81283504782597771       0.71881181886389889     
  0.32803242168610236       0.31209181548371429       0.32482935840595578       0.34294787025874801       0.33416968598886471       0.31283686049512172       0.34210655897016684       0.31232026365533028       0.37720394878668251       0.29399442559300332       0.33836369126890109       0.30834335666660645       0.32555692604479347     
  0.81913027840836528       0.73176547132978798       0.62259259699450320       0.72474400540660289       0.69541181257492657       0.72433572943784008       0.66805853794252545       0.73391010895396591       0.95934586259483356       0.65472402585928979       0.82450443687820285       0.82348121653340944       0.73245327868967891     
  0.30234112310095140       0.30786560817114805       0.28789654100211026       0.28664330756677847       0.31840484465245217       0.31826276060510239       0.33467124794969677       0.35416158285155808       0.36683232845051428       0.39324593900406701       0.28778588479691569       0.30567367140021473       0.30071582179218920     
  0.82781933484474512       0.74218724116278612       0.64351937534825676       0.74028804689562500       0.71053441603666179       0.73999213695276944       0.69076414175126055       0.74878180903050562       0.96160954644426788       0.66347852074803915       0.83475029586357741       0.83457894475594074       0.74638671866263107     
  0.31300370351993984       0.31746133561228551       0.27506180078589854       0.35621994479780733       0.31643097978284340       0.29736090449456298       0.31691149569432725       0.34735713309253952       0.33464902194444285       0.36258379635531340       0.31345844945244578       0.35288748662172642       0.28196275139802912     
  0.83648128319862725       0.75317243663552835       0.66397661325631652       0.75807241432075156       0.72647111125800401       0.75703599032300106       0.71227354850997437       0.76518409626425965       0.96396275967127243       0.67261882766048220       0.84519878334962451       0.84616547366396022       0.76055630658291118     
  0.34856303125630200       0.34862114204723910       0.30188323762916397       0.32417652772699379       0.35338974645332027       0.31686322995159677       0.31218160176632814       0.33758050273923751       0.36095042702994307       0.40159003691572559       0.38746696895162214       0.33133711028010937       0.30301136582364868     
  0.84336447434283335       0.76480172079011477       0.68484183565431422       0.77536911449941615       0.74209641044161878       0.77437092128603036       0.73200466799860642       0.78412345915870374       0.96628385065814382       0.68162834828064889       0.85592366537334752       0.85910418582520065       0.77642393761053641     
  0.34016708911088417       0.32921363814987242       0.30560610650871151       0.28480828092472921       0.34930840528605062       0.32005194614689464       0.28515079929621279       0.36975150329395412       0.40051380014276888       0.39533879997752774       0.31823367910809586       0.29019061370021543       0.32551499547930057     
  0.85035946974267262       0.77641496263549792       0.70703409070266809       0.79293378847964224       0.75794700064824749       0.79135505755165136       0.75172270069201708       0.80247511892779388       0.96847510579482399       0.69087808698131636       0.86650218191826622       0.87301088568974006       0.79235933675774917     
  0.31965882111108290       0.30590618144001980       0.33537476672737093       0.29128379854704434       0.30394552156947741       0.30326094729524761       0.28808126862019534       0.37639212625557550       0.39426138197249178       0.37931791715116564       0.26194554805606657       0.34791118240660662       0.31189561401517996     
  0.85791911600932291       0.78811280196115308       0.72974361710928659       0.81185270374439633       0.77447341358436717       0.80788107623075522       0.77079997741764028       0.81948785395171664       0.97048861805496356       0.70044652158870147       0.87677651550482505       0.88533746723319728       0.80832529411498599     
  0.35007088449288309       0.33334515075541682       0.35616670406553574       0.31902674468578485       0.33017731989469562       0.36040239326114248       0.32815217189846396       0.29132394160154246       0.31593017133234019       0.34002373691646842       0.33948081634045352       0.31096595262690258       0.34135073766290497     
  0.86511340835298323       0.80054215789383298       0.75240993131975031       0.83145435473455376       0.79149917486799548       0.82482727614234841       0.79028268223286990       0.83607706949999772       0.97243350215998758       0.70951727887855642       0.88696698355372161       0.89607379808227827       0.82373801639759070     
  0.30244695105200009       0.32077619619865438       0.31144618694039672       0.36916348580601610       0.36062488801107395       0.31514469545950141       0.29157200782993853       0.31888906755858260       0.30732042328656944       0.32331309510081996       0.29266323188531707       0.28751461121648392       0.34952254175156944     
  0.87422352715456675       0.81261325388221461       0.77488050514885531       0.85041003306653418       0.80877988263290479       0.84196083869491900       0.80917070264900182       0.85294043137626185       0.97438396473709388       0.71872208973531670       0.89747974218848559       0.90573259560230124       0.83931461625557191     
  0.36040397778570510       0.35383218625111978       0.28189237212493146       0.44772815780372727       0.31039185914035777       0.29104702075050332       0.32269084783208485       0.30144852888758467       0.34582372020717883       0.30105995533901475       0.38061281501664890       0.33957024200108776       0.34014117804528948     
  0.88450344344648801       0.82366924559008714       0.79599657340923491       0.86913245988343113       0.82632677964876722       0.85960447462834222       0.82809797816818609       0.86948316171618467       0.97644856215630793       0.72827122273009826       0.90865588850667300       0.91393188876130804       0.85532562706800319     
  0.37077709979283213       0.29038980523717006       0.29809351847216381       0.29949990827338291       0.35568340006044347       0.30289857389234454       0.28982094356076532       0.34707306931407245       0.35857227337217540       0.31011752845853680       0.34405618073084815       0.28390662939033445       0.31589507736520428     
  0.89470000957338802       0.83825833451921750       0.81827500853958335       0.88694609255851409       0.84394652691884919       0.87666874028834674       0.84980027941412695       0.88624017597971383       0.97880824640401309       0.73803384783667969       0.92016888375319494       0.92236712499140250       0.87417360913478170     
  0.39659277658305331       0.29539837150772846       0.27703264477425160       0.32851751157810577       0.41869921195735438       0.34428124730093196       0.29435839327167146       0.31566358775259917       0.31599258200930647       0.34651265610635651       0.34406167446534974       0.26873423411678549       0.29230274278576562     
  0.90540243185201441       0.85274984000946441       0.84116330654243598       0.90392443280235901       0.86150603751973598       0.89489432850313200       0.87152329585706911       0.90323756688861989       0.98129957181032068       0.74977562631725436       0.93142399034610057       0.93206315934705475       0.89282628831726774     
  0.42895378771865234       0.32715619434502508       0.32163036408032852       0.40953732877306764       0.35178956558535873       0.39795441813270466       0.32523313595157777       0.41130379467236661       0.36284545835084209       0.33171370896817393       0.36764684078136417       0.29374767730295626       0.41022470715372811     
  0.91632852604720461       0.87058576410980060       0.86717795291469768       0.91889807686173297       0.87971364311371036       0.91324192910930169       0.89497569841717162       0.91902034747012740       0.98376069724031234       0.76320093918920073       0.94239598102515743       0.94337335071615491       0.91071051774931455     
  0.40970733418058408       0.33335443581811458       0.30670546413131033       0.32743909712058367       0.34077150051709104       0.29684852980415105       0.34443507952834740       0.30931547523897218       0.42581366993548436       0.37531916866095444       0.27166330786354181       0.41358585386881491       0.32151537291629634     
  0.92773221858173160       0.88956401370645499       0.89280713353191499       0.93387015752890556       0.89917118018409603       0.93323630348213293       0.91772334163274771       0.93506903465948710       0.98630811860506162       0.77641372625870386       0.95343513984743622       0.95543471100358535       0.92707576834261862     
  0.34580998441734601       0.27708795239269790       0.37566748290334023       0.31151043771064663       0.34021941014658080       0.38705553732925396       0.33370198441649779       0.32070761182511842       0.40126497892837332       0.32170122255685762       0.32233001916652870       0.32054360401660698       0.30431408630938378     
  0.94043374231861465       0.90940719594975006       0.91932489742395118       0.94931120753572140       0.91963242117851407       0.95368246857422889       0.93882269380460881       0.95046978019601680       0.98926281776859759       0.79853750094095244       0.96448153640541956       0.96602945807707885       0.94533425136813543     
  0.36762353882918325       0.32700321494391404       0.36072118200463721       0.28232028316645430       0.29011698803360014       0.31838730245701219       0.36085482750788783       0.33028287433440440       0.46629636921361800       0.32629968306696366       0.34551441354785756       0.31167472752413472       0.31750412263726857     
  0.95595970679865727       0.93060868029827215       0.94539036686904709       0.96542516201899253       0.94132023271012155       0.97058929941501582       0.95881429092785009       0.96545971945398767       0.99239373261778663       0.82659345593392264       0.97548671276748899       0.97667660424812375       0.96403911066459069     
  0.37663462188450153       0.33870564387069796       0.27737108084930590       0.28133749031128152       0.33806523981469627       0.30035926794243512       0.31182704129107375       0.31093527818182271       0.41016834816440845       0.35253000067764445       0.29249217313646814       0.33600311212611383       0.38843365522233309     
  0.97567589612468408       0.96020769670231565       0.97267972026378979       0.98258858013846628       0.96888980718175965       0.98574301474978443       0.97956546357238117       0.98254589126195357       0.99600554740716118       0.89663250924466908       0.98749203652024631       0.98811185389281897       0.98152568761530390     
  0.37540657110748277       0.30162086891847328       0.26845895574840423       0.33523355672072974       0.36388631074029176       0.28904658021397162       0.29984001703469731       0.28396603357178479       0.31695462857327961       0.30681803355826764       0.35589823564874523       0.35191989172800592       0.33958877462533615     
   1.0000000000000000        1.0000000000000000        1.0000000000000000        1.0000000000000000        1.0000000000000000        1.0000000000000000        1.0000000000000000        1.0000000000000000        1.0000000000000000        1.0000000000000000        1.0000000000000000        1.0000000000000000        1.0000000000000000     
  0.27539258364464297       0.25963305005157916       0.29499110420575592       0.28842881899814238       0.28433022198861602       0.29591591984327092       0.33742341576299612       0.29961732792017298       0.30789672156412373       0.24024268926101136       0.26732208817060921       0.35535218410074193       0.32318744739897159     
   5.7249755639374280        3.6452666033578769        9.7218848521536483        8.4533679206051655        7.4713882861883016        7.8356106114430473        12.960056925878796        7.1139780889156441        0.0000000000000000        7.8634874220493165        8.6482300059426276        9.3591955626202985        8.1142578805572843     
   7.3518332912990294        6.0139455668384842        8.4051461736392596        9.7491733868994217        7.8530916924957950        9.5360548103225220        7.4427474058310983        8.7991579506245934        0.0000000000000000        9.2182241486716308        7.2247299670512479        9.0773492492672769        8.3781383615450249     
   5.9208498927046955        8.2303958941835464        7.5840236921141191        9.1422641346018860        6.5010500939587406        9.7530612210930023        8.2231956661587677        9.2052707323291827        0.0000000000000000        6.9236717445911919        9.3261524394941269        9.2346499841458307        8.3981484223355167     
   6.9209041724085338        9.7555465440400475        9.6424073276771569        7.7642098356525784        7.7060136814072058        9.5674577027054593        8.4562411586222304        8.0615008345282373        9.4125213117301403        9.2031574345432769        7.6271900250766702        10.009823934935890        9.7932398271804679     
   9.6188117014266972        8.6138309154189496        9.1286650079875198        6.6475008231248118        8.0849123133237502        6.1752968407139663        6.8072237024304307        8.2697468248054733        9.1451337197998974        9.5985805234366772        8.8929859401936220        8.4413867508576121        8.1272021846856184     
   8.2984265733962310        8.2239644578787630        6.8764886826377767        9.2501887238679732        9.8245012628088517        7.9241562365248939        7.1901359817217285        10.162696034180181        10.015801442449186        7.7980239528545008        8.1180864016162602        8.2149280344230391        8.4982873270572075     
   8.4133519683995974        7.7925870734950378        9.1247151781067650        8.9001080092880205        8.4066405790272505        9.3119426306902078        7.2194272792754459        8.7159524557884502        9.6983371163760754        6.5740069188633390        8.5209654192434687        8.3723637528251054        8.6070420636966887     
   10.193320905304144        9.4729166919034604        7.0589845720270441        7.8152925856553077        9.8884113678563068        7.6153618430490440        8.8583148060436656        7.5213136581214934        8.3933059454033732        8.1173360688794212        8.3707279263026706        9.1148302375531838        7.7492625055914184     
   4.1732700557002178E-009
           1           1           1           1           1           1           1           1           1           1           1           1           1
   8.8873600497249279E-009   8.2302173043942528E-009  -2.9249289139139798E-011   7.0883129927728632        1.3625643445908501E-010   5.6297225784844218E-013
   1.4082473492916055E-010   1.4779153722790841E-010   1.4862842831958059E-011  0.19370985369943119        1.4854525300794870E-011   6.9904902928029460E-014
   7.3042915940155946E-003   8.5879380933486988     
