   0.0000000000000000        0.0000000000000000        0.0000000000000000        0.0000000000000000        0.0000000000000000        0.0000000000000000        0.0000000000000000        0.0000000000000000        0.0000000000000000        0.0000000000000000        0.0000000000000000        0.0000000000000000        0.0000000000000000     
   8.0485636446739617E-002  0.22596387649179461        1.5360386266869239E-002   1.3608360145070893E-002   2.0457647491528130E-002   1.4106807702887882E-002  0.12048472789550302        1.4803732771819669E-002  0.60247196508678047       0.18922068325578950        7.8032230667451852E-002   4.3925306562138611E-002   1.1963411724070092E-002
  0.33168990551467376       0.29721412358973121       0.44456997743943422       0.37410091779678767       0.33563254967310296       0.33557282635350044       0.30502498359651720       0.38652918650948498       0.32205334372575456       0.30737906219456801       0.36630992624628272       0.39856308562723453       0.36131762877631002     
  0.12110218094358983       0.32328572209094092        2.9049548584467094E-002   2.7649719703958835E-002   4.0751693792694423E-002   2.8998436990607543E-002  0.20307498803941940        3.1130797003812504E-002  0.70022375879176768       0.25098958421396833       0.12729454064236514        8.0438774945728084E-002   2.4273044328279175E-002
  0.54045423689899152       0.33478581730653872       0.53070833214953750       0.39616040289133414       0.38244574288522121       0.38125863796729181       0.34156292587931220       0.38232217868883867       0.32108328835580024       0.40139830613772082       0.41749872541279714       0.37544799191982642       0.36673461279799080     
  0.14744600270037400       0.38910509834569523        4.2135328881655575E-002   4.1578354092324715E-002   6.0075420822382493E-002   4.3122654837283822E-002  0.26439727564966009        4.5853688521728345E-002  0.73676856285890469       0.28770984671140448       0.16371042696343444       0.11211824781159888        3.6955611198242019E-002
  0.46198535604853019       0.31439304652327876       0.37762681169078305       0.36598360199207192       0.36304147793640618       0.40685704193007161       0.32805164696734784       0.37929398524583985       0.33690572543588176       0.33699704599570657       0.34878693041829922       0.34283630848467794       0.39243163562447847     
  0.16917499725725885       0.42333469066511670        5.5138021210722213E-002   5.4962558867032149E-002   7.8792897958463060E-002   5.7704616293805987E-002  0.31350399992269867        5.8712553715777667E-002  0.76694607586029351       0.30872392372318264       0.19499398967803416       0.14390807290465699        5.0299120330835820E-002
  0.48640638103764089       0.31676846535445180       0.41312721707846339       0.41004656857069460       0.34063786475160218       0.36401126488258584       0.35884717236462421       0.33811218996698811       0.32928716156510124       0.35089088215289765       0.42384216752709947       0.35024000834920860       0.36697625374479048     
  0.18769268037673204       0.45763738738164461        6.6087067517255585E-002   6.8330124037043069E-002   9.6644773082962029E-002   7.2284494768635257E-002  0.34468446332708036        7.1940030299600569E-002  0.78954326480049319       0.32000950494870234       0.22017794540814581       0.17566210557763723        6.3914851742589360E-002
  0.47368333353276898       0.30996512927460190       0.34673964142324631       0.36481959333921493       0.36676002441044742       0.40280628555294601       0.32229403030279946       0.31151024058917909       0.33951539969229472       0.34758055413217687       0.42222325028491031       0.39878609940953463       0.37050073441631748     
  0.20249552983357327       0.48922325391876109        7.6290018362306741E-002   8.2803666132831716E-002  0.11444262697613039        8.7502174344860476E-002  0.37592440692137713        8.6034698925871358E-002  0.80562211176089560       0.32996234035805178       0.24302155090669947       0.20668870079638182        7.7736266531969939E-002
  0.37864166424838475       0.35881743583992043       0.43792746962385781       0.36694164780303978       0.31771919900137524       0.38283279104482659       0.38689075239976706       0.34286096774455482       0.30934351427891893       0.31882921029109074       0.36117308555008892       0.35678873147605422       0.40776216738000659     
  0.21711344387801015       0.51636068785932698        8.6262934156375468E-002   9.9006904108675575E-002  0.13279505274634570       0.10365284008169891       0.40371446077247469       0.10099424038040367       0.81812309544419426       0.34161526359509226       0.26100179174980748       0.23145108182793758        9.2492178479178802E-002
  0.44767030619216358       0.32504180793406046       0.38226140141461296       0.36297046386984516       0.34477912000138489       0.40185046218881804       0.33628269239162184       0.39068901709636267       0.32603747278011519       0.36011299984078704       0.34164128988354603       0.31113117325369355       0.35377339568396715     
  0.22965181589981482       0.53909805922468734        9.5646907836310663E-002  0.11565495058730776       0.15161301033775770       0.11876699579322043       0.42793906881621308       0.11501556366971870       0.83011493245000489       0.35488599548917643       0.27703058710807515       0.25025685686002408       0.10783320027069619     
  0.38689212261109568       0.31296980950392767       0.35886039830495542       0.39516210316102690       0.36725012430277443       0.36818961306731079       0.37949176555922853       0.32616046332350962       0.37970600780205066       0.41889415178264466       0.34976387068375636       0.35690892748400010       0.38573366783986707     
  0.24078325038463469       0.56028060905884469       0.10548177748902532       0.13122660805442121       0.17089884441191847       0.13338244313706663       0.44886847732822571       0.12943329698076139       0.84135345504985681       0.36596011724213756       0.29269990897428250       0.26665009589856897       0.12358476980219110     
  0.41299005869034305       0.33331802872173139       0.43978116793882149       0.35802757640111871       0.32891273794452780       0.37275718171803007       0.39261076295464570       0.37070677307082978       0.35420865018462905       0.36737765636876429       0.32724478903679749       0.32700365394402880       0.37242675489567378     
  0.25182426269017805       0.57994901969292756       0.11696231849632607       0.14563922411735999       0.19224878858622702       0.14393992073742573       0.46648288116312198       0.14306609676072224       0.85152828956458548       0.37625572611039293       0.30759080297943703       0.28380329155647727       0.13904514643727162     
  0.42573999046906202       0.33061484035956168       0.46815107365464681       0.38198262712575376       0.43894468040529733       0.35080519450095526       0.35027302602775329       0.36409993140842256       0.34552417884000775       0.36285667793149445       0.35017899992094487       0.36242011598481660       0.50291716175436563     
  0.26212098281431645       0.59791815689462513       0.12843310574639275       0.15899282531521716       0.21359240325821036       0.15483923792201634       0.48239659592828704       0.15657014246818257       0.85921625688960512       0.38664426149122716       0.32479049213499700       0.30552559182486960       0.15406449290996405     
  0.38978405654649079       0.36947478661613153       0.46487161002061334       0.41454405879910289       0.38342055174960898       0.31548703150088775       0.35998338518603440       0.33580505898005891       0.34730653279763829       0.33338464168556697       0.41638304919598257       0.39864601794768501       0.34389861175407993     
  0.27219188252553050       0.61492249797328835       0.13903784068009259       0.17132177779060254       0.23367837919406689       0.16842743834120769       0.49902143040875813       0.17224398705650473       0.86582405873013590       0.39682645374785414       0.34253293764298370       0.32785957104642899       0.16889510322458320     
  0.38733930951013285       0.36252153965344891       0.50370457965611881       0.37764788056477372       0.43412690930825470       0.34239778955339484       0.33772510280262341       0.35767741782091489       0.30855540110514229       0.32919738570123602       0.40297597023060922       0.35217070921348997       0.33530267176993700     
  0.28069026549857345       0.63153970801722270       0.14971613085891411       0.18437660146442869       0.25218456599318928       0.18466462486345078       0.51620902413571601       0.18827888773713358       0.87164892841191788       0.40665970004187635       0.35818549824928181       0.34645083542598032       0.18381239047425030     
  0.34757497034699836       0.32846169614567738       0.44344404679929883       0.35395083342673861       0.35630680670866993       0.38472041644136568       0.31022567757852332       0.39306728211507536       0.34013985197655222       0.36459336945119325       0.40600939180057577       0.38599743579157719       0.40704529988444443     
  0.29100337615321448       0.64663753339436825       0.16047648037757611       0.19752029606788610       0.26985318726651547       0.20267793725366226       0.53348731956724049       0.20451105969150288       0.87715707941194110       0.41659132322037357       0.37396849166931601       0.36431740832481690       0.19694122547135925     
  0.36524208213150494       0.33467624096145870       0.42252042114046284       0.32846169614567738       0.37413454691688053       0.41435514243208982       0.36276646361166681       0.38152619187512610       0.31480558531750569       0.39545305071249548       0.41625123365148320       0.30214539150525344       0.38503923651408600     
  0.30180620284499121       0.65994421326459629       0.17150812386767339       0.21094810560665136       0.28795441391113191       0.21993293267722283       0.54994985481019454       0.22036560690159898       0.88212106653883893       0.42606671821385422       0.38763179468982134       0.37833687263480209       0.20994731382269166     
  0.39974584067964991       0.35654197077199251       0.38258729793232293       0.35164504295748139       0.37207809646086865       0.44312091207785592       0.32193947985550814       0.37703223505025202       0.39828586129307597       0.34658899191094461       0.32583356615195552       0.42710663111753289       0.37627018198296536     
  0.31231360046527484       0.67205302010978518       0.18221784054070464       0.22490920441596926       0.30599656556915772       0.23676170352805212       0.56588193873972992       0.23626290624394250       0.88650703365907368       0.43604390556841655       0.40118517158486322       0.39356917504014893       0.22262536439372682     
  0.46567968458057141       0.34459439733849317       0.39762873999829879       0.39464187764999453       0.40433631988953711       0.35423209613725831       0.34717852184443776       0.41682311921808912       0.35741577886582732       0.38534691128498333       0.37336136970393924       0.40571492605834553       0.35212510976061467     
  0.32204122325333184       0.68434704659522594       0.19304767360932651       0.23918843089011532       0.32482534978106825       0.25284453330919626       0.58094502554494276       0.25142742909480903       0.89090403443921129       0.44534014899960361       0.41457519727298170       0.40886151875000071       0.23601495034475670     
  0.33436737160425234       0.37626700528837209       0.39177639561261507       0.35882387667868371       0.38982106067252797       0.40239003921053751       0.35451877689626360       0.39176564150381338       0.32682829178395767       0.31979986733566546       0.40378568219876931       0.32679261132553705       0.35367853477393307     
  0.33165822601082973       0.69586430262004917       0.20490754217336460       0.25381988229556968       0.34396782333280790       0.26802487802131852       0.59570014634545765       0.26753727847530906       0.89542820641034160       0.45452757621320544       0.42758787468497111       0.42375408981327645       0.25002530415667357     
  0.38963447032377246       0.33411804342718648       0.43121827115186973       0.40151112800882388       0.38731540288202865       0.35622821505079200       0.35615220030718642       0.49286654914976508       0.36221743468759710       0.40725377215148933       0.40286126461332655       0.36503486295175991       0.37079013688334389     
  0.34098137526023453       0.70656421679195802       0.21605837817164095       0.26817443814363062       0.36157609484443348       0.28148084599904705       0.60896139117318837       0.28344496016116399       0.89982033465625400       0.46344325609948445       0.44187865053439346       0.43853354932601668       0.26398896611693290     
  0.36915055689455856       0.34817408248180087       0.45892117241501224       0.32942244643549212       0.56709841209801148       0.33801920565833904       0.37778139540496719       0.39658547816717582       0.37108411456901652       0.37999293498853931       0.35504957143817972       0.37174069854850988       0.34967451630500129     
  0.34961018015466938       0.71710480055693682       0.22664455350473797       0.28214858786005192       0.37772445375424890       0.29381435353560481       0.62138960345033345       0.29912709931393827       0.90419206413089614       0.47207816179211437       0.45679892648837783       0.45328406619216471       0.27815140085565387     
  0.38253574503153637       0.36070475679402852       0.40590146757775969       0.37512277269681044       0.35899023338659886       0.34080767387398875       0.34868320998394448       0.38579080052782500       0.40279838821558483       0.44320842018622264       0.34687869628077295       0.35426716281832910       0.37112734223289773     
  0.35758656365253255       0.72727885179062346       0.23693662003291793       0.29643406804817479       0.39366535272125380       0.30545264337706673       0.63204478792175223       0.31490907811172864       0.90846631253560117       0.48064562341519229       0.47170910222431334       0.46699783945342466       0.29209207643133250     
  0.34964737005476448       0.31672435756148526       0.36997880200540439       0.35601047516940471       0.38343892344858505       0.42818658836510376       0.32851003115360000       0.33900967977312652       0.38704758946569651       0.40896705485148255       0.35886664278840574       0.40071602112077104       0.34800479245523863     
  0.36553130495254416       0.73718728587989801       0.24755175396135992       0.31202590945178610       0.40887658244885955       0.31731390531783654       0.64114753690410076       0.32950317224611525       0.91221525701544526       0.48882954539601231       0.48659563754770641       0.48011017533229988       0.30575730228546927     
  0.34033508022530490       0.33900590926892843       0.43004558271853693       0.34875348415084884       0.35422189503643453       0.35088365109276187       0.37125788529599935       0.42126505436909772       0.39933619087290828       0.33436373002937164       0.32591330740436486       0.34128021985131862       0.33425148054834303     
  0.37346981980446692       0.74675589285035648       0.25886573254941414       0.32850612958241487       0.42441445388305621       0.33026925024129539       0.64946943430341542       0.34479468554665438       0.91587336786310014       0.49696458513082337       0.49975645624472520       0.49333078740257036       0.31983692531725749     
  0.35232571131994078       0.37568226267954213       0.42568560326162480       0.39742845178502195       0.41014886766816577       0.39104170295785007       0.32038853085127333       0.35558890407995397       0.35567949701289914       0.32851535420878425       0.34619974221417588       0.32855163634793938       0.40240068120309663     
  0.38242431861321791       0.75588471946915547       0.27030414128630237       0.34479633726066011       0.43953798946820949       0.34429716325657067       0.65919397051355433       0.36064268440276703       0.91943966066976579       0.50391940049848793       0.51259978262566042       0.50598002590325142       0.33470659731917690     
  0.36688779265461646       0.35542763538235339       0.42474655192416327       0.42177224346154163       0.33163857272203262       0.35755242632807038       0.39056968690183386       0.44214004926432243       0.38986815104158973       0.39559792397300048       0.32790482794693115       0.35345938117059045       0.35900293112284248     
  0.39235175011385154       0.76545466315662758       0.28080674675135608       0.36010293004839194       0.45397234026747907       0.36013612576159998       0.67248092583641195       0.37641682146380401       0.92313026604536508       0.51076599801642841       0.52620169344489554       0.51744288255064008       0.34986435606245531     
  0.42046576132335706       0.38103238554741498       0.36256831118203092       0.34449251690509769       0.40322033611799313       0.40036113994070816       0.49506682318701362       0.34332522755003347       0.40902038102290972       0.35193913528383064       0.34167236765999892       0.31329745608722520       0.38524018440685609     
  0.40292990193465134       0.77424705224960233       0.29063898645658215       0.37490008417488957       0.46939507065481484       0.37567758588762323       0.68598999135762606       0.39170465056245746       0.92618080537656355       0.51822537454023154       0.53970623890411340       0.52822910592013894       0.36542019933535891     
  0.43531042696593264       0.38491979187804398       0.36400315228638469       0.35903227951002359       0.37072507162360752       0.37237337928466513       0.49918925284620003       0.34995299010186698       0.37493515568366209       0.39918825064090674       0.35488831179727182       0.36159751656497580       0.45438626500788887     
  0.41357864825274671       0.78243281799914810       0.30045430893537922       0.38947990374459956       0.48537586582986186       0.38993474607907447       0.69896533913821002       0.40623511688254899       0.92904658808731033       0.52570287562592055       0.55314061140052329       0.53876113240267354       0.38102364387541321     
  0.35476621757051674       0.33657878107902767       0.34953107206944634       0.36683500856759793       0.42253714430221567       0.37294862622618280       0.42744086954103772       0.41914776960395100       0.38326280644106420       0.36334393403567400       0.37864879949416608       0.35461345331786770       0.37375638026304819     
  0.42425044590239241       0.79168233261587240       0.31076560192702224       0.40488998564636269       0.50122836984452135       0.40412563101787335       0.71048434997207155       0.42032791531310604       0.93130812405662522       0.53329843102754271       0.56745231337425517       0.55096746217703652       0.39787446521373299     
  0.41063004598308905       0.43333210764701380       0.37646539757769565       0.38654833488508061       0.40602641862900835       0.35927483569343188       0.37323934855493968       0.36452052433465432       0.32366194287045114       0.50577844708848629       0.36924801827655440       0.34570070112161838       0.40520462620671649     
  0.43463579045859535       0.80127435346630205       0.32175842417370515       0.42164129352998159       0.51722777197599756       0.41763697320398940       0.72026193304941599       0.43520364395679850       0.93354794361132809       0.54044379358960715       0.58245209092030514       0.56342856223739768       0.41489544061165995     
  0.41430574250141594       0.36562519002144750       0.34496555627185416       0.38239449046838137       0.37155384399322344       0.38925276094133066       0.34861059622774654       0.36181286325052170       0.35908142174598717       0.36765574964305170       0.42616264734535331       0.33766553346960476       0.34476670008892796     
  0.44434670601055387       0.81022959302326314       0.33320308514637020       0.43839951987173703       0.53277812742578190       0.43228885645027754       0.72959518318581518       0.45112449177513209       0.93619659447298764       0.54674457050926928       0.59603267896800349       0.57657057783181132       0.43135618790510577     
  0.43472831800890882       0.34708562309872187       0.41262046028909483       0.41231638852892155       0.41203071192556601       0.39452856332416442       0.35265858979647452       0.40981133595188751       0.31676995012252812       0.36356940279862637       0.37060784122459445       0.35892779107176415       0.38622246615220862     
  0.45340147806734610       0.81861515257333106       0.34417788730651722       0.45504459405241743       0.54847300114157271       0.44771565103717281       0.73907504326366980       0.46768951261350938       0.93857515620543519       0.55276770083315396       0.60886043446060145       0.59004056502241753       0.44779068776879616     
  0.36641329008537338       0.42769978498987588       0.35742521077220774       0.39813060288149871       0.38599831703221316       0.35945534639567961       0.35711335750647716       0.38987336278481660       0.35161739907775630       0.32509080561509768       0.38832122558240317       0.38289293195220453       0.41588622888193683     
  0.46234660428047791       0.82660602474481815       0.35607427167338163       0.47141740991741549       0.56310473936945671       0.46252895531638016       0.74888417842714061       0.48417866204668630       0.94129563281725226       0.55979671205028070       0.62169125131994241       0.60277603062853824       0.46391681637482468     
  0.37745209710200078       0.40456411604488574       0.32143348520344306       0.41099989627207306       0.37264536575447427       0.37408357160483896       0.35869346056673929       0.41736742268958876       0.33219037736915952       0.36930117660201051       0.39009263430019164       0.38854892897464494       0.36205157070799221     
  0.47199870363812346       0.83381703827661580       0.36818894299126070       0.48800166795081112       0.57703622133596455       0.48155495232916173       0.75920370794258374       0.50001826457278220       0.94384519832053093       0.56730490852086857       0.63498356892004615       0.61570068589566607       0.47963935433694516     
  0.39555169361729126       0.32235727024000288       0.32673567616390153       0.41425391560585473       0.38530852801941423       0.44773041130766661       0.36201355182784234       0.43596471721971841       0.36624730100658753       0.43833873963240511       0.36647094038339301       0.39420787307699567       0.42484469887790172     
  0.48208242710773636       0.84120388095102816       0.37987331240430056       0.50549599879336393       0.59286512871667840       0.49876375487972380       0.76885022909254419       0.51654324161794063       0.94630660031883507       0.57406843821773779       0.64946338503565060       0.62989235846859304       0.49594470069283242     
  0.34726094515968775       0.45410590888062924       0.44227596657922935       0.45157907581393453       0.34786827779636481       0.43993319884994431       0.40750430878704907       0.44978100970303719       0.37097085562307225       0.38450611519829186       0.38792825917694851       0.40648106979198584       0.42064215258060850     
  0.48971276791566037       0.84847622382567300       0.39195519737285284       0.52372859580281639       0.60890199639760156       0.51567282110037738       0.77839307009283376       0.53315484714403338       0.94876760699763774       0.58040145631832063       0.66428703237511499       0.64382199872245316       0.51373459895616658     
  0.33826681781602247       0.45267582673688156       0.32773361718567651       0.35803775414446992       0.39143742575361778       0.37727145154814923       0.38776321884992787       0.39313295378857149       0.42652880294531764       0.42003324811421516       0.40523187427004215       0.41612089327469898       0.35138630348029937     
  0.49724305504736294       0.85558430444836719       0.40413648295087451       0.54256636741732100       0.62515180843918750       0.53199584438495939       0.78791547772412485       0.55092874141238279       0.95120703705197973       0.58652992139036531       0.67902044279027085       0.65684553855214323       0.53286096911479930     
  0.34678592231581140       0.40123004902743542       0.34651535879045192       0.39828811229327099       0.40335952612719661       0.35249811406534876       0.51606145095783917       0.34436601634576797       0.30934351427891893       0.33161113038637430       0.41927023366200239       0.44973467674305762       0.38315498466320247     
  0.50451408510384443       0.86256476205173960       0.41854901955196178       0.56074751332688344       0.64177091258227159       0.54766683127934634       0.79694149600129938       0.56802643268398068       0.95359967589466188       0.59215821435622307       0.69014381633203647       0.66876484964730265       0.55180383790468224     
  0.32819356760474844       0.43128338577756042       0.35748064449694450       0.39743079057684255       0.41655961904825228       0.38994225593660675       0.40415686148072594       0.40985919895841694       0.37687219112709441       0.38565285625244417       0.34352249495669740       0.39335548742474336       0.43049801713156721     
  0.51396430160924889       0.86944902196448104       0.43237669143715723       0.57761640297810435       0.65792123676854108       0.56259207751183327       0.80560610165017621       0.58383293937315206       0.95591437594170636       0.59765780895218357       0.69881719862612834       0.68062837179073310       0.56855498970999507     
  0.34617414599268970       0.42669077221279600       0.40290860618273500       0.35795123950601687       0.44409743191282980       0.35517451650035881       0.36398824493454107       0.38438994772650009       0.47116830232439444       0.33365487828720103       0.36006975046378614       0.35927901246410254       0.36537403385475226     
  0.52678230896323452       0.87619991927645025       0.44886823038828716       0.59496064876481647       0.67337907368240302       0.57709295151602424       0.81397330356406483       0.59908687537164784       0.95808148954748518       0.60390078999768892       0.70552012758136673       0.69332050602765949       0.58624653362736012     
  0.41769351003713795       0.37022213063418208       0.32642646370099798       0.38972432396062640       0.43913668267919431       0.33683842651375484       0.34061175300119589       0.39298496176585385       0.40853908280303652       0.34598327706161186       0.31129868871764677       0.37092665235886679       0.43556071415381464     
  0.53829436325541336       0.88275630768702973       0.46554434970768677       0.61104516955780808       0.68841131524496657       0.59263787764337084       0.82197291205441703       0.61458489233464875       0.96009440979431970       0.61120880326227023       0.71519405976293393       0.70663761430008776       0.60438219627031498     
  0.34770388250942574       0.43145609803828516       0.45366584233632540       0.35612659514564449       0.37841296094721577       0.34652219340215007       0.39150732794484805       0.37309152599555478       0.42445017627090303       0.39698752952526850       0.37624546593588531       0.41731397379397317       0.40376407002382458     
  0.55050367954296398       0.88935876250040014       0.48364346340896702       0.62581154560799146       0.70302547971197515       0.60903104210396086       0.82971196253010582       0.63128550904197245       0.96204870217171745       0.61903682789490122       0.72505664566270189       0.72089084654932545       0.62336235674388396     
  0.40181127461300264       0.44709269467185347       0.42398826966245828       0.44586979601137811       0.33510328894914082       0.38174216296214786       0.38289001163933545       0.38142951227126248       0.38608445665124180       0.42225544014412658       0.43118558071593838       0.38619906484218425       0.42341776931181208     
  0.56247634243234934       0.89603617239173172       0.50181616911140203       0.64113638731309874       0.71850739830286092       0.62592005688427144       0.83711906180348195       0.64936861065359874       0.96394069094761048       0.62672070828633675       0.73602711292763934       0.73566192093882954       0.64110038470614805     
  0.37982955834090115       0.51591878832441740       0.35854116298847610       0.35707119779365426       0.39495148211392084       0.48354470723400939       0.38546955261618726       0.38319011404466991       0.43876506225885931       0.40100840879501826       0.37096682139058840       0.38926775328976432       0.37388870694733473     
  0.57506779388968277       0.90091593471108178       0.52138986042282509       0.65701939792837216       0.73409561760747521       0.64359937615217755       0.84461354305618930       0.66649114975580226       0.96572864160651783       0.63415626073719522       0.74611692571177479       0.75065112381886634       0.65747062870634088     
  0.42197420826565796       0.41592244954298213       0.40123638927214772       0.39172657581482878       0.46049919089933411       0.39567087687368774       0.40771339005309171       0.37603046576528787       0.40389203354783010       0.41021523583106323       0.38582299379359752       0.41165801907173127       0.36012331279029919     
  0.58877080534805581       0.90483867511302074       0.54125154234659079       0.67491100338187149       0.74812249120883134       0.66208962216978218       0.85291957699140275       0.68000339051015135       0.96742068386117075       0.64164999568202807       0.75755631193062978       0.76568504471098697       0.67397496593774442     
  0.36019508520167703       0.35370026264957816       0.37162173220805284       0.37656842932629692       0.43067402416791850       0.35886734519531077       0.46674897459019637       0.32649048473505710       0.33847616965150035       0.41879330891736005       0.45264417263099582       0.46130522149304071       0.46260309592705029     
  0.60277564485037860       0.90901747918372588       0.55950007261860046       0.69393443184481707       0.76148869183536860       0.68079141210034932       0.86127338220550342       0.69202633609961162       0.96930572140001192       0.64893439958255850       0.76969929147770599       0.78019699952048949       0.69155081723654743     
  0.42317042803168003       0.33783586222712547       0.35684873540111040       0.40546490786244088       0.35582467461626444       0.38416504087613818       0.43094819275022417       0.38169374364591602       0.46550578374101154       0.44936467475132119       0.39351411544092757       0.42815208227786772       0.34391422109063813     
  0.61439764869913660       0.91275365789065788       0.57834795427122099       0.71153869814423465       0.77458467914931839       0.69912076764908770       0.86902249844785895       0.70394581831888570       0.97124036177429840       0.65607009059755483       0.78172891683920975       0.79349044989375850       0.71010438459385183     
  0.44980535496151697       0.38006786836031847       0.34621006160587237       0.38698135061721511       0.36257798787050194       0.37308927666253033       0.36145432202143540       0.33537976562883970       0.37848103478394501       0.35725243560767467       0.41696291142128106       0.40906614928029572       0.35680336253781997     
  0.62510240451409682       0.91762922369171906       0.59781228995639735       0.72829618422325115       0.78845466806267483       0.71750362565072945       0.87635204398836608       0.71843453610987729       0.97318198696335734       0.66401193453442742       0.79370901958402851       0.80544790982874281       0.72726658608870764     
  0.40408371860673475       0.44962888309889931       0.41291316342588330       0.43855559594363847       0.35088588119431902       0.38171595326354529       0.42251358262493993       0.42710164336059581       0.44397298950636566       0.38347798821764950       0.41795048557211051       0.39533560150594754       0.43013020251281359     
  0.63642650034465276       0.92257659023009220       0.61717712675439373       0.74521326573773472       0.80302976943798077       0.73456858569863681       0.88326860172468835       0.73416916816393918       0.97501826652409307       0.67164087045712373       0.80536156407531101       0.81638715498075887       0.74308649466130872     
  0.36002421441595361       0.47302337927611077       0.32276384853066786       0.37520611593566128       0.39557271778155301       0.37594396109718964       0.40134735348062989       0.39699983125311283       0.51726334561619969       0.41793754791990873       0.37080752224553531       0.34499670115641445       0.38772885351778996     
  0.64834173914270066       0.92758086550291985       0.63515943036325251       0.76226523545081637       0.81636693646805580       0.74924784634181041       0.88935104780463814       0.75160787956393216       0.97660064589195950       0.67907359042489956       0.81836829662396071       0.82587677936867043       0.75827194047806279     
  0.32993059353936460       0.50164893045085002       0.34727170462557666       0.43120015866534067       0.38924593643164374       0.36852947915302114       0.34602314036237375       0.40577676495198595       0.45220994325471991       0.38816421314737692       0.53251549586416547       0.35193525123531205       0.37955718349252271     
  0.66044066407868973       0.93271007149001384       0.66074399695939978       0.77852820393736133       0.82633924451971286       0.76633168267035379       0.89534396550076556       0.76898598155596387       0.97820227706807217       0.68645696142180879       0.83248779879146184       0.83616165674503307       0.77346068025766668     
  0.31536435620572556       0.46207905812474609       0.36557534228604754       0.41213044727604137       0.34917199820943895       0.40673484253504666       0.37477156559668351       0.40583568720798718       0.42875553519373943       0.37813614263013196       0.38921415844922769       0.30728851646076322       0.39140363834083314     
  0.67131437266063620       0.93786541379127042       0.68551450199957920       0.79382630167234913       0.83607216067856671       0.78596892075392077       0.90165226003662224       0.78561441033844803       0.97978247711443811       0.69367007098879907       0.84566372079144048       0.84669937564839937       0.78905256729626694     
  0.34827362265111111       0.45988374286248562       0.33232338496065567       0.38807753633746045       0.36930512464971044       0.40044828733305149       0.41278250069501932       0.42265291737495703       0.49873709822817874       0.37739713244382944       0.40707482695802638       0.41794441386291992       0.39557571199917152     
  0.68479741398938676       0.94285563393908056       0.71496161178797801       0.80923052502235859       0.84628980181564495       0.80517094631139108       0.90833030416240657       0.80143070696413321       0.98136919278869095       0.70064580457235692       0.85867675579919012       0.85687048146911204       0.80558312260116816     
  0.36988974446112055       0.47007994766238437       0.35510693070242921       0.37812958198384838       0.38793436006642595       0.39910318576191961       0.40070125856916461       0.38506080435237705       0.38167334857789414       0.35565112849256553       0.41335033640488689       0.36744504185232518       0.35236379635488851     
  0.69937881508600297       0.94739210489200920       0.74196358542871366       0.82545463458579960       0.85918117613109657       0.82068550133199347       0.91555378820437883       0.81633509754098543       0.98294881931785161       0.70795084471079972       0.87181935971467850       0.86827641977944048       0.82328858828405327     
  0.44721170482206973       0.43953251288386319       0.38660114819351499       0.39729029128193266       0.36222600864653215       0.36675539360081388       0.48953531743734408       0.40444502433047441       0.40126066276289069       0.38838425207611454       0.40383752526303007       0.43825413534823759       0.42176009084384253     
  0.71466155662711994       0.95155891785790137       0.76200020575104122       0.84182080305202245       0.87258889836022613       0.83544519288739016       0.92292214579564946       0.83158316971971491       0.98449167777939850       0.71600328798682611       0.88512828731569781       0.88137490901701554       0.84071358493883230     
  0.36318562948775929       0.40423541566193399       0.37693352565076504       0.43582920420200710       0.41300821576325070       0.47257791274715300       0.40672133510379221       0.45178433645003180       0.40310629174443752       0.41244021246213480       0.46788583323102423       0.37915822835416590       0.42226750500290167     
  0.73024746829014697       0.95561754641522401       0.78310397322018233       0.85804785795143945       0.88705426767795614       0.85006991910493201       0.93029010637086829       0.84695750141987169       0.98595313177877453       0.72455533800657301       0.89673308091861093       0.89415249549032527       0.85755384698601178     
  0.43917559754045193       0.35253078328513832       0.34624227387222689       0.36059420949863186       0.32662372102160298       0.37617153706346540       0.40887822471130492       0.39778689489405999       0.39856361453814237       0.45322476734196038       0.39421893614404457       0.45463626395267653       0.40892145681548447     
  0.74582093501865210       0.95942635750412542       0.80207531779596508       0.87651231112317651       0.90118943237935889       0.86391206746540838       0.93773550399313388       0.86252133325343516       0.98727384651717565       0.73340912197530761       0.90701637508147281       0.90694151450717853       0.87529061992823387     
  0.38687044393084974       0.44534182798416788       0.32559208325219841       0.40096940111395102       0.39559112075112562       0.36796135880470093       0.40353817743305304       0.34499410740069142       0.47077673448062018       0.37188133745409679       0.42695639100358668       0.42398857598420225       0.40773837165079646     
  0.76240042948172881       0.96314382994357162       0.82489289191686954       0.89145156832142558       0.91448664693497950       0.87944754610590370       0.94527253740591299       0.87861746247071237       0.98854674340261239       0.74241747929979240       0.91774606002449666       0.92009529325156092       0.89500593103950676     
  0.36172025572970579       0.35123766692330044       0.32078807231736417       0.35166464977519180       0.39712851321073034       0.42000165636169845       0.43769271066594395       0.42942614280013275       0.47447063825851116       0.37427205185750040       0.32547439061433292       0.42178052035517360       0.37006290499639577     
  0.77978539201516039       0.96687421936895168       0.84908124064799206       0.90621373918966575       0.92767525702515785       0.89606511479026374       0.95236583030051503       0.89457858491412945       0.98973081936636775       0.75300438314332085       0.92825854896155657       0.93293614252285928       0.91372604937277457     
  0.36184851551220587       0.48291472329886448       0.33623763958496722       0.36654963565624138       0.38095119251132964       0.34315841279311837       0.37217576695653182       0.35889978839169895       0.32759804530301018       0.45477902281448079       0.37385975990163639       0.45600237141004740       0.42461734071902951     
  0.79787345842410839       0.97101206270744278       0.87382611826304601       0.91640783897972633       0.94094953084459854       0.91467479961552300       0.95964500955585619       0.91233534743308231       0.99085264803084161       0.76804725043984445       0.93911323074606134       0.94566702741187580       0.93051399589090944     
  0.35819929187126559       0.40735920179553203       0.33839223003618368       0.36642809236922663       0.42663630278343379       0.48715511453281091       0.48935188061061619       0.41841740840416314       0.44187365451995075       0.50371147128797300       0.39359389453586546       0.45360524095703647       0.39951429195141391     
  0.81964360435829420       0.97556583393177798       0.89914564637961947       0.92826900781231481       0.95342694226595681       0.93198760280484638       0.96669509204741211       0.93059860745073597       0.99191669108050118       0.78178118263054552       0.95138855404786682       0.95746752339061802       0.94750971371910209     
  0.33755288916385351       0.38576276110855917       0.35029049361408826       0.34880991220295976       0.32921823539444772       0.46175392593493025       0.40258911415632015       0.32944255251183896       0.45790043882718451       0.48819424270539241       0.43214407883422562       0.42903379321933005       0.34533699894717307     
  0.84236121620299476       0.98029158025520857       0.92313658382895147       0.94431092110651582       0.96503084463462785       0.94906716897694965       0.97438663212004362       0.94733814496352253       0.99301262958774550       0.80317767885334246       0.96331496322872545       0.96843122345373589       0.96202571936217340     
  0.37244241619366164       0.44449593835324630       0.37711680671775100       0.44260498066759690       0.42376639952560258       0.38938355434363797       0.51456811200723651       0.44872980893273223       0.38651960640763616       0.44497490738343842       0.39533501187551617       0.50143146661253002       0.40662258890468994     
  0.87802254442179095       0.98569922068587401       0.95231390857995513       0.96203576467018337       0.97650057178772975       0.96626262821530107       0.98275648865189436       0.96419756515406796       0.99511139985751806       0.83117295962033999       0.97537954994316578       0.97895391899685646       0.97388610414362142     
  0.36481025896395797       0.49423985865315229       0.38496523231948954       0.39598533664812263       0.37197737732415981       0.34826912493861734       0.40230434878509724       0.35171765654706261       0.56633615516853320       0.43459689462359902       0.40159098065152798       0.46844758919701152       0.37754552212131015     
  0.92757494408853314       0.99276887559880300       0.97705530094186832       0.98135814231347840       0.98847431847831901       0.98311988395481165       0.99142212562324339       0.98217588346160112       0.99746537209292430       0.88135971037908378       0.98745218690394465       0.98928066066380183       0.98678528560487777     
  0.32734098787991678       0.52285412735812864       0.38416144842590944       0.43386215745945866       0.42227293816033490       0.45050856609356971       0.43075135072503901       0.36298476779898192       0.49064524272090626       0.50148291395161992       0.36892842604868570       0.40375309915379037       0.36250459178163552     
   1.0000000000000000        1.0000000000000000        1.0000000000000000        1.0000000000000000        1.0000000000000000        1.0000000000000000        1.0000000000000000        1.0000000000000000        1.0000000000000000        1.0000000000000000        1.0000000000000000        1.0000000000000000        1.0000000000000000     
  0.37001892014534499       0.32957170507400346       0.39090167918351748       0.37577151278291526       0.41193086082187713       0.42725468985890885       0.43318341334065175       0.42921427120771311       0.43400617670560848       0.32628504484101956       0.41337996555514378       0.48182407979156600       0.33965285670976691     
   4.1839549665845279        6.5349167283879632        9.6773461103513423        12.273584495594323        4.6034811487984166        8.1206855264203579        8.3105538506508942        6.5274826545309077        0.0000000000000000        2.1246741750566347        8.3531739373417135        7.8012297490540883        7.7241120861197103     
   7.0729923198647082        6.6385272342264550        12.151542662906543        9.7749212492685373        5.0266444013970357        8.9228482755635881        6.5575566734020869        10.489903773887260        0.0000000000000000        5.2916290781220026        9.3721482805873997        8.4091394636091437        7.0063145878279984     
   12.130361990661205        5.8698705780797615        10.138254283090149        6.2460431268224887        5.2650903759525258        11.328957148069307        6.7667554408330721        5.7974300172075424        7.2670959624077627        12.021577347502440        10.167688921501540        7.6929243289040405        13.197051443812082     
   6.6962578570398419        13.580388560568093        9.5318189481257392        6.5241899072112961        6.5401533329496537        7.1805850254899743        6.0510099635050940        9.2059793466985180        9.2214832228375112        12.040192365072613        7.3902081426675048        9.2353368838025336        10.931951548844498     
   11.812167697306856        6.8045531484728521        6.9458634552574372        7.5513888959288602        7.4405985067460643        6.1354426240641375        5.5820724657617040        11.057904721450033        9.3778047293109168        6.7493722327592014        8.0141122486679830        15.815797486196127        7.6884424903404858     
   10.127260945223119        9.1847817901995974        5.7924859966332187        8.0024164828703590        12.637734874730198        6.1965471722053680        5.0816277310164368        12.402850425121439        11.655318640652656        7.4523414435318927        10.161341516897931        6.6199129506817052        10.135148827806669     
   5.9633596710079617        8.6343935146682789        11.087454825289676        8.1975582105506959        12.820272248680704        12.588831440974815        10.128927849504102        10.515928967777212        9.5098783515016496        9.6896156219428189        7.0945958290427882        8.9554334460075466        6.5731378830040272     
   8.1697650277753642        9.9087241129742978        6.9191393796612610        10.683650491285348        11.895017659886896        9.7996009158674919        15.741432692367376        8.1559995910368208        10.071228337612778        2.0699146507142454        10.478375472691067        7.0053612008685571        7.4584093310343622     
   2.1218838113146653E-007
           1           1           1           1           1           1           1           1           1           1           1           1           1
   1.1778204306304061E-007   1.0382415997834263E-007   1.9858743293850100E-010   7.4932018024175617        1.9220216172506457E-009   4.9943420455773216E-012
   1.9061435791164876E-009   2.3778928085171752E-009   2.4870231226544026E-010  0.24823920433581370        2.4856533151665088E-010   6.4344991539889475E-013
   5.0000000000000001E-003   8.9285033698386691     
